Exterior:
12.97760521331088, -81.47713457504206
22.753229900979704, -81.767939206916
22.753229900979704, -74.66046066622057
22.753229900979704, -73.17188923843136
22.753229900979704, -68.87198073333171
22.753229900979704, -61.474598662217126
22.753229900979704, -59.48449225213327
3.6082316345371055, -58.98069379101756
-3.1121255883103913, -58.80384835181201
-3.1121255883103913, -60.12539207429995
-3.1121255883103913, -68.26263655353809
-3.1121255883103913, -71.33918209493031
-3.1121255883103913, -72.40424145230438
-3.1121255883103913, -81.13702266960607
1.8094582271255604, -81.24706523293419
9.820791930148062, -81.39379297100226
12.97760521331088, -81.47713457504206
Holes:
Exterior:
-32.36794436616674, 10.733442390142526
-38.69868051086587, 10.733442390142528
-49.82243744496304, 10.733442390142526
-49.82243744496304, 3.1862086764606645
-49.82243744496304, -11.666612541498099
-32.36794436616674, -11.666612541498099
-30.01965314116569, -11.666612541498099
-25.57052980397225, -11.666612541498099
-21.511368473488346, -11.666612541498099
-19.567690988780214, -11.666612541498099
-19.567690988780214, -9.056852857832657
-19.567690988780214, 10.733442390142526
-25.57052980397225, 10.733442390142526
-30.01965314116569, 10.733442390142526
-32.36794436616674, 10.733442390142526
Holes:
Exterior:
-32.36794436616674, 46.517297983977315
-38.76056529299967, 48.22705263276152
-49.82228673219629, 51.18562855561248
-49.82231728937518, 41.77863556403626
-49.82231728937518, 36.66938548524121
-39.62384951027843, 33.941679084478466
-46.033927206487306, 32.06174414798653
-49.82231728937518, 30.95070533954934
-49.82228673219629, 25.871909527196017
-49.82243744496304, 16.11122107116137
-32.36794436616674, 21.230302030993524
-25.57052980397225, 23.223857845941573
-21.511368473488346, 24.41433525286062
-19.567690988780214, 24.98438006058554
-19.567690921936446, 28.577477138158184
-19.567692743428097, 39.82384193357626
-19.56769308258322, 41.53833010918184
-19.56769308258322, 43.09372789026662
-25.271114825825407, 44.61916714488356
-32.36794436616674, 46.517297983977315
Holes:
Exterior:
-32.36794436616674, -67.54830055367631
-30.01965314116569, -67.60527617156701
-25.57052980397225, -67.706453612543
-22.028163748789666, -67.79117096303766
-19.56770072474137, -67.84775563960557
-19.56770072474137, -59.706180536064224
-19.567690988780214, -58.37862517301309
-25.57052980397225, -58.223854557493475
-32.36794436616674, -58.050435134187204
-38.76056529299967, -57.89401186610285
-49.82228673219629, -57.61486145731811
-49.82228673219629, -60.851226081553044
-49.82224899539233, -67.15203239450545
-32.36794436616674, -67.54830055367631
Holes:
Exterior:
-32.36794436616674, -22.163493566518074
-38.69868051086587, -20.3068261100862
-49.82243744496304, -17.04441692817885
-49.822398269069254, -26.580206217693462
-49.82231728937518, -31.883924931795946
-39.62384951027843, -34.87492552977935
-46.033927206487306, -36.58936698318766
-49.82231728937518, -37.60260507748779
-49.82228673219652, -42.57081688660676
-49.82228673219652, -52.1188488889851
-32.36794436616674, -47.450523045109215
-25.271114825825407, -45.552371290664574
-21.342252817552435, -44.50151905603933
-19.56769308258322, -44.02689804162219
-19.567692743428097, -40.757029270573376
-19.567690921936446, -29.510665762735947
-19.567690988780214, -27.646442003386603
-19.567690988780214, -25.917550211941116
-25.57052980397225, -24.157027997297146
-32.36794436616674, -22.163493566518074
Holes:
Exterior:
-32.36794436616674, 57.1172100730553
-32.367979388691765, 57.117690481484146
-25.57052980397225, 57.290608112192594
-21.49131801131739, 57.39684715194296
-19.567690988780214, 57.445387616478925
-19.56770072474137, 58.77294468710846
-19.56770072474137, 66.91451979064978
-25.57052980397225, 66.77324294629497
-30.01965314116569, 66.67209202351616
-32.36794436616674, 66.61513040232072
-37.285279168219176, 66.50701042193634
-49.822248995391874, 66.21880180553278
-49.822248995391874, 64.25353677201646
-49.82228673219652, 56.681641123945596
-38.76056529299967, 56.960806915460736
-32.36794436616674, 57.1172100730553
Holes:
Exterior:
22.753229900979704, 10.733442390142525
6.09648369557317, 10.733442390142525
-3.1121255883103913, 10.733442390142525
-3.1121255883103913, 0.9696519205148548
-3.1121255883103913, -11.6666125414981
15.69851702878509, -11.6666125414981
22.753229900979704, -11.6666125414981
22.753229900979704, -6.927528429847364
22.753229900979704, 10.733442390142525
Holes:
Exterior:
22.753229900979704, 63.98917683671635
22.753229900979704, 67.93881058197611
22.753229900979704, 72.23871908707576
22.753229900979704, 73.72725651825608
22.753229900979704, 80.83473429670133
16.82888245060576, 80.67818016754289
9.82033405231573, 80.46065028252053
7.128778015905937, 80.39885053459
-3.1121255883103913, 80.20382725742736
-3.1121255883103913, 71.47104697668341
-3.1121255883103913, 70.40601194357471
-3.1121255883103913, 67.32946640218249
-3.1121255883103913, 62.036663297763724
-3.1121255883103913, 57.870601906511126
12.192953572571923, 58.27335333125385
22.753229900979704, 58.55124580683239
22.753229900979704, 63.98917683671635
Holes:
Exterior:
22.753229900979704, -53.16897947905339
22.753229900979704, -44.275426315817064
22.753229900979704, -38.32966364218063
18.451662231572982, -37.06809394495179
12.727224708471795, -35.38922301513091
22.753229900979704, -32.70763040893908
22.753229900979704, -28.47941643361548
22.753229900979704, -18.19139246054284
11.973749814510938, -21.074504371959616
-3.1121255883103913, -25.10941762557933
-3.1121255883103913, -27.52792700266148
-3.1121255883103913, -30.74372999762383
-3.1121255883103913, -35.23361707678475
-3.1121255883103913, -39.62565010206812
-3.1121255883103913, -45.58314541596474
4.9040351032058425, -47.934138227723096
22.753229900979704, -53.16897947905339
Holes:
Exterior:
22.753229900979704, 31.77446025758351
18.451662231572982, 32.924973531398145
12.727224708471795, 34.45605286377534
22.753229900979704, 37.39649349082506
22.753229900979704, 41.813567886445945
22.753229900979704, 52.235763041504114
11.780082991071595, 49.01755436005992
-3.1121255883103913, 44.64996178798114
-3.1121255883103913, 42.06053988029104
-3.1121255883103913, 38.69247995071255
-3.1121255883103913, 34.30042384191957
-3.1121255883103913, 29.810559846268248
-3.1121255883103913, 24.176247474223747
4.433406830440617, 22.158096856571024
22.753229900979704, 17.258222309187264
22.753229900979704, 25.902535500801477
22.753229900979704, 31.77446025758351
Holes:
Exterior:
-81.17203566613694, -79.26848092402989
-78.09915789564798, -79.3227894756388
-76.4209506159525, -79.35983626935118
-71.90331938442773, -79.45957906284865
-70.50783634748177, -79.49039990462688
-55.99665068747845, -79.83032334466692
-55.99665068747845, -69.8414185322552
-55.99665068747845, -64.93409467601526
-55.99665068747845, -57.466014223108544
-60.59006131291585, -57.34231206486795
-67.1965258308353, -57.176267086149764
-69.15414870243626, -57.132837813798055
-72.56260039802783, -57.05679391645818
-73.00516827020692, -57.04699273766205
-78.40553895649327, -56.92025894196926
-79.45160556136466, -56.90013608491092
-81.191713976463, -56.865772701275795
-81.15950030123736, -76.56605313057977
-81.17076339365258, -78.2286348888077
-81.17203566613694, -79.26848092402989
Holes:
Exterior:
-81.17203566613694, 10.733442390142528
-81.16174942778571, 9.720298065597163
-81.20685007066345, -0.4667376635684093
-81.16174942778571, -10.65349582250097
-81.17203566613694, -11.666612541498097
-80.81697936200771, -11.666612541498097
-80.40959547577836, -11.666612541498097
-79.25749755304605, -11.666612541498097
-78.17111272474767, -11.666612541498097
-68.65972879664628, -11.666612541498097
-66.82817373118974, -11.666612541498097
-66.8049155258725, -11.666612541498097
-66.73292130150071, -11.666612541498097
-66.58934664437083, -11.666612541498097
-66.40308765756527, -11.666612541498097
-55.989006402376845, -11.666612541498099
-55.989006402376845, -6.86233127186269
-55.989006402376845, 10.733442390142526
-66.40308765756527, 10.733442390142528
-66.73292130150071, 10.733442390142528
-66.8049155258725, 10.733442390142528
-66.82817373118974, 10.733442390142528
-68.65972879664628, 10.733442390142528
-76.64292567545976, 10.733442390142528
-78.17111272474767, 10.733442390142528
-79.25749755304605, 10.733442390142528
-80.40959547577836, 10.733442390142528
-80.81697936200771, 10.733442390142528
-81.17203566613694, 10.733442390142528
Holes:
Exterior:
-81.17203566613694, 78.33530753466925
-81.15950030123736, 75.63288297922416
-81.191713976463, 55.93253441684234
-79.45160556136466, 55.96690795184869
-78.40553895649327, 55.98704181002035
-77.03999552862274, 56.02376503453518
-73.00516827020692, 56.113746292361185
-72.56260039802783, 56.12357824193711
-69.15414870243626, 56.19960415485033
-67.1965258308353, 56.2430206408489
-66.30758971127625, 56.266866702839344
-55.99665068747845, 56.53278459309791
-55.99665068747845, 64.00086504600458
-55.99665068747845, 68.90818890224453
-55.99665068747845, 78.89715319331133
-70.50783634748177, 78.55722975327129
-71.90331938442773, 78.52640891149305
-76.4209506159525, 78.42668040940505
-78.09915789564798, 78.3896193242832
-79.38654994415765, 78.366796092068
-81.17203566613694, 78.33530753466925
Holes:
Exterior:
-62.65223201693925, -13.281745753596548
-66.73202758905177, -12.085144325208235
-66.7320414059916, -14.474354813427345
-66.73508173576215, -26.92382759198188
-62.74157672453066, -28.09504465257178
-55.985489739779496, -30.076393360983186
-55.988898643335006, -26.699960907167597
-55.988785666337435, -15.235913944638078
-62.65223201693925, -13.281745753596548
Holes:
Exterior:
-62.65223201693925, 12.34852819870693
-55.988785666337435, 14.302743793282506
-55.98547478714295, 20.634428589591003
-55.985489739779496, 29.143189996664926
-59.382151190366585, 28.147028079093207
-62.74157672453066, 27.161826462855633
-66.73508173576215, 25.990607714506044
-66.73502577998829, 16.31865596009949
-66.73202758905177, 11.15196189010696
-62.65223201693925, 12.34852819870693
Holes:
Exterior:
103.63942745622717, 10.733442390142521
102.22402576694981, 10.733442390142521
101.20198332740597, 10.733442390142521
94.57988388079912, 10.733442390142521
90.73391525595571, 10.733442390142521
90.73344967235221, 18.517577524489543
90.73482624316125, 23.648337984187712
89.99405113931425, 23.409622885657082
88.85537653589108, 23.042683237727374
87.0857452162843, 22.472410285650334
87.0857452162843, 26.354627484818124
87.0857452162843, 48.75590332764252
88.85537653589108, 48.23688366530725
90.73482025994008, 47.6856850871675
90.73518528760951, 49.723156006117414
90.73343368968449, 52.92942699202458
90.73386844871288, 60.38299854077829
97.48694756557961, 60.56974188579615
105.99575083215245, 60.81611446993832
105.98739488315232, 65.62599893095323
106.02961067918795, 78.71962963366538
106.0452601884117, 82.86639120725567
93.54574041164915, 82.51375713468404
85.20331335564947, 82.29322270854622
79.73919351308814, 82.14880300462507
79.7334001321592, 76.42662238699808
79.73265332440201, 75.73478093985356
72.88281802839697, 75.56238694779123
71.28133147951394, 75.52207718518387
67.8853057631593, 75.43658264893158
67.8853057631593, 74.13776656657832
67.8853057631593, 69.02850159424408
62.143738083022754, 68.88516775158544
61.485769630346795, 68.8687420727597
61.485769630346795, 52.05087640238316
61.485769630346795, 48.75590332764253
61.485769630346795, 25.894086281204416
61.485769630346795, 21.414976203619084
61.485769630346795, -15.178744301730246
61.485769630346795, -22.34822264891998
61.485769630346795, -45.20997590022006
61.485769630346795, -49.6890734789981
61.485769630346795, -66.50693914937467
61.485769630346795, -69.8019122241153
62.143738083022754, -69.81834574710476
67.8853057631593, -69.96174803954499
67.8853057631593, -71.2605486583293
67.8853057631593, -76.36975280028717
71.28133147951394, -76.45524733653947
72.88281802839697, -76.49556597632859
79.73265332440201, -76.66801914930136
79.73440476824408, -78.64548627465493
79.73919351308814, -83.08204944992598
85.20331335564947, -83.22646915384713
93.54574041164915, -83.44693139595543
99.49758516842826, -83.62672985705302
106.0452601884117, -83.79962670319723
105.98739488315232, -66.55918583007103
105.99575083215245, -61.7492846212939
97.48694756557961, -61.50295454152262
92.82409936462523, -61.37402115192694
90.73386844871288, -61.31621453222466
90.73343368968449, -53.86262410099274
90.73482025994008, -48.61885523852308
89.99405113931425, -48.83612006377897
88.85537653589108, -49.170053816662836
87.0857452162843, -49.689073478998104
87.0857452162843, -45.80685627983031
87.0857452162843, -23.405580437005916
88.85537653589108, -23.975853389082957
90.73482624316125, -24.58151861394095
90.73518582045426, -22.489761756202086
90.73344967235221, -19.450747675845125
90.73391525595571, -11.666612541498104
92.93632843098248, -11.666612541498104
101.20198332740597, -11.666612541498104
102.22402576694981, -11.666612541498104
103.63942745622717, -11.666612541498104
106.0452601884117, -11.666612541498104
106.01458700818489, -1.3279333077268525
106.00658672094119, -0.46650878173247956
106.02912618621986, 8.638978757650934
106.0452601884117, 10.733442390142521
103.63942745622717, 10.733442390142521
Holes:
Exterior:
33.56383596590035, 10.733442390142523
28.50960110738083, 10.733442390142523
28.50960110738083, -4.74370938021444
28.50960110738083, -11.666612541498102
39.743931941934534, -11.666612541498102
41.31628224860174, -11.666612541498102
41.31628224860174, 6.938161934960965
41.31628224860174, 10.733442390142523
33.56383596590035, 10.733442390142523
Holes:
Exterior:
33.56383596590035, -41.50021309492547
28.509576695847954, -40.017892967222906
28.509607372846176, -46.971051842419506
28.50964622790889, -54.85722991311963
39.921504615676895, -58.20411906660963
41.31639372355812, -58.61322806408998
41.31635531513348, -49.91226355303671
41.31635531513348, -43.773810644279344
33.56383596590035, -41.50021309492547
Holes:
Exterior:
33.56383596590035, 68.18321265397532
28.50960110738083, 68.06487583815823
28.50959153321378, 65.05696627455053
28.509636330552667, 58.7030171043573
39.86741091247018, 59.00171030748217
41.31639372355812, 59.038609676532666
41.31635531513348, 64.48860531006953
41.31635531513348, 68.3755904753435
33.56383596590035, 68.18321265397532
Holes:
Exterior:
33.56383596590035, 28.883015386419196
28.509576695847954, 30.23484635280222
28.509576695847954, 23.5790387848622
28.50960110738083, 15.718606088499191
39.743931941934534, 12.713838438660822
41.31628224860174, 12.293284275573493
41.31635531513348, 20.804738184443377
41.31635531513348, 26.809535838173375
33.56383596590035, 28.883015386419196
Holes:
Exterior:
33.56383596590035, -15.299935335173679
28.50960110738083, -16.651776239854765
28.50960110738083, -26.68165081799289
28.509576695847954, -31.168016504157794
34.131591076058385, -29.664393652698937
41.31635531513348, -27.742750723791858
41.31628224860174, -15.68597589356242
41.31628224860174, -13.226454426929072
33.56383596590035, -15.299935335173679
Holes:
Exterior:
34.131591076058385, 40.7335010284148
41.31635531513348, 42.840640492923775
41.31639372355812, 55.43601811168381
41.31639372355812, 57.679993155757906
33.44070953859591, 55.370237963686776
28.50964622790889, 53.92398346781875
28.50960110738083, 43.67090321709073
28.509576695847954, 39.08472281586734
34.131591076058385, 40.7335010284148
Holes:
Exterior:
-55.98883422306062, -53.76816666399947
-55.98883422306062, -42.58851644719797
-55.985489739779496, -39.251005582946554
-59.382151190366585, -40.159475773757535
-62.739413616262254, -41.05743267846587
-66.73508720097766, -42.12612368656773
-66.7340104305897, -49.307297228170405
-66.73223551082674, -53.73026344189888
-66.73223551082674, -56.64161626944037
-62.739413616262254, -55.57368104216623
-55.98883422306062, -53.76816666399947
Holes:
Exterior:
-55.98883422306062, 41.65534629584241
-55.98883422306062, 52.83493775525846
-58.03234325844028, 53.38149614252532
-62.739413616262254, 54.64043459686536
-66.73223551082674, 55.7083698241395
-66.7340104305897, 55.01064498370494
-66.7340104305897, 48.37405078286954
-66.73593214087441, 43.64023930848816
-66.73508720097766, 41.19290382402479
-62.739413616262254, 40.124214504091924
-55.985489739779496, 38.31780221862831
-55.98883422306062, 41.65534629584241
Holes:
Exterior:
28.50959153321378, -65.99013642590613
28.50960110738083, -68.99806956872364
37.13933016441729, -69.21260852762416
41.31635531513348, -69.30879218638151
41.31639372355812, -61.392783811140646
41.31639372355812, -59.97184458486474
33.44070953859591, -59.76284150454696
28.509636330552667, -59.63623993194989
28.50959153321378, -65.99013642590613
Holes:
