Exterior:
-185.51150644594202, -154.41928149073033
-185.5136234996421, -155.1719906828379
-179.84516117289184, -155.63347728394987
-169.80985126120402, -156.46313024302682
-161.44827811131643, -157.15061404085597
-161.4667382937721, -153.3867391258244
-161.42102223499398, -134.69183975381864
-161.6134213701598, -134.67631417242148
-161.88772935344502, -134.6540537122307
-172.81510776324865, -133.8014052108082
-183.174787239358, -132.98916680150438
-185.42848090591087, -132.81456548833802
-183.174787239358, -132.2255788960152
-161.46736337533923, -126.55200836792173
-161.47926810060983, -118.25621180217743
-161.44717339204135, -112.10337402423062
-171.29077091222086, -114.67616312134854
-183.6236503002632, -117.89954511287782
-193.65744307456873, -120.52192273306349
-193.98713569106712, -120.60806829595519
-193.98713569106712, -88.01780182704069
-193.98713569106712, -84.71306402349425
-193.65744307456873, -84.85299275305711
-183.6236503002632, -89.11136849373688
-161.44717339204135, -98.52354314961804
-161.43942973887192, -90.47751543732315
-161.46652205256305, -81.72572659858827
-167.21997271675912, -79.28384842171964
-182.93305854262962, -72.61490423345519
-161.44146288538934, -74.23426147481888
-161.4332516236002, -60.43046016501318
-161.43859422698426, -51.58024180186601
-171.0471754801298, -50.87632110935022
-183.6236503002632, -49.926240849122024
-191.75721625747337, -49.33601934575988
-183.6236503002632, -44.607777596676435
-182.91987774041218, -44.19865542848402
-167.38112670867326, -35.1651417640834
-161.46295725558025, -31.72459559182574
-161.4456540004527, -22.8180815554031
-161.45601983202653, -12.090726483169465
-170.56277861088063, -17.384924721660635
-183.6236503002632, -24.97789146714351
-193.65744307456873, -30.81086034184856
-193.98713569106712, -31.002507993220817
-193.98713569106712, -1.0840770509646673
-193.98713569106712, 5.898673759489961
-193.98713569106712, 30.559924400689827
-193.98713569106712, 36.80251520013856
-193.65744307456873, 36.61085626873974
-183.6236503002632, 30.77796302625043
-161.45601983202653, 17.890698613959845
-161.4801647404512, 26.189814890616315
-161.46295725558036, 37.52457685919222
-167.38112670867326, 40.96513022270088
-182.91987774041218, 49.998594538472744
-183.6236503002632, 50.407714480526934
-191.75721625747337, 55.13602655267762
-183.6236503002632, 55.726248056039765
-161.43859422698426, 57.38024900878375
-161.44998730346413, 70.59765542079809
-161.44146288538934, 80.03426868173662
-169.23286305570457, 79.44667783224051
-182.93305854262962, 78.41491144037293
-161.46652205256305, 87.52569645351737
-161.43942973887192, 96.27754250279573
-161.44717339204135, 104.32354328172286
-171.29077091222086, 100.1457451992695
-183.6236503002632, 94.91136972977654
-193.65744307456873, 90.65298867994828
-193.98713569106712, 90.513071230412
-193.98713569106712, 123.10337233422986
-193.98713569106712, 126.40811364984559
-193.65744307456873, 126.32194552690076
-183.6236503002632, 123.69957852501207
-161.44717339204135, 117.90335908240692
-161.47926810060983, 124.05612079638884
-161.46736337533923, 132.35193928089413
-167.95711601172218, 134.04812254658967
-183.174787239358, 138.02554426070685
-185.42848090591087, 138.61449640131042
-183.174787239358, 138.78909771447678
-165.5381349469343, 140.16841253126674
-161.88772935344502, 140.453986108787
-161.42102223499398, 140.49177066679104
-161.41999829318684, 141.05777080287177
-161.44827811131643, 162.95060515853214
-169.80985126120402, 162.26311255107544
-179.84516117289184, 161.43347551421297
-183.6236503002632, 161.12187291789942
-185.5136234996421, 160.97200231295443
-185.51082732945474, 160.01285370091168
-185.51084973085472, 156.4930584316549
-185.51084973085472, 148.0040935643147
-190.39974345314204, 147.61251809792054
-194.46285121046458, 147.28705847910103
-195.66068169588573, 147.18760903010707
-200.38697699966087, 146.80968683099792
-200.38697699966087, 151.79024592265003
-200.38697699966087, 153.29078119134948
-203.81250575679394, 153.01843484837048
-207.9791066992525, 152.68721493330418
-213.18696479262962, 152.27324884271667
-213.18696479262962, 149.48118874315725
-213.18696479262962, 145.79375665521667
-217.17245547228276, 145.47967904640157
-219.58680610122337, 145.2894155297284
-219.58680610122337, 132.9956496534258
-219.58680610122337, 123.46827905511903
-219.58680610122337, 103.17061025550068
-219.58680610122337, 87.44040887689637
-219.58680610122337, 58.91162853332782
-219.58680610122337, 36.802515200138565
-219.58680610122337, 13.011546549826017
-219.58680610122337, -7.532675908946969
-219.58680610122337, -18.695610530259334
-219.58680610122337, -31.00250799322081
-219.58680610122337, -53.11162132641005
-219.58680610122337, -81.64040166997863
-219.58680610122337, -97.37065301486395
-219.58680610122337, -117.66838628911925
-219.58680610122337, -127.19572357657205
-219.58680610122337, -139.48944646978333
-217.17245547228276, -139.67969559544852
-213.18696479262962, -139.99374944829896
-213.18696479262962, -142.78584242347182
-213.18696479262962, -146.47331792974427
-207.9791066992525, -146.88728402033178
-203.81250575679394, -147.21850393539808
-200.38697699966087, -147.49085027837708
-200.38697699966087, -142.51023255673414
-200.38697699966087, -141.0096796240802
-195.66068169588573, -141.38762999480315
-192.12531171194917, -141.6720073731971
-190.39974345314204, -141.81247274403017
-185.51084973085472, -142.20407318443193
-185.51084973085472, -150.6930380517721
-185.51082732945474, -153.2556538276187
-185.51082732945474, -154.21285776184487
-185.51150644594202, -154.41928149073033
Holes:
Exterior:
-235.45073571809246, 27.580033460803154
-231.92245672206457, 29.63123217019655
-231.92246083482257, 46.762518529124065
-231.92246083482257, 49.26110336232676
-241.6872970134266, 43.584305699732965
-244.89271415518851, 41.720811940304806
-244.89271415518851, 26.153969816547487
-244.8927113551856, 22.09101490907864
-235.45073571809246, 27.580033460803154
Holes:
Exterior:
71.95013708040608, -215.08432341140994
71.98359622727321, -215.07988286515533
72.21281548080788, -215.05066473150208
72.21281548080799, -216.28152992771598
72.21281548080799, -224.7322138037677
75.85232959861924, -224.7322138037677
76.02665908021618, -224.7322138037677
76.11949052977843, -224.7322138037677
76.32106164485788, -224.7322138037677
76.42898226259729, -224.7322138037677
76.6647194634171, -224.7322138037677
76.79172962587165, -224.7322138037677
77.0890692062253, -224.7322138037677
77.24185983749987, -224.7322138037677
77.58091517873743, -224.7322138037677
77.76666997423308, -224.7322138037677
78.18311507989893, -224.7322138037677
78.41377932936518, -224.7322138037677
78.93749808873099, -224.7322138037677
79.23157599480555, -224.7322138037677
79.91009980607214, -224.7322138037677
80.29783793038439, -224.7322138037677
81.21159182077372, -224.7322138037677
81.74610239787171, -224.7322138037677
83.04278759623594, -224.7322138037677
83.82644354299202, -224.7322138037677
85.80966255601783, -224.7322138037677
87.06815615451211, -224.7322138037677
90.47545970296642, -224.7322138037677
92.42704887924543, -224.7322138037677
92.42704887924543, -220.28543551666132
92.42704887924543, -195.38605291509583
93.53811201130117, -195.38605291509583
93.53811201130117, -195.38652274610902
93.53811201130117, -195.390711665319
93.53811201130117, -195.40016878373186
93.53811201130117, -195.41664472364118
93.53811201130117, -195.44305535069196
93.53811201130117, -195.48445412372155
93.53811201130117, -195.54995763953553
93.53811201130117, -195.64386745887245
93.53811201130117, -195.79769626864496
93.53811201130117, -196.07518394833806
93.53811201130117, -196.67372008865343
93.53811201130117, -198.6438773860482
93.53811201130117, -223.9520361819284
98.04144716090553, -220.78983845796733
100.50169487533918, -219.06227666997864
103.2750220363406, -217.39084019669272
108.31826480709009, -214.35136471424647
108.31826480709009, -213.80318557644225
108.31826480709009, -205.24249557427126
108.31826480709009, -201.2736692239982
108.31826480709009, -199.07350006934752
108.31826480709009, -197.73033497478934
108.31826480709009, -196.79345705687413
108.31826480709009, -196.20134233145424
108.31826480709009, -195.82359874052332
108.31826480709009, -195.58794811801653
108.31826480709009, -195.45268567755042
108.31826480709009, -195.3927727727392
108.31826480709009, -195.38605291509583
109.65677382183509, -195.38605291509583
115.65072598952264, -195.38605291509583
115.65072598952264, -195.3958734225287
115.65072598952264, -195.4834310998262
115.65072598952264, -195.68110579361903
115.65072598952264, -196.0254893821866
115.65072598952264, -196.57752990734775
115.65072598952264, -197.44285583695753
115.65072598952264, -198.81202420998858
115.65072598952264, -200.77494716084706
115.65072598952264, -203.99030955146623
115.65072598952264, -209.790415854471
115.65072598952264, -210.5381506651675
116.08364961471261, -210.31459618617808
116.30857964096418, -210.1984461035724
120.99244715440045, -208.12500965142215
123.64332695541731, -206.95152837896302
125.84200772381081, -206.11987551888353
130.43079068865188, -204.3841644816772
130.43079068865188, -204.2045593290993
130.43079068865188, -200.9923885491683
130.43079068865188, -198.75185096783716
130.43079068865188, -197.33581236836315
130.43079068865177, -196.43244097343148
130.43079068865188, -195.86888400865058
130.43079068865177, -195.54540474266335
130.43079068865188, -195.4021234119058
130.43079068865188, -195.38605291509583
130.44935636528942, -195.38605291509583
130.61568955909405, -195.38605291509583
130.99661683723434, -195.38605291509583
131.67873172272954, -195.38605291509583
132.8239528410541, -195.38605291509583
134.76001138697944, -195.38605291509583
138.0153062473638, -195.38605291509583
138.0153062473638, -183.23198985100228
138.0153062473638, -182.5861414160724
134.76001138697944, -182.5861414160724
132.8239528410541, -182.5861414160724
131.67873172272954, -182.5861414160724
130.99661683723434, -182.5861414160724
130.61568955909405, -182.5861414160724
130.44935636528942, -182.5861414160724
130.43079068865188, -182.5861414160724
130.43079068865188, -180.02932264116157
130.43079068865188, -176.2360437598224
130.44935636528942, -176.2360437598224
130.61568955909405, -176.2360437598224
130.99661683723434, -176.2360437598224
131.67873172272954, -176.2360437598224
132.8239528410541, -176.2360437598224
134.76001138697944, -176.2360437598224
138.0153062473638, -176.2360437598224
138.0153062473638, -164.0819082513668
138.0153062473638, -163.43605596685364
134.76001138697944, -163.43605596685364
132.8239528410541, -163.43605596685364
131.67873172272954, -163.43605596685364
130.99661683723434, -163.43605596685364
130.61568955909405, -163.43605596685364
130.44935636528942, -163.43605596685364
130.43079068865188, -163.43605596685364
130.43079068865188, -160.87926791112264
130.43079068865188, -157.08603460454896
130.44935636528942, -157.08603460454896
130.61568955909405, -157.08603460454896
130.99661683723434, -157.08603460454896
131.67873172272954, -157.08603460454896
132.8239528410541, -157.08603460454896
134.76001138697944, -157.08603460454896
138.0153062473638, -157.08603460454896
138.0153062473638, -144.93189909609336
138.0153062473638, -144.2860468115802
134.76001138697944, -144.2860468115802
132.8239528410541, -144.2860468115802
131.67873172272954, -144.2860468115802
130.99661683723434, -144.2860468115802
130.61568955909405, -144.2860468115802
130.44935636528942, -144.2860468115802
130.43079068865188, -144.2860468115802
130.43079068865188, -141.7292587558492
130.43079068865188, -137.93602544927552
130.44935636528942, -137.93602544927552
130.61568955909405, -137.93602544927552
130.99661683723434, -137.93602544927552
131.67873172272954, -137.93602544927552
132.8239528410541, -137.93602544927552
134.76001138697944, -137.93602544927552
138.0153062473638, -137.93602544927552
138.0153062473638, -125.78188994081992
138.0153062473638, -125.13603765630677
134.76001138697944, -125.13603765630677
132.8239528410541, -125.13603765630677
131.67873172272954, -125.13603765630677
130.99661683723434, -125.13603765630677
130.61568955909405, -125.13603765630677
130.44935636528942, -125.13603765630677
130.43079068865188, -125.13603765630677
130.43079068865188, -122.57924960057576
130.43079068865188, -118.78601629400207
130.44935636528942, -118.78601629400207
130.61568955909405, -118.78601629400207
130.99661683723434, -118.78601629400207
131.67873172272954, -118.78601629400207
132.8239528410541, -118.78601629400207
134.76001138697944, -118.78601629400207
138.0153062473638, -118.78601629400207
138.0153062473638, -106.63188078554649
138.0153062473638, -105.98602850103332
134.76001138697944, -105.98602850103332
132.8239528410541, -105.98602850103332
131.67873172272954, -105.98602850103332
130.99661683723434, -105.98602850103332
130.61568955909405, -105.98602850103332
130.44935636528942, -105.98602850103332
130.43079068865188, -105.98602850103332
130.43079068865188, -103.42924044530233
130.43079068865188, -99.63600713872863
130.44935636528942, -99.63600713872863
130.61568955909405, -99.63600713872863
130.99661683723434, -99.63600713872863
131.67873172272954, -99.63600713872863
132.8239528410541, -99.63600713872863
134.76001138697944, -99.63600713872863
138.0153062473638, -99.63600713872863
138.0153062473638, -87.48187163027305
138.0153062473638, -86.83601934575988
134.76001138697944, -86.83601934575988
132.8239528410541, -86.83601934575988
131.67873172272954, -86.83601934575988
130.99661683723434, -86.83601934575988
130.61568955909405, -86.83601934575988
130.44935636528942, -86.83601934575988
130.43079068865188, -86.83601934575988
130.43079068865188, -84.27929272838853
130.43079068865188, -80.48615057134582
130.44935636528942, -80.48615057134582
130.61568955909405, -80.48615057134582
130.99661683723434, -80.48615057134582
131.67873172272954, -80.48615057134582
132.8239528410541, -80.48615057134582
134.76001138697944, -80.48615057134582
138.0153062473638, -80.48615057134582
138.0153062473638, -68.33194261852819
138.0153062473638, -67.68608648443175
134.76001138697944, -67.68608648443175
132.8239528410541, -67.68608648443175
131.67873172272954, -67.68608648443175
130.99661683723434, -67.68608648443175
130.61568955909405, -67.68608648443175
130.44935636528942, -67.68608648443175
130.43079068865188, -67.68608648443175
130.43079068865188, -65.12929842870076
130.43079068865188, -61.33606512212706
130.44935636528942, -61.33606512212706
130.61568955909405, -61.33606512212706
130.99661683723434, -61.33606512212706
131.67873172272954, -61.33606512212706
132.8239528410541, -61.33606512212706
134.76001138697944, -61.33606512212706
138.0153062473638, -61.33606512212706
138.0153062473638, -49.18185716930944
138.0153062473638, -48.536001035213005
134.76001138697944, -48.536001035213005
132.8239528410541, -48.536001035213005
131.67873172272954, -48.536001035213005
130.99661683723434, -48.536001035213005
130.61568955909405, -48.536001035213005
130.44935636528942, -48.536001035213005
130.43079068865188, -48.536001035213005
130.43079068865188, -45.97924369866183
130.43079068865188, -42.18605596685363
130.44935636528942, -42.18605596685363
130.61568955909405, -42.18605596685363
130.99661683723434, -42.18605596685363
131.67873172272954, -42.18605596685363
132.8239528410541, -42.18605596685363
134.76001138697944, -42.18605596685363
138.0153062473638, -42.18605596685363
138.0153062473638, -30.031848014036
138.0153062473638, -29.385991879939567
134.76001138697944, -29.385991879939567
132.8239528410541, -29.385991879939567
131.67873172272954, -29.385991879939567
130.99661683723434, -29.385991879939567
130.61568955909405, -29.385991879939567
130.44935636528942, -29.385991879939567
130.43079068865188, -29.385991879939567
130.43079068865188, -26.82923454338839
130.43079068865188, -23.036046811580185
130.44935636528942, -23.036046811580185
130.61568955909405, -23.036046811580185
130.99661683723434, -23.036046811580185
131.67873172272954, -23.036046811580185
132.8239528410541, -23.036046811580185
134.76001138697944, -23.036046811580185
138.0153062473638, -23.036046811580185
138.0153062473638, -10.881911303124605
138.0153062473638, -10.236059018611439
134.76001138697944, -10.236059018611439
132.8239528410541, -10.236059018611439
131.67873172272954, -10.236059018611439
130.99661683723434, -10.236059018611439
130.61568955909405, -10.236059018611439
130.44935636528942, -10.236059018611439
130.43079068865188, -10.236059018611439
130.43079068865188, -7.67930168206027
130.43079068865188, -3.8861139502520623
130.44935636528942, -3.8861139502520623
130.61568955909405, -3.8861139502520623
130.99661683723434, -3.8861139502520623
131.67873172272954, -3.8861139502520623
132.8239528410541, -3.8861139502520623
134.76001138697944, -3.8861139502520623
138.0153062473638, -3.8861139502520623
138.0153062473638, 9.001230946427297
138.0153062473638, 9.6860448632245
134.76001138697944, 9.6860448632245
132.8239528410541, 9.6860448632245
131.67873172272954, 9.6860448632245
130.99661683723434, 9.6860448632245
130.61568955909405, 9.6860448632245
130.44935636528942, 9.6860448632245
130.43079068865188, 9.6860448632245
130.43079068865188, 12.24283291895549
130.43079068865188, 16.036066225529186
130.44935636528942, 16.036066225529186
130.61568955909405, 16.036066225529186
130.99661683723434, 16.036066225529186
131.67873172272954, 16.036066225529186
132.8239528410541, 16.036066225529186
134.76001138697944, 16.036066225529186
138.0153062473638, 16.036066225529186
138.0153062473638, 28.19020173398477
138.0153062473638, 28.83605401849794
134.76001138697944, 28.83605401849794
132.8239528410541, 28.83605401849794
131.67873172272954, 28.83605401849794
130.99661683723434, 28.83605401849794
130.61568955909405, 28.83605401849794
130.44935636528942, 28.83605401849794
130.43079068865188, 28.83605401849794
130.43079068865188, 31.39284207422893
130.43079068865188, 35.18607538080262
130.44935636528942, 35.18607538080262
130.61568955909405, 35.18607538080262
130.99661683723434, 35.18607538080262
131.67873172272954, 35.18607538080262
132.8239528410541, 35.18607538080262
134.76001138697944, 35.18607538080262
138.0153062473638, 35.18607538080262
138.0153062473638, 47.3402108892582
138.0153062473638, 47.98606317377137
134.76001138697944, 47.98606317377137
132.8239528410541, 47.98606317377137
131.67873172272954, 47.98606317377137
130.99661683723434, 47.98606317377137
130.61568955909405, 47.98606317377137
130.44935636528942, 47.98606317377137
130.43079068865188, 47.98606317377137
130.43079068865188, 50.54282051032254
130.43079068865188, 54.336008242130745
130.44935636528942, 54.336008242130745
130.61568955909405, 54.336008242130745
130.99661683723434, 54.336008242130745
131.67873172272954, 54.336008242130745
132.8239528410541, 54.336008242130745
134.76001138697944, 54.336008242130745
138.0153062473638, 54.336008242130745
138.0153062473638, 66.49014375058633
138.0153062473638, 67.1359960350995
134.76001138697944, 67.1359960350995
132.8239528410541, 67.1359960350995
131.67873172272954, 67.1359960350995
130.99661683723434, 67.1359960350995
130.61568955909405, 67.1359960350995
130.44935636528942, 67.1359960350995
130.43079068865188, 67.1359960350995
130.43079068865188, 69.69278409083049
130.43079068865188, 73.48601739740418
130.44935636528942, 73.48601739740418
130.61568955909405, 73.48601739740418
130.99661683723434, 73.48601739740418
131.67873172272954, 73.48601739740418
132.8239528410541, 73.48601739740418
134.76001138697944, 73.48601739740418
138.0153062473638, 73.48601739740418
138.0153062473638, 85.64015290585976
138.0153062473638, 86.28600519037293
134.76001138697944, 86.28600519037293
132.8239528410541, 86.28600519037293
131.67873172272954, 86.28600519037293
130.99661683723434, 86.28600519037293
130.61568955909405, 86.28600519037293
130.44935636528942, 86.28600519037293
130.43079068865188, 86.28600519037293
130.43079068865188, 88.84279324610392
130.43079068865188, 92.63602655267762
130.44935636528942, 92.63602655267762
130.61568955909405, 92.63602655267762
130.99661683723434, 92.63602655267762
131.67873172272954, 92.63602655267762
132.8239528410541, 92.63602655267762
134.76001138697944, 92.63602655267762
138.0153062473638, 92.63602655267762
138.0153062473638, 104.79019828331423
138.0153062473638, 105.43605249261903
134.76001138697944, 105.43605249261903
132.8239528410541, 105.43605249261903
131.67873172272954, 105.43605249261903
130.99661683723434, 105.43605249261903
130.61568955909405, 105.43605249261903
130.44935636528942, 105.43605249261903
130.43079068865188, 105.43605249261903
130.43079068865188, 107.99282518876011
130.43079068865188, 111.78603570795106
130.44935636528942, 111.78603570795106
130.61568955909405, 111.78603570795106
130.99661683723434, 111.78603570795106
131.67873172272954, 111.78603570795106
132.8239528410541, 111.78603570795106
134.76001138697944, 111.78603570795106
138.0153062473638, 111.78603570795106
138.0153062473638, 123.94017121640664
138.0153062473638, 124.58602350091981
134.76001138697944, 124.58602350091981
132.8239528410541, 124.58602350091981
131.67873172272954, 124.58602350091981
130.99661683723434, 124.58602350091981
130.61568955909405, 124.58602350091981
130.44935636528942, 124.58602350091981
130.43079068865188, 124.58602350091981
130.43079068865188, 127.14279619706089
130.43079068865188, 130.93600671625182
130.44935636528942, 130.93600671625182
130.61568955909405, 130.93600671625182
130.99661683723434, 130.93600671625182
131.67873172272954, 130.93600671625182
132.8239528410541, 130.93600671625182
134.76001138697944, 130.93600671625182
138.0153062473638, 130.93600671625182
138.0153062473638, 143.09017844688842
138.0153062473638, 143.73603265619323
134.76001138697944, 143.73603265619323
132.8239528410541, 143.73603265619323
131.67873172272954, 143.73603265619323
130.99661683723434, 143.73603265619323
130.61568955909405, 143.73603265619323
130.44935636528942, 143.73603265619323
130.43079068865188, 143.73603265619323
130.43079068865188, 146.29282071192424
130.43079068865188, 150.08605401849792
130.44935636528942, 150.08605401849792
130.61568955909405, 150.08605401849792
130.99661683723434, 150.08605401849792
131.67873172272954, 150.08605401849792
132.8239528410541, 150.08605401849792
134.76001138697944, 150.08605401849792
138.0153062473638, 150.08605401849792
138.0153062473638, 162.24018952695351
138.0153062473638, 162.88604181146667
134.76001138697944, 162.88604181146667
132.8239528410541, 162.88604181146667
131.67873172272954, 162.88604181146667
130.99661683723434, 162.88604181146667
130.61568955909405, 162.88604181146667
130.44935636528942, 162.88604181146667
130.43079068865188, 162.88604181146667
130.43079068865188, 165.44279914801783
130.43079068865188, 169.23598687982604
130.44935636528942, 169.23598687982604
130.61568955909405, 169.23598687982604
130.99661683723434, 169.23598687982604
131.67873172272954, 169.23598687982604
132.8239528410541, 169.23598687982604
134.76001138697944, 169.23598687982604
138.0153062473638, 169.23598687982604
138.0153062473638, 181.39019483264366
138.0153062473638, 182.0360509667401
134.76001138697944, 182.0360509667401
132.8239528410541, 182.0360509667401
131.67873172272954, 182.0360509667401
130.99661683723434, 182.0360509667401
130.61568955909405, 182.0360509667401
130.44935636528942, 182.0360509667401
130.43079068865188, 182.0360509667401
130.43079068865188, 184.5928236628812
130.43079068865188, 188.38603418207214
130.44935636528942, 188.38603418207214
130.61568955909405, 188.38603418207214
130.99661683723434, 188.38603418207214
131.67873172272954, 188.38603418207214
132.8239528410541, 188.38603418207214
134.76001138697944, 188.38603418207214
138.0153062473638, 188.38603418207214
138.0153062473638, 200.5401334683467
138.0153062473638, 201.18598382806823
134.76001138697944, 201.18598382806823
132.8239528410541, 201.18598382806823
131.67873172272954, 201.18598382806823
130.99661683723434, 201.18598382806823
130.61568955909405, 201.18598382806823
130.44935636528942, 201.18598382806823
130.43079068865188, 201.18598382806823
130.43079068865177, 201.20210244013808
130.43079068865177, 201.34533565563575
130.43079068865188, 201.66881492162298
130.43079068865177, 202.23241485392566
130.43079068865188, 203.13574328133555
130.43079068865188, 204.5518368793071
130.43079068865188, 206.79235152912867
130.43079068865188, 210.00452809591232
130.43079068865188, 210.18413354162226
123.64332695541731, 212.75149743890807
116.95666353771588, 215.71155865364364
116.30857964096418, 215.9984533104901
115.65072598952264, 216.33816114004637
115.65072598952264, 215.59042095975417
115.65072598952264, 209.7902688442786
115.65072598952264, 206.57490120589355
115.65072598952264, 204.61197471875175
115.65072598952264, 203.24282035891915
115.65072598952264, 202.37746082032015
115.65072598952264, 201.82544655214858
115.65072598952264, 201.48103670659142
115.65072598952264, 201.2833620127986
115.65072598952264, 201.19583373821797
115.65072598952264, 201.18598382806823
113.97662487473383, 201.18598382806823
108.31826480709009, 201.18598382806823
108.31826480709009, 201.19272380504586
108.31826480709009, 201.25261659052282
108.31826480709009, 201.38787903098893
108.31826480709009, 201.6235476203099
108.31826480709009, 202.00127324442664
108.31826480709009, 202.59341096739777
108.31826480709009, 203.53027929653163
108.31826480709009, 204.87344681085486
108.31826480709009, 207.07361955638308
108.31826480709009, 211.04247725465765
108.31826480709009, 219.60322873242626
108.31826480709009, 220.15141006813684
100.50169487533918, 224.862322023869
93.53811201130117, 229.75204863783102
93.53811201130117, 204.4438240459753
93.53811201130117, 202.4736588492992
93.53811201130117, 201.87511841080612
93.53811201130117, 201.59762853936076
93.53811201130117, 201.4437994785255
93.53811201130117, 201.34988949000635
93.53811201130117, 201.28438664460938
93.53811201130117, 201.24298626366436
93.53811201130117, 201.21657689279593
93.53811201130117, 201.20009969670426
93.53811201130117, 201.1906425782914
93.53811201130117, 201.1864550657611
93.53811201130117, 201.18598382806823
93.45802084905705, 201.18598382806823
92.42704887924543, 201.18598382806823
92.42704887924543, 205.6327736758779
92.42704887924543, 230.53222101068542
90.47545970296642, 230.53222101068542
87.06815615451211, 230.53222101068542
85.80966255601783, 230.53222101068542
83.82644354299202, 230.53222101068542
83.04278759623594, 230.53222101068542
81.74610239787171, 230.53222101068542
81.21159182077372, 230.53222101068542
80.29783793038439, 230.53222101068542
79.91009980607214, 230.53222101068542
79.23157599480555, 230.53222101068542
78.93749808873099, 230.53222101068542
72.21281548080788, 230.53222101068542
72.21281548080788, 229.30135581447152
72.21281548080799, 220.8506719384198
72.17939073388891, 220.8549276734732
71.95059153806551, 220.88522491857404
71.23127820061484, 220.9625815729334
71.17285691434381, 220.97001425082863
70.23372571050868, 221.0711003033969
70.20122948703522, 221.07460146202175
70.1525395468525, 221.07936560667486
70.0094994013923, 221.09335209346335
70.00450627106932, 221.09384025605357
69.09425543088446, 221.15319489705468
68.29844117630955, 221.20505933633902
68.23612177065172, 221.21115459146185
68.15661759631973, 221.21558994598252
68.03082540794492, 221.22259684864576
66.95933954495786, 221.24811414108902
66.9372268008824, 221.24934481678162
66.8957027152145, 221.25166589310706
66.78713768040132, 221.2532328035006
66.14756510905283, 221.26841693979787
66.04303380094177, 221.26991501357082
65.75658612996153, 221.2649318985039
65.69265033968486, 221.26585947515397
64.7727390272031, 221.2499258746686
64.63595503199622, 221.24626108570766
64.13823595359804, 221.23761505353662
64.05402944084824, 221.23536632089034
63.64087666120588, 221.21118434807877
63.57634128507755, 221.20945545822008
62.674153207915424, 221.15649706480693
62.51141318667521, 221.14539363441205
62.14216920175204, 221.1237096663803
62.077545199334395, 221.11929428536055
61.55614446806487, 221.06671889385711
61.49126710378664, 221.06230465622372
60.6106750948951, 220.97344549735007
60.42450680997649, 220.95284235910054
60.172355445137896, 220.927424591818
60.1267503428478, 220.92237873955224
60.062221606887306, 220.9152436713575
59.44921931338547, 220.82669011054858
59.401252163979166, 220.8192872938846
59.24431589142682, 220.79504601943782
58.24185629810927, 220.65024096589352
58.21481912920319, 220.64606102930858
57.52613985070161, 220.51502883918073
57.46138463101818, 220.5050382339494
57.39481072691706, 220.49168970866077
57.23833013739568, 220.4603259975024
56.36336208583134, 220.2939947860284
56.354427824270715, 220.29221146611542
55.60332157104858, 220.11274956108429
55.53971190033974, 220.10001380303143
55.455613332370376, 220.07901422119062
55.058154506734695, 219.98407967602324
54.98044768352122, 219.96470873572565
54.628258173378754, 219.8804778575985
54.558949150072635, 219.86318084728012
54.136512649659494, 219.74007840577846
53.75759946039807, 219.6295756143448
53.37918492255551, 219.51926053520143
53.12985267534111, 219.44655470006333
53.12092150091769, 219.4443295676358
53.06785654432804, 219.43109636576528
52.966559012150356, 219.40044268799147
52.890205040846126, 219.37735451926312
52.83966686126405, 219.3620836215603
52.00003011436388, 219.06863731531567
51.489468360716955, 218.8902081807958
51.43155228536955, 218.87268192950344
51.31393784632621, 218.83023065362312
51.208276024688416, 218.79210174071906
51.01480342994648, 218.71188405275808
50.96298271903356, 218.6932061161832
50.28942293795342, 218.41391076489361
50.156755056852944, 218.35733033190786
49.76002504479959, 218.1928423519105
49.676103858788906, 218.157076520106
49.41889246615153, 218.0312298900643
49.37397977283592, 218.01208794645362
48.74797237707355, 217.70586552850378
48.600667896390746, 217.63198834537442
48.31490432017574, 217.49220512387495
48.25322998163563, 217.46127828663876
47.940482171108556, 217.28088130972142
47.90327906624873, 217.262233566775
47.32773313783434, 216.9301831708456
47.14906184539916, 216.8271457686914
47.11505161460104, 216.807066051439
46.98879400443184, 216.7325518694405
46.94942341438889, 216.7093419881076
46.590183982154485, 216.46387207827613
45.99066382642013, 216.0544460333867
45.96112950260954, 216.03703962691006
45.90784813591165, 215.99987415956485
45.79115917254251, 215.91851588154154
45.77378600381928, 215.90645179111866
45.377939585852346, 215.58347100744973
44.92819777249019, 215.2163150746482
44.90579205296979, 215.2006752281641
44.83622545197841, 215.1428208693748
44.73411892867409, 215.05789016356638
44.71997993556556, 215.04390601754986
44.71632422443804, 215.04082862915362
44.31120188919783, 214.63966801383916
44.00256388973719, 214.33405740612838
43.98916707629553, 214.3229501591237
43.90835321848908, 214.24095429729502
43.83777672296969, 214.1693381334619
43.81514944468472, 214.14632787138228
43.725571828464126, 214.0458623681073
42.455368016887405, 214.2401404355612
42.20565758870055, 214.2783520867808
42.077527592554816, 214.29960880860276
41.90235398281163, 214.32348699241066
41.84182069482267, 214.33173798372005
40.81434505296977, 214.4459102804042
40.632024423342614, 214.47078242345106
39.872651757840686, 214.5552349246181
39.806282441761255, 214.5614140222727
39.617424211473576, 214.5790148770905
39.09850816905271, 214.6142747895898
38.97026143969231, 214.62622139808394
37.68625812671837, 214.71345254578657
37.634307331932746, 214.71828765850114
37.36096463416277, 214.7323194023713
37.3594139982597, 214.7323968975841
36.08683945918051, 214.76504763635083
35.910323221017165, 214.7741142293872
35.37771176817341, 214.78779869885224
35.22400518069628, 214.789384435994
35.08378214540312, 214.7908008656449
34.346129373886924, 214.77878699394927
34.17667688034908, 214.78053669991166
33.118102638775554, 214.76335336559487
32.806032266486454, 214.75378059882388
32.60277005114676, 214.7418970516344
32.54722290390055, 214.7401934230682
31.29858710499832, 214.66722630611335
30.977433224902143, 214.64847632163747
30.871604135636858, 214.64524323638415
30.632031955088223, 214.62803582805822
30.542643769280062, 214.6215991415637
30.39364092743847, 214.61089571337172
29.483034806249066, 214.51865206107965
29.375326854431137, 214.50638364479173
28.545334521775544, 214.42227642071944
28.309112223533702, 214.39534938251546
27.92445243729651, 214.3392352033603
27.788475890794075, 214.32375182378962
26.480108337651473, 214.13292211872866
26.154963286190082, 214.08169434711346
26.12146794766079, 214.0764035975713
25.07401828503282, 213.87469976153633
24.95347226782326, 213.8557081955875
24.759882974043308, 213.81634376834305
24.171403712910433, 213.7030601676044
23.9948638868309, 213.66714540934043
23.892623891373205, 213.64634948889324
23.34335440054963, 213.51322604543168
23.27612601776957, 213.4962860383764
22.25683559519382, 213.24928544216743
21.944108604086182, 213.17035983743693
21.85121682763713, 213.14282836405698
21.82118692181257, 213.13524840365758
20.75245071101915, 212.81851044726767
20.69806285189327, 212.8048113042082
20.416295163852737, 212.71869057079974
20.08713844317208, 212.6211403219508
19.98345264205591, 212.58947235899555
19.28068289271323, 212.3391244767731
18.580750118743367, 212.0898448698683
18.51285446414863, 212.0691139882106
18.352743673124223, 212.0107357718614
18.127248595024753, 211.92859972430333
17.837046508316575, 211.8057604690666
17.783715707374085, 211.78632593439144
17.434584354469848, 211.63580559923292
16.41443779370195, 211.20385948438243
16.387691506914962, 211.1923476413546
15.602972357896874, 210.7991211492455
15.561270158278035, 210.78112125707392
15.33911288519846, 210.6682339398612
14.918323270727456, 210.45752515543512
14.777525251755492, 210.38593153391102
14.382460162553798, 210.15162788229318
13.68297386980646, 209.73692497869897
13.65279704650709, 209.72164097417098
13.546472179615193, 209.65790541542862
13.308034435719605, 209.51501430387952
12.550914729549618, 208.98113215473933
12.329695825731505, 208.8252152331181
12.310700531250518, 208.81383940390535
12.066200144063828, 208.64022761609354
11.989368992964955, 208.5856408239976
11.579688927231246, 208.23835384791835
11.132950115152198, 207.8598801796065
11.1239881502338, 207.85353854153777
10.988204486653558, 207.7381321717358
10.830754073326034, 207.60437282267083
10.697779158011485, 207.46655208620882
10.183992543148292, 206.93386908991445
10.101132305308852, 206.8476398459357
10.100972266993836, 206.84750989238327
10.053742370677014, 206.79873945257327
9.870154898748751, 206.6089073031726
9.847498556126311, 206.58539746195305
9.841551864209691, 206.57781337892192
9.487399180526495, 206.11549785931626
9.359162296251611, 205.94979225177204
9.282461182481256, 205.85064649000086
9.036948269361801, 205.5300135231409
9.027159321698377, 205.51348942599637
8.889516559070671, 205.27558214068426
8.838729967595896, 205.1897530091056
8.732889599791179, 205.01123315133097
8.405331425564782, 204.4453822602629
8.394190456453202, 204.41884071136755
8.393071246499858, 204.41609860299363
8.392664600935404, 204.41512263803554
8.159583384362236, 203.83389224103058
8.070925296237078, 203.62252796090732
8.050290603299345, 203.57369465804155
7.9559334185513535, 203.3387576727894
7.946628745002954, 203.3015483767304
7.865502214600724, 202.94859565015977
7.832829325463877, 202.81972194705884
7.800874735869456, 202.6934670002937
7.6918374500575055, 202.21750353667937
7.687747680173743, 202.16955986456958
7.679036511041886, 202.05086685718015
7.675273512779199, 202.00740730158535
7.63172361234183, 201.4062092111551
7.612900930026626, 201.18598382806823
7.612900930026626, 195.40205411530053
7.612900930026626, 180.73302667474792
-19.021099459596485, 180.73302667474792
-30.786757273098374, 180.73302667474792
-30.786757273098374, 176.30915741825493
-30.786757273098374, 174.13119714593932
-36.13447664625767, 173.65718721342117
-37.187208933254624, 173.56387536859557
-37.187208933254624, 171.24265865298077
-37.187208933254624, 160.5652944359784
-42.17995687325117, 160.12497668578615
-43.444966696630104, 160.01352144463172
-51.26357139650315, 159.33881259231748
-54.9254174648172, 159.02403262788752
-69.76722661484382, 157.73222812986097
-69.76601465634246, 150.8698825457969
-69.76601465634246, 148.02233439426686
-55.681471628567124, 149.21241205072448
-59.32698749773101, 147.66519372613453
-69.76601465634246, 143.23465736995672
-69.76722661484382, 133.79945803909365
-69.76697613227986, 126.44459826592158
-44.25524276689373, 137.27220573633932
-43.586745066067124, 137.55591791009948
-43.586745066067124, 103.69991249680324
-43.586745066067124, 101.54220025873231
-44.09360492369058, 101.67466729401876
-44.25524276689373, 101.71691548610794
-49.394011867402696, 103.06000977773887
-69.76697613227986, 108.38476583759468
-69.76581558592738, 99.9282198223861
-69.76590568444499, 93.94116235509333
-51.119704050442124, 89.06768243646668
-54.82819141997163, 88.74596745196338
-69.76625155309193, 87.44828876503828
-69.7669129549223, 74.95600200484695
-69.76567065493373, 64.7152143525944
-48.414320749660874, 66.54738824701356
-54.39054602222507, 62.11464826120166
-69.76661150305165, 50.70969837818707
-69.76722661484382, 37.84108911032971
-69.76722661484382, 27.809491349909756
-44.25524276689373, 46.73247438367167
-43.586745066067124, 47.22831170892762
-43.586745066067124, 44.0343717354842
-43.586745066067124, 41.91657278666071
-43.586745066067124, -9.765939010403969
-43.586745066067124, -41.42830450200988
-44.25524276689373, -40.9324777415447
-49.99924348737488, -36.67196896005804
-69.76722661484382, -22.009484142992008
-69.76661150305165, -36.00914722797849
-69.76661150305165, -44.90972082492232
-48.414320749660874, -60.74738104009582
-52.78709808300448, -60.37252976852462
-69.76567065493373, -58.91520714567667
-69.76510993151578, -71.95424376511939
-69.76625155309193, -81.64831342842031
-51.119704050442124, -83.26767522954894
-56.03989119415769, -84.5536456341958
-69.76590568444499, -88.14115514817559
-69.76722661484382, -96.25769318127223
-69.76697613227986, -102.58475863067693
-44.25524276689373, -95.9169029967948
-44.09360492369058, -95.87466265384394
-43.586745066067124, -95.74219305181457
-43.586745066067124, -129.59827018800965
-43.586745066067124, -131.75598699712708
-44.25524276689373, -131.47225897618077
-49.394011867402696, -129.2912792409806
-69.76697613227986, -120.64462931819943
-69.76593072395553, -131.58439707298137
-69.76601465634246, -137.43472645698432
-55.681471628567124, -143.41248113775208
-59.32066777124885, -143.10712707897966
-69.76601465634246, -142.22240348129446
-69.76722661484382, -147.71043671681775
-69.76722661484382, -151.93226379494035
-51.26357139650315, -153.53887401680174
-44.25524276689373, -154.14220713149763
-43.444966696630104, -154.2135775435346
-42.17995687325117, -154.3250373870949
-37.187208933254624, -154.76532537603333
-37.187208933254624, -157.08652846748546
-37.187208933254624, -167.7638300147052
-36.13447664625767, -167.85715440819203
-30.786757273098374, -168.33122808599427
-30.786757273098374, -170.50917577352703
-30.786757273098374, -174.9330194678302
-2.6191616724933056, -174.9330194678302
7.612900930026626, -174.9330194678302
7.612900930026626, -179.604753260248
7.612900930026626, -195.38605291509583
7.664273666682334, -195.98705809403594
7.680228169874113, -196.20728645391827
7.690503760997672, -196.32595558737282
7.693693994756359, -196.3694110787332
7.704863646159652, -196.50031572157025
7.7447661504805865, -196.67450565963625
7.8321204861700835, -197.0197351660724
7.921532656754721, -197.37235558880644
7.9511702822154575, -197.50131321071098
7.976657567330335, -197.6032601430356
8.011089756279375, -197.68897552551235
8.0676573756258, -197.82285063500666
8.311138054034018, -198.4033643831955
8.395942485142768, -198.61484308183378
8.397061742704409, -198.61752925712898
8.397468387438039, -198.61850518892072
8.428138882068083, -198.69154233633915
8.546906645482522, -198.89672919326844
8.839159295659556, -199.38969450584972
8.979755805554078, -199.6272168758346
9.029453109688575, -199.71311370123263
9.056592200623413, -199.7589804735142
9.14502745108041, -199.87447713913747
9.358155681778953, -200.14997488325392
9.715694457264249, -200.6119574353843
9.842562988841792, -200.77760158328036
9.859199931676585, -200.79879108201402
9.888844601538267, -200.82960081020227
9.95224986512494, -200.89547966612184
10.467794907984512, -201.42853885592214
10.650395306804853, -201.61785504311297
10.783403889517558, -201.75520344848917
10.783854944023574, -201.7555417898694
10.83089983760567, -201.80430099093545
11.277468623405639, -202.18364707542173
11.434855148233964, -202.31701301935297
11.821537146506103, -202.64569350386594
11.8471208985452, -202.6638100805257
11.990400157054978, -202.785237063925
12.210904816229345, -202.94195501093782
12.288036429549607, -202.99633703337918
12.993277272679734, -203.49707301338688
13.04831271815749, -203.5300046337028
13.309674174635575, -203.71430878446748
14.00632092986018, -204.13187041741747
14.318811427810033, -204.3191569000629
14.407709661035824, -204.36420111170347
14.646139451386261, -204.5055340431139
14.779941673126473, -204.58489565517522
15.197653589836136, -204.79734442666646
15.339264658549723, -204.86826508355102
16.003583229918945, -205.20580359474565
16.128860052671257, -205.2598563743059
16.390295441233206, -205.3908565013921
16.47098490572671, -205.42564143953587
16.807201442744145, -205.5679943505967
17.871806998385523, -206.02702868030104
18.035592066872027, -206.0866400410132
18.13004743922818, -206.12661935766909
18.826837561474463, -206.38049206884511
19.05301717070506, -206.4610243190431
19.550501571701716, -206.64235014004117
19.762324642423778, -206.70708609305564
19.98661195541945, -206.78697719280407
20.31343962965377, -206.88681712701234
20.417722036790224, -206.9177122976962
21.313380315146446, -207.19142563743446
21.487326657664653, -207.2353431042776
21.82166816185918, -207.33444622130298
21.91830489303709, -207.3588378768118
21.94715960319354, -207.36737088618582
22.96032781665383, -207.62304116495866
23.273528409044502, -207.69898195463267
23.493868469740505, -207.7544792476543
23.660973027010186, -207.79495922535602
23.997966821106388, -207.863463674991
24.58291909128718, -207.98247346849388
24.760047304088175, -208.016580120954
25.407746173122746, -208.14828404647704
25.813473717864326, -208.21218524750537
26.1242924404861, -208.27201766255956
26.23791938370971, -208.29004962223613
27.34855313351136, -208.46496232758497
27.729393012530522, -208.52053391297108
28.201004524905443, -208.5742188148737
28.3116481579641, -208.59034633068626
29.138513611603116, -208.68468543638255
29.374644929314968, -208.7086011127655
29.755813719699063, -208.75193546221539
30.01186522110811, -208.7779013695812
30.544364156926008, -208.81612970386993
30.865342738729282, -208.83928862269272
30.95485461443002, -208.84452977029144
31.820259248325897, -208.90660136526603
32.205210627226734, -208.91847029590184
32.547048194550484, -208.9384335922854
32.75159521710748, -208.94467424447973
32.80673248605842, -208.94787903860313
33.965888989859536, -208.98338415068923
34.249218042956386, -208.98802079605736
34.88865129885437, -208.98145773625288
35.08342596512489, -208.98462091212775
35.61822149176396, -208.97922417709663
35.7576111685313, -208.9756382949228
36.34682575897932, -208.96957622816296
36.67551350429028, -208.9611355838898
37.3579650179563, -208.92605040183875
37.364043803744494, -208.92574631913956
38.44196625357074, -208.87042250767772
38.64827554391695, -208.85123167324699
38.970994523877835, -208.82930689013497
39.48629872560457, -208.7813775814347
39.615030501349224, -208.772646925102
40.38165097051251, -208.7010412224356
40.56792949275484, -208.68032434139107
40.83843724046119, -208.655228509044
41.087862240791424, -208.62751292564056
41.83826587821159, -208.52506549595284
42.090969476876126, -208.49070021757865
42.82616528226663, -208.39035474292047
43.367633842991836, -208.30055167617374
43.42684556331642, -208.29148363791637
43.725571828464126, -208.24577886724427
43.74648441049021, -208.26926219485082
43.84346958683909, -208.3679767909318
44.146627262003335, -208.67552308352404
44.218391160557076, -208.74656784916502
44.566518168460675, -209.09977620575242
44.62435447986627, -209.14775537520134
44.71785166719633, -209.24035123652286
44.73372785759739, -209.25380868769744
44.736983252981304, -209.25702120651178
45.181556754521694, -209.62670753206137
45.28461524378508, -209.71084803960278
45.588443883737, -209.9635848197694
45.686510613462474, -210.031981516691
45.776478771982966, -210.1053726063697
45.853113013588654, -210.15861769785258
45.98882161587744, -210.2513077220174
46.504537800629464, -210.61097139799983
46.74096807590081, -210.77582708447983
46.872280953539985, -210.85322722253534
46.952525939684165, -210.90805014155137
47.12928755780126, -211.01234507887202
47.169092099573845, -211.03530052334906
47.737995598259545, -211.37095107388924
47.86502099310985, -211.44424750218727
48.01867420080441, -211.53502790684288
48.08729708975761, -211.57461103485915
48.25675160816263, -211.65958656040286
48.53918147190063, -211.80111135459072
48.60145232512866, -211.83155077711518
49.28091602514917, -212.17241074138417
49.41597599783893, -212.2384965078948
49.62510720640182, -212.32760948746585
49.68025225854069, -212.3545887888831
50.07304042178555, -212.5219772954315
50.15754778187602, -212.55700108051562
50.78375618997927, -212.82403325970273
50.925726616039924, -212.88292025797483
51.17275171985432, -212.97199317757912
51.213265664590494, -212.98880282039707
51.719724730121925, -213.17151355140214
51.82600061072071, -213.2086390958238
52.39233884625958, -213.4130716990156
52.672460729233876, -213.4978426262824
52.84450909967575, -213.5579655555876
53.0925678883674, -213.6329746547075
53.14338785115797, -213.6477922758337
53.51919213269127, -213.76135452721704
53.595769710147124, -213.78367678451883
54.09623999956841, -213.935114453177
54.17221621390331, -213.95727733368287
54.43522888368534, -214.0229739237996
54.479566790852914, -214.03399594274387
54.56364233269926, -214.05848045773575
54.91329940605419, -214.14582431458328
54.98290302429302, -214.16248222613524
55.37763504704628, -214.26084253611796
55.455613332370376, -214.2794743854212
55.88612495864436, -214.38691117169407
56.213039330954075, -214.45240211940137
56.35855670800299, -214.4871340355203
56.404864767253, -214.4964075676477
56.57288055452295, -214.5283537221291
57.39397941660229, -214.69293555144336
57.74544956456032, -214.76334670485156
58.08855204455983, -214.81640967076584
58.21795297702147, -214.841019566662
58.36247094624889, -214.8632604569056
58.54893972412174, -214.89021460111496
59.39998915424951, -215.02175083696318
59.66161292115339, -215.0621317760178
59.773523438275674, -215.07828389229286
60.128653579402226, -215.1175722868565
60.38042598506581, -215.14535632514333
60.42598988121415, -215.1499542916695
61.46310680043041, -215.26471143985415
61.619718126063276, -215.28051996900015
61.98688649981182, -215.30558858947322
62.07861555100442, -215.31483544253638
62.447631243035744, -215.34003760405528
62.51205713169679, -215.34382036990482
63.45103812837408, -215.40784290153482
63.60594521146015, -215.41693026800934
63.98427520533994, -215.42711387280806
64.05446284947027, -215.43123123244348
64.55244807091276, -215.44448440118873
64.63617251179585, -215.44594410207787
65.45478936479935, -215.46794051454165
65.60708739028735, -215.47057331523894
65.99587913299956, -215.46487529604377
66.04281444597655, -215.46570131498575
66.6837836339372, -215.4564987489838
66.78735802745507, -215.45403495824382
67.4622321260764, -215.44429771610007
67.72158202323578, -215.42987164693497
67.85997083692757, -215.42215682554314
68.02993739197564, -215.41809925908382
68.83049240354569, -215.37345164977918
68.95463593036959, -215.36535467219534
69.4630918544691, -215.3370511004493
69.86347089797539, -215.2979649847673
70.00248456595398, -215.28890117086507
70.03533520043982, -215.28565534497923
70.0402858896781, -215.2851119052904
70.98593850218185, -215.1926177055405
71.12641821725583, -215.17752505522876
71.44971601029499, -215.14588927073717
71.55601527120427, -215.1344541228821
71.95013708040608, -215.08432341140994
Holes:
Exterior:
-268.0409893850035, 132.4576152746858
-261.891652664767, 132.90438746807112
-249.66459401982388, 133.78628481848432
-249.66459401982388, 140.1446056728924
-249.66488981598013, 142.97184479752227
-249.64643627621774, 152.63712902205862
-249.64990128960437, 154.98067521046553
-249.65520181639488, 155.914004689502
-268.31336981383686, 154.5251976207827
-273.18312428418017, 154.15385077226907
-273.1812361237403, 150.96619870667047
-273.1514333219143, 147.80383946999345
-273.16757315314453, 132.08514988876402
-268.0409893850035, 132.4576152746858
Holes:
Exterior:
-268.0409893850035, -126.65766562011513
-273.16757315314453, -126.28521368351036
-273.1514333219143, -142.0039032453014
-273.18312428418017, -148.3539317130944
-269.1079600322804, -148.6764691114653
-268.31336981383686, -148.7252735424743
-249.6552074449454, -150.11406549821933
-249.64990128960437, -149.18074429749313
-249.64990128960437, -148.252040386986
-249.64643627621774, -146.83716922906117
-249.67616237207938, -141.2120633636953
-249.66488981598013, -137.1718230412267
-249.66488981598013, -130.78686973188664
-249.66459401982388, -127.98626328199197
-261.891652664767, -127.104421681046
-268.0409893850035, -126.65766562011513
Holes:
Exterior:
-259.42412261938136, 33.27299719443407
-259.42970294242105, 32.13528648296347
-259.43020220014625, 25.23945807792856
-259.4247978806957, 16.765606603155735
-259.4095361556849, 13.651605582686738
-254.43648469054506, 16.542731523859864
-249.65838150692207, 19.320487195019428
-249.65838150692207, 31.28498217188591
-249.6679895736729, 38.944727782966645
-255.39344215402946, 35.61629268500163
-259.42412261938136, 33.27299719443407
Holes:
Exterior:
-259.42412261938136, -27.472989987516335
-253.48571413197544, -30.925298671548447
-249.6679895736729, -33.14477540844799
-249.6679895736729, -19.036837780022918
-249.65838150692207, -13.52047998810168
-253.75893691652027, -11.136569348161855
-259.4095361556849, -7.8515983757689956
-259.43020220014625, -19.43945087101082
-259.42412261938136, -27.472989987516335
Holes:
Exterior:
-249.67215795919697, -45.29429851468033
-260.70837315697554, -44.56392286170084
-273.15097051949635, -43.694254469621214
-273.1477822521356, -51.47457173893722
-273.1506549403016, -66.29638313120972
-250.06133427693885, -67.87828673423417
-249.7925011140478, -67.89667788094158
-249.6718745976127, -67.90476788610891
-249.6718745976127, -67.42859043476074
-249.67215795919697, -45.29429851468033
Holes:
Exterior:
-249.67215795919697, 51.09430572159808
-249.6718745976127, 73.22859764167848
-249.6718745976127, 73.70477509302665
-250.06133427693885, 73.6782939411519
-265.3321180663643, 72.63998136436706
-273.1506549403016, 72.09634368834809
-273.1477822521356, 57.27457894585498
-273.15097051949635, 49.49426167653897
-269.87684689290245, 49.71717428430287
-269.489620045219, 49.74083831010774
-263.679301356265, 50.133294173422165
-249.67215795919697, 51.09430572159808
Holes:
Exterior:
-107.98037075939908, -78.39703413788128
-100.75389677594637, -78.97916868199012
-100.75394798864124, -72.09018835358913
-100.75394798864124, -56.28177658390704
-114.51792390570904, -55.18533666423082
-114.99723637434465, -55.14711530254938
-114.9972357752431, -55.28783750192397
-114.99723549205726, -56.87286232268815
-114.99724062487394, -70.25572624563628
-114.99724062487394, -77.83209543245458
-112.46439719600755, -78.03954632926734
-107.98037075939908, -78.39703413788128
Holes:
Exterior:
-107.98037075939908, 84.19704134479902
-112.46439719600755, 83.83955353618508
-113.39754672478773, 83.76379323976458
-114.99724062487394, 83.63210263937232
-114.99723549205726, 62.67286952960589
-114.99723637434465, 60.94712250946712
-114.9409780082957, 60.95243311532261
-114.51792390570915, 60.98534387114856
-100.75394798864124, 62.08178379082478
-100.75389677594637, 69.84471511372347
-100.75389677594637, 84.779149800312
-107.98037075939908, 84.19704134479902
Holes:
Exterior:
-259.4030734524364, 107.17718498760149
-255.26609293886634, 108.86984284110096
-249.6555048141297, 111.16544770721084
-249.6555048141297, 120.4006100674439
-249.66845747929403, 127.69970077093016
-255.78678521847814, 125.19633131017864
-259.41863906957815, 123.71026302452974
-259.3982676848832, 112.4809819743793
-259.4030734524364, 107.17718498760149
Holes:
Exterior:
-259.4030734524364, -92.44392673539363
-255.26609293886634, -91.32142698469563
-249.6555048141297, -89.79908294886145
-249.6555048141297, -81.66747281911087
-249.66690385567733, -75.23895001908951
-255.4329670245396, -76.80345881537359
-259.4198903404547, -77.88526107948918
-259.3996595407748, -88.14220444711347
-259.4030734524364, -92.44392673539363
Holes:
Exterior:
-259.4030734524364, -101.3772635333806
-259.3982676848832, -106.68101437688647
-259.41863906957815, -117.91021767063934
-253.4857564578981, -120.33772382606007
-249.66845747929403, -121.89967700833665
-249.66845747929403, -110.0408539620355
-249.6555048141297, -105.36549549425327
-253.25930119418956, -103.89103377606892
-259.4030734524364, -101.3772635333806
Holes:
Exterior:
-259.4030734524364, 98.24387656586912
-259.3996595407748, 93.94218042215589
-259.4198903404547, 83.68526338193412
-253.48594085523803, 82.07512323637124
-249.66690385567733, 81.03888093206194
-249.66690385567733, 91.37478715845752
-249.6555048141297, 95.59905646180417
-253.25930119418956, 96.57686834295102
-259.4030734524364, 98.24387656586912
Holes:
Exterior:
-241.6872970134266, 93.43702458619903
-244.89273905528682, 94.30676443777459
-244.89273905528682, 84.48205837438961
-244.8927260737139, 79.74348586550087
-241.6872970134266, 78.87374998421434
-231.92241937388042, 76.22431796060903
-231.92245672206457, 87.39433336920816
-231.92245672206457, 90.78747809685059
-241.6872970134266, 93.43702458619903
Holes:
Exterior:
-241.6872970134266, 143.57504222115844
-244.89270315592057, 143.33823406847216
-244.89270315592057, 136.31644277201693
-244.89271486795678, 134.13734309490945
-232.01336624981434, 135.07508578342836
-231.92251690655894, 135.08145908774767
-231.92245672206457, 142.21578631633818
-231.92245672206457, 144.3384593580299
-241.6872970134266, 143.57504222115844
Holes:
Exterior:
-241.6872970134266, -108.62572678680958
-244.89273905528682, -107.31420445798346
-244.89273905528682, -118.47212525471363
-244.8927079697836, -123.8537006473915
-232.0117910784403, -129.1240412506063
-231.92251690655894, -129.16056929969267
-231.92245672206457, -116.47476044411611
-231.92245672206457, -112.62116283235031
-241.6872970134266, -108.62572678680958
Holes:
Exterior:
-241.6872970134266, 130.96526995306778
-244.8927079697836, 129.6537226299564
-244.8927079697836, 116.49185942225915
-244.89273905528682, 113.1141611057112
-235.9250133383871, 116.78339147770225
-231.92245672206457, 118.4210644863724
-231.92251690655894, 134.81527570898913
-231.92251690655894, 134.96061398316178
-241.6872970134266, 130.96526995306778
Holes:
Exterior:
-241.6872970134266, -18.15453415437021
-244.8927113551856, -16.291007702160893
-244.8927113551856, -30.27425304955628
-244.89271415518851, -35.920865236250044
-233.2702281574508, -42.67755959197786
-231.92246083482257, -43.461096155409
-231.92245672206457, -28.404876814985368
-231.92245672206457, -23.831242739323432
-241.6872970134266, -18.15453415437021
Holes:
Exterior:
-241.6872970134266, -73.07380021619535
-244.8927260737139, -73.94355495252844
-244.8927260737139, -85.39417492708853
-244.89273905528682, -88.50678205529155
-235.9250133383871, -86.07352017035622
-231.92245672206457, -84.98748866597748
-231.92241937388042, -71.6871845629515
-231.92241937388042, -70.42424107603381
-241.6872970134266, -73.07380021619535
Holes:
Exterior:
-241.6872970134266, -137.77502514983792
-231.92245672206457, -138.53849918610715
-231.92251690655894, -129.36147108061513
-231.92251690655894, -129.28141406906792
-241.6872970134266, -128.56390330763048
-244.89271486795678, -128.33729774101909
-244.89271486795678, -135.66700216669847
-244.89270315592057, -137.53820705621996
-241.6872970134266, -137.77502514983792
Holes:
Exterior:
-114.84380259929685, -148.05540073566056
-113.84629999783817, -148.14128670656387
-107.19034739651454, -148.7212125153435
-100.75391076868709, -149.2470586621907
-100.75391801219871, -148.71653919884469
-100.75391801219882, -139.6040713613565
-101.35121675422909, -139.55360242631767
-114.99724363675568, -138.43547219902183
-114.99723915462937, -139.10091889424064
-114.99726818858392, -148.04145334432548
-114.84380259929685, -148.05540073566056
Holes:
Exterior:
-114.99726818858392, 122.85945908624639
-114.99725092959761, 120.51042111124976
-114.99721975571913, 107.24810637617882
-114.99722774627446, 105.76299462441182
-114.4017677369053, 105.60736256204207
-100.75391866346342, 102.04037000798024
-100.75391076868709, 102.66783583061908
-100.75390768486932, 107.21374934087042
-100.75390768486932, 124.06899715032216
-100.75391801219882, 130.0827869849998
-101.35121675422909, 129.82928175277837
-114.9972725509507, 124.03778727371383
-114.99726818858392, 122.85945908624639
Holes:
Exterior:
-114.99726818858392, -11.360944606658462
-113.74944352044349, -12.286491102023856
-100.75391220239192, -21.92547313320214
-100.75391076868709, -20.9306296161005
-100.75391076868709, 0.9742356936367182
-101.2884693059815, 1.3707285275008365
-103.35023383559837, 2.900003603458873
-100.75391076868709, 4.825771513281028
-100.75391220239192, 5.908037371616476
-100.75391220239192, 27.725407651896393
-101.2884693059815, 27.328909228302926
-114.99726818858392, 17.16088087409324
-114.99726818858392, 15.55372829213232
-114.99723191189742, 10.258176326043774
-114.99723191189742, -4.4582224156596055
-114.99726818858392, -11.360944606658462
Holes:
Exterior:
-114.9972725509507, 153.08082161788525
-114.99724363675557, 144.23543836193008
-113.60709107383627, 144.35208107759942
-100.75391801219882, 145.40400227432892
-100.75391076868709, 145.82829404837594
-100.75391076868709, 155.0470625546478
-113.84629999783817, 153.94128774837105
-114.99726818858392, 153.84145251954968
-114.9972725509507, 153.08082161788525
Holes:
Exterior:
-114.9972725509507, -118.2378563607414
-113.56844935975528, -118.8442729841653
-100.75391801219882, -124.28285607202739
-100.75391076868709, -123.55345781518892
-100.75390768486932, -118.26903890990204
-100.75390768486932, -101.41374213395268
-100.75391866346342, -96.2403628010625
-101.31022748765838, -96.3857629172087
-114.99722774627446, -99.96309810586979
-114.99722502384054, -100.4180594278364
-114.99721975571913, -101.4482018429661
-114.99725092959761, -114.71047416953661
-114.9972725509507, -118.2378563607414
Holes:
Exterior:
-239.41354707381947, 74.39503300836921
-244.89272984865352, 74.02669316974834
-244.89272984865352, 67.57077293556111
-244.8927079697836, 51.414466220136454
-233.249987933155, 52.21243107860226
-231.92246083482257, 52.29859312778081
-231.92245968577754, 57.84385660511252
-231.9224225466503, 74.9128261378874
-239.41354707381947, 74.39503300836921
Holes:
Exterior:
-233.249987933155, -46.4124238716845
-244.8927079697836, -45.6144590132187
-244.89272984865352, -61.77071121279295
-244.89272984865352, -68.2266314469802
-237.3698091823951, -68.7423190854273
-231.9224225466503, -69.1127692834357
-231.92245968577754, -52.04386811080145
-231.92246083482257, -49.375522919443
-231.92246083482257, -46.49859563191168
-233.249987933155, -46.4124238716845
Holes:
