Exterior:
-23.854907802996422, -96.20868814496878
-16.004261915486154, -96.53386125216109
-15.857878613149637, -96.53891856315464
-15.859684512270064, -97.67798877848526
-15.872578343056375, -102.77057252889844
-15.887450247966626, -109.35139195443296
-14.166417184684178, -109.43009846456773
11.645484866368975, -110.60340656533596
11.645484866368975, -106.15944212754486
11.645194339192813, -102.80036874085191
11.658429806644904, -96.70447208243185
11.66250356070202, -89.72824793084197
-5.684886018995144, -88.94908985035403
-7.299403042832978, -88.87133433532523
-7.438806649907633, -88.86505237503002
-36.05848240730984, -87.58489540864798
-44.20448017295803, -87.21902753238668
-55.63079154786681, -86.70582824158062
-55.64115381991621, -89.21805145568473
-55.64115381991621, -93.19232651090485
-55.63901811595781, -107.62821912082525
-50.93827305397281, -107.84072497892056
-30.998085003875644, -108.69410758930934
-30.990512596936128, -105.28473060019391
-30.99120626991771, -104.78989623051015
-31.003882701599082, -95.85323129362519
-28.02979673368452, -95.97812650692941
-23.854907802996422, -96.20868814496878
Holes:
Exterior:
-23.854907802996422, 96.83403282571969
-28.782686355286728, 96.60575428936001
-31.003882701599082, 96.47852066214844
-30.99120626991771, 105.41521777949097
-30.990512596936128, 105.91007528094482
-30.998085003875644, 108.17269462763424
-30.998085003875644, 109.3194556758327
-50.93827305397281, 108.46604609419462
-55.63901811595781, 108.25352565460351
-55.63901811595781, 104.18370703801273
-55.64115381991621, 89.84331984249033
-55.63079154786681, 87.33109662838622
-36.05848240730984, 88.21016379545358
-35.83873523804937, 88.22004660465312
-7.299403042832978, 89.49667901607614
11.66250356070202, 90.35359261159289
11.645194339192813, 103.42568952044803
11.645484866368975, 106.78476184855252
11.645484866368975, 111.22871309911422
-14.166417184684178, 110.05540499834599
-15.887450247966626, 109.9766795201178
-15.872578343056375, 103.39586050750823
-15.859684512270064, 98.30329870075835
-15.857878613149637, 97.16422438685595
-20.333672880761583, 96.94847856560526
-23.854907802996422, 96.83403282571969
Holes:
Exterior:
-74.9676800337171, 51.26188626913891
-80.31485316686485, 49.20841932176701
-80.31485316686485, 39.9838652638517
-80.31479681331882, 33.06846268125045
-75.64187776980134, 34.86297669989162
-67.40347546855423, 38.02683823717411
-67.40356352814263, 50.41553721020298
-67.40356352814263, 54.16682233592879
-74.9676800337171, 51.26188626913891
Holes:
Exterior:
-74.9676800337171, -77.09887386979929
-67.40346215019235, -74.89388984553044
-67.40356352814263, -63.52095937252614
-67.40356352814263, -60.077243842996545
-74.9676800337171, -62.282284514330534
-80.31485316686485, -63.84100074030361
-80.31485316686485, -72.30922935997748
-80.3148105425704, -78.6576047854989
-74.9676800337171, -77.09887386979929
Holes:
Exterior:
-74.9676800337171, -93.9095569383075
-67.4034424651752, -94.24595812708905
-67.40347344765848, -90.18170287948152
-67.40347344765848, -86.17825126384514
-74.9676800337171, -85.83945691136445
-80.3148105425704, -85.60774247355732
-80.3148105425704, -89.46747690908818
-80.31485316686485, -93.68403392393941
-74.9676800337171, -93.9095569383075
Holes:
Exterior:
-74.9676800337171, 94.5348253251131
-80.31485316686485, 94.30936768901464
-80.31485316686485, 89.70243224934406
-80.3148105425704, 86.23308715430824
-75.17245889391017, 86.464611062927
-67.40347344765848, 86.80363373047459
-67.4034424651752, 92.05596668245417
-67.4034424651752, 94.87127623553108
-74.9676800337171, 94.5348253251131
Holes:
Exterior:
-74.9676800337171, -34.496710045419235
-80.31479681331882, -32.44319429444484
-80.31479681331882, -39.82551460261955
-80.31485316686485, -48.58311824582659
-70.54186863142024, -52.33633538071331
-67.40356352814263, -53.541553949123184
-67.40347546855423, -45.67058200037057
-67.40347546855423, -37.401569850368496
-74.9676800337171, -34.496710045419235
Holes:
Exterior:
-74.9676800337171, 77.72414225660489
-80.3148105425704, 79.28291293406961
-80.3148105425704, 72.18821740892757
-80.31485316686485, 64.46630181624403
-70.54186863142024, 61.61735676376094
-67.40356352814263, 60.70251222980216
-67.40346215019235, 68.15079101963941
-67.40346215019235, 75.51911987957041
-74.9676800337171, 77.72414225660489
Holes:
Exterior:
109.61597307021248, 109.72621859905718
109.65287592057302, 115.9337665009725
91.2867075749698, 114.99579898129491
84.01852299396467, 114.63678289775832
84.01852299396467, 104.7474989545586
84.02781119274289, 100.65723084853877
84.02781119274289, 93.74184227927789
91.30489801727254, 94.0968806559358
101.00573142851943, 94.57221568503563
106.88483240220751, 94.86847734931017
109.6380802232942, 95.00434575753471
109.61597307021248, 109.72621859905718
Holes:
Exterior:
93.86626815658258, 0.31267234037545866
93.8591350629357, 1.8850189675993332
93.85184380768942, 12.352845773929891
92.19682765128391, 12.545796119672335
94.91611737657979, 12.685270747407401
109.63377754835221, 13.448692858792082
109.64001400274628, 27.634003346676746
109.63505244627106, 35.96468510743761
100.60813232121257, 35.50266930434591
89.10435246507757, 34.90511615695312
84.01588108928865, 34.64831029360045
84.01457598946706, 24.11597456184211
84.0148644302817, 7.269787403160999
84.01353480134469, 0.35653958194515006
84.38982081534641, 0.3126723403754588
84.14258699316304, 0.28384842636316504
84.01353480134469, 0.2688050988057675
84.0148644302817, -6.6444427224100835
84.01457598946706, -23.490629881091195
84.01588108928865, -34.022987171955165
90.1608108689253, -34.342628111340865
100.60813232121257, -34.877357200630264
109.63505244627106, -35.3393853673336
109.62921829785705, -22.07569114712529
109.63377754835221, -12.823396220112295
94.91611737657979, -12.059931210474579
93.56902733040727, -11.990943043289446
92.19682765128391, -11.920451438921415
93.85184380768942, -11.727504356223443
93.85334268456972, -11.396654723846373
93.86626815658258, 0.31267234037545866
Holes:
Exterior:
-34.85122405940683, -49.90285039055105
-35.35596775887234, -49.708995140093286
-55.620787795086926, -41.926542967398035
-55.61001744532746, -56.542098512085815
-55.60989879693045, -58.070795867753176
-55.61978132650711, -71.4588217871466
-35.79603123543484, -65.67998818208548
-35.657953350229604, -65.73300109979519
-7.309460766442271, -76.61977498743792
11.653268643768456, -83.9022556754777
11.654596312349895, -72.47353148035337
11.64871563706538, -67.76059466623654
1.8987769590872858, -64.0162932856399
-0.9817249535849442, -62.910058352306294
-11.904734848716089, -58.715266502397974
-0.9817249535849442, -55.531100072554175
11.64871563706538, -51.84921379927557
11.64871563706538, -43.7218982042097
11.654109925008925, -37.03115569115325
-4.970873398464505, -41.87751848457215
-6.99471498347657, -42.467437051438445
-33.83710789559109, -50.29233864595266
-34.85122405940683, -49.90285039055105
Holes:
Exterior:
-108.04554963626367, -71.92479929527752
-109.49079947295422, -72.34611056721764
-110.44263768074734, -72.62357643892142
-110.44263768074734, -68.92998226169424
-110.44263768074734, -37.012843406694856
-109.49079947295422, -37.378375610870684
-106.87278891047242, -38.38380818464542
-106.87278891047242, -37.29078845248391
-106.87281291708393, -33.187876775152844
-106.87281291708393, -16.805523962595657
-106.87281291708393, 33.813196894691984
-106.87278891047242, 39.009147698651354
-108.04554963626367, 38.55876234842148
-109.49079947295422, 38.0037202916216
-110.44263768074734, 37.63818808744577
-110.44263768074734, 69.55532694244515
-110.44263768074734, 73.24892111967233
-109.49079947295422, 72.97145524796855
-106.87278891047242, 72.20826634780587
-106.87278891047242, 73.21166888842149
-106.87283238140799, 77.84923538898688
-106.87283238140799, 90.09456492103479
-106.87278891047242, 93.1748297466989
-109.49079947295422, 93.06235332469693
-112.67935125895349, 92.92878951032048
-116.25349941115326, 92.77931986512095
-116.84247898934109, 92.75468894193796
-116.84247898934109, 93.16525140546798
-116.84247898934109, 99.17692252348093
-121.0452178134193, 99.00226540765826
-121.04602780103494, 99.82443631412013
-121.05207204994849, 105.43140989124917
-128.45446185961066, 105.13990535137228
-144.21240584839336, 104.54532318362509
-144.19713639673944, 98.31548873743442
-144.12651232905148, 83.51196829106517
-144.0003617054548, 83.51692675444056
-143.7930815155454, 83.52553332217873
-136.64383569078166, 83.82516337639805
-129.9685203330681, 84.10494077027117
-129.96846323907812, 83.47221440510289
-129.96846323907812, 26.75651838453058
-129.96846323907812, 24.949054408705905
-129.9685084406634, 24.344135754089177
-134.6969139124816, 24.128596308672055
-143.48534155009895, 23.727984975657062
-144.12648339020268, 23.699032769109373
-144.12626960514274, 23.10735926132865
-144.14259541856052, 10.733385440217575
-144.14266822342518, 9.499049155175081
-144.16638739774305, 0.31255310790798907
-144.16631043921268, -0.9911443050050299
-144.14259541856052, -10.108117053411963
-144.12626960514274, -22.482016586827225
-144.12648339020268, -23.073688088358445
-143.726292321012, -23.091744396174015
-143.48534155009895, -23.102647201008
-134.31053968897993, -23.52091699011515
-129.9685084406634, -23.71886573298953
-129.96846323907812, -24.323782135808635
-129.96846323907812, -26.131242225541655
-129.96846323907812, -82.84679343040666
-129.9685203330681, -83.47952123780478
-134.89298464396813, -83.27330782447788
-143.7930815155454, -82.90025775939377
-144.0003617054548, -82.89165836763496
-144.12651232905148, -82.88669990425957
-144.12664427866514, -82.94932502077518
-144.21240584839336, -103.92004490932408
-134.03773240538828, -104.31304589545097
-128.45446185961066, -104.51453313920135
-121.05207204994849, -104.80605547164016
-121.04930449697531, -102.16805167896113
-121.0452178134193, -98.37698134938069
-116.84247898934109, -98.55161598970267
-116.84247898934109, -98.1410510875016
-116.84247898934109, -92.12934426118704
-116.25349941115326, -92.15396816301224
-112.67935125895349, -92.30339519998907
-109.49079947295422, -92.4369323500007
-106.87278891047242, -92.54941910549262
-106.87278891047242, -92.00353699892601
-106.87283238140799, -89.46917299276085
-106.87283238140799, -77.22389070823597
-106.87278891047242, -71.58292683379993
-108.04554963626367, -71.92479929527752
Holes:
Exterior:
-46.35901614652141, 69.38441519529711
-55.61978132650711, 72.08403767619792
-55.60989879693045, 58.69605688320831
-55.61001744532746, 57.167374124847576
-55.620787795086926, 47.66254407162964
-55.620787795086926, 42.551863489771556
-46.188888428408404, 46.174078414308646
-35.35596775887234, 50.334339820844214
-34.355209436978726, 50.71864750473395
-33.83710789559109, 50.917607032758276
-6.99471498347657, 43.092742698438215
11.654109925008925, 37.65642407795887
11.654109925008925, 48.04657191754165
11.64871563706538, 52.47452403566947
1.8987769590872858, 55.316700285362124
-0.9817249535849442, 56.15639368967285
-11.904734848716089, 59.34053488920359
-0.9817249535849442, 63.53535196942497
11.64871563706538, 68.38586305304214
11.648053695752083, 77.71739148957539
11.653268643768456, 84.52760035622862
-5.696298295036172, 77.86471558625662
-5.781529287504213, 77.83192566762168
-7.396613886124328, 77.21163301081386
-35.50406488551914, 66.41737965782207
-35.79603123543484, 66.30518027494577
-46.35901614652141, 69.38441519529711
Holes:
Exterior:
30.149078994967226, 92.13789157967284
30.149103068283807, 97.70984907499283
30.149103068283807, 99.23132741360743
20.49178150016735, 98.78372246779011
17.349064766950846, 98.644957604371
17.348930135466162, 92.0773191871842
17.348930135466162, 90.60211683216359
28.83165431144016, 91.1247450942817
20.094333664155215, 87.76928603392338
17.348930135466162, 86.7149206031227
17.348913013103356, 82.16543695035219
17.349027021069787, 70.57497700624026
26.93496262838869, 74.25632439595444
30.149103068283807, 75.49066568491205
30.149078994967226, 89.71956557384792
30.149078994967226, 92.13789157967284
Holes:
Exterior:
30.149078994967226, -89.09422992694886
30.149103068283807, -77.91790618728007
30.149103068283807, -74.86539729810644
20.49178150016735, -71.15663350795461
17.349027021069787, -69.94970861943466
17.348913013103356, -81.5401137752785
17.348930135466162, -86.08958990162236
28.83165431144016, -90.4994004135308
20.094333664155215, -90.09905852186539
17.348930135466162, -89.97677215141267
17.349064766950846, -96.3211363687948
17.349064766950846, -98.01962901865225
20.49178150016735, -98.15836842100613
30.149103068283807, -98.60603738281706
30.149078994967226, -91.51255593277378
30.149078994967226, -89.09422992694886
Holes:
Exterior:
30.14909597961389, -0.7393662433325587
25.062839030148666, -0.1463773660162297
21.12535548331516, 0.31267234037545966
30.14909597961389, 1.3647109240834774
30.14910474316673, 29.17519131963333
30.14910617730459, 31.963599584782703
20.49178150016735, 31.49174260359432
17.349064766950846, 31.341277824662928
17.349064766950846, 7.2448568719432975
17.348977148473182, 2.273552717685994
17.348977148473182, -1.6482132789636266
17.349064766950846, -30.71600943785732
29.931484240767418, -31.327947087514065
30.14910617730459, -31.338329624970616
30.149103068283807, -7.065134090914559
30.14909597961389, -0.7393662433325587
Holes:
Exterior:
30.149103068283807, 47.081503231832016
20.49178150016735, 49.89670274229978
17.349027021069787, 50.812839695418546
17.349027021069787, 40.71853188009141
17.349064766950846, 35.996283028841624
29.931484240767418, 32.32837140435324
30.14910617730459, 32.26492942517094
30.149103068283807, 44.27927095319646
30.149103068283807, 47.081503231832016
Holes:
Exterior:
30.14910617730459, -31.945145188868075
30.14910617730459, -31.639661038365333
20.49178150016735, -34.454845000025415
17.349064766950846, -35.371014642036016
17.349064766950846, -47.06182417106822
17.349027021069787, -50.18751933075555
26.93496262838869, -47.393125472665844
30.149103068283807, -46.45617298040427
30.14910617730459, -31.945145188868075
Holes:
Exterior:
106.88483240220751, -94.24325858803054
103.38313716501, -94.07279203201966
101.00573142851943, -93.94694007013162
91.37938743927964, -93.4779707816965
84.02781119274289, -93.11650293927288
84.02781119274289, -100.03192431476052
84.02781119274289, -111.09037845494758
84.01852299396467, -114.01148808352647
91.2867075749698, -114.37051976668903
98.98463430446554, -114.76479630261113
109.65287592057302, -115.30845996719424
109.67956385262391, -97.48945660116442
109.6380802232942, -94.37910862546583
106.88483240220751, -94.24325858803054
Holes:
Exterior:
84.0228984777774, -90.08260347517543
85.96652786974369, -89.52934968048726
93.86885020087641, -87.27995120490506
93.85992281906385, -80.8013739751893
93.86468298851673, -72.55228103570657
89.38463774161755, -73.82751508292093
84.01915047381306, -75.3548327256612
84.0228984777774, -77.41454905605079
84.0228984777774, -90.08260347517543
Holes:
Exterior:
84.0228984777774, 90.70794815592635
84.01915047381306, 87.59802902520414
84.01915047381306, 75.98016129183492
86.71712653823897, 75.21218059021095
93.86468298851673, 73.17758448997148
93.85992281906385, 81.42668508427084
93.86885020087641, 87.90529588565597
91.37187480485238, 88.61605905591276
84.0228984777774, 90.70794815592635
Holes:
Exterior:
-80.31481101440033, 2.7194108493507025
-80.31481101440033, -26.02587079598631
-75.88835950069085, -26.23973940180302
-67.40345753201757, -26.640806170616766
-67.40345753201757, 0.4940277814571528
-67.40345753201757, 27.26611458159168
-74.81305581392155, 26.909817370845246
-80.31481101440033, 26.651172501685323
-80.31481101440033, 2.7194108493507025
Holes:
Exterior:
54.82938085614762, 106.80878543062033
52.73472928319222, 106.70995931147246
49.88716232159743, 106.57555696959112
46.35759425284641, 106.40897818754343
46.35759425284641, 103.0607441096818
46.35759425284641, 99.98083182523874
42.87035272540845, 99.81751547956448
39.95775294425266, 99.68111106107858
39.95775294425266, 93.06247957930762
39.95775294425266, 79.25752707670358
39.95775294425266, 67.90369715058796
39.95775294425266, 54.38553991793333
39.95775294425266, 30.70404574736926
39.95775294425266, 29.281006353561327
39.95775294425266, 15.762849120906694
39.95775294425266, -12.432937127883978
39.95775294425266, -15.401072050482302
39.95775294425266, -26.754926701029664
39.95775294425266, -54.95071294982035
39.95775294425266, -61.5693444315913
39.95775294425266, -81.94358595760347
39.95775294425266, -82.8696695452809
39.95775294425266, -85.25089017166893
39.95775294425266, -99.05584267427298
42.87035272540845, -99.19222973188087
46.35759425284641, -99.35552529146048
46.35759425284641, -102.70371963002974
46.35759425284641, -105.78359535981986
49.88716232159743, -105.95021016669065
52.73472928319222, -106.08460950110339
54.82938085614762, -106.18343341534498
59.15758204581516, -106.38769081880423
59.15758204581516, -102.17005375576343
59.15758204581516, -99.95901039888236
61.66203239197546, -100.0779273047137
65.55742335440891, -100.26288918306204
65.55742335440891, -82.56195607018901
65.55742335440891, -80.6098740463433
65.55742335440891, -48.9708201170918
65.55742335440891, -9.70265549542422
65.55742335440891, -6.213459302605392
65.55742335440891, -2.2584487191936917
65.55742335440891, 37.00978461834337
65.55742335440891, 41.34032910312109
65.55742335440891, 41.776492836115644
65.55742335440891, 46.107044898969214
65.55742335440891, 49.5962335137122
65.55742335440891, 81.2352187270942
65.55742335440891, 83.187296961902
65.55742335440891, 100.8881957168403
61.66203239197546, 100.70325705740714
59.15758204581516, 100.58435507963327
59.15758204581516, 104.80196711575171
59.15758204581516, 107.01299735258249
54.82938085614762, 106.80878543062033
Holes:
Exterior:
68.58972362425573, -3.0254638277659147
68.5897335835374, -10.436222883070855
68.5897335835374, -42.29962854506929
68.58973247753181, -46.651863799867655
69.57025796704886, -47.03027179861685
81.38999030618515, -51.59183856965951
81.38994954668044, -37.21828576609247
81.38994186301636, -35.42244709916422
80.30578527004639, -35.00404427270186
76.82298731925266, -33.65995339204641
81.38994186301636, -33.89214970125787
81.38993844687946, -32.24514137847568
81.38993800993342, -27.202020220135864
81.38996504837894, -4.951818147499329
81.3900179320168, -0.037043229291939095
77.67740227081276, -0.46985816794317087
68.58973684575574, -1.5293906011124776
68.58972362425573, -3.0254638277659147
Holes:
Exterior:
68.58972362425573, 3.6508085085168336
68.58973684575574, 2.154735281863396
75.02438673318022, 1.4045474903372819
81.3900179320168, 0.6623879100428567
81.38996504837894, 5.577162828250247
81.38993800993342, 27.827364900886774
81.38993844687946, 32.87048047899464
81.38994186301636, 34.51748885878546
76.82298731925266, 34.28529807279734
81.38994186301636, 36.047786256691815
81.38994954668044, 37.84362197331208
81.38999030618515, 52.21710695646512
79.90949721521895, 51.645751740598534
68.58973247753181, 47.27727594209821
68.58973247753181, 46.34132605118215
68.5897335835374, 42.92502898400616
68.5897335835374, 11.061567563821779
68.58972362425573, 3.6508085085168336
Holes:
Exterior:
68.58973247753181, 80.37207485079422
69.57025796704886, 80.09296921298869
81.38999030618515, 76.72855350214398
81.3899821950913, 78.19183337565264
81.3899821950913, 91.45742069721817
79.90949721521895, 91.87883699898597
74.93516993644016, 93.29477378080514
81.38998690094195, 93.60928821372438
81.38997245660312, 94.53879506651114
81.38997245660312, 101.65248780546011
79.90949721521895, 101.57796953251747
68.58973247753181, 101.03522977304723
68.58973247753181, 100.5691206859645
68.58974838997847, 98.43283789277609
68.58974838997847, 85.13471530522365
68.58973247753181, 80.37207485079422
Holes:
Exterior:
68.58973247753181, -100.40992323926898
79.90949721521895, -100.95266299873921
81.38997245660312, -101.02717687168014
81.38998690094195, -100.22605804001488
81.38998690094195, -92.98395111492306
79.90949721521895, -92.91013658811644
74.93516993644016, -92.66942910005423
81.3899821950913, -90.83207601646725
81.38999030618515, -88.62149439547105
81.38999030618515, -76.10322027195714
79.90949721521895, -76.52464099987569
68.58973247753181, -79.74673458627615
68.58973247753181, -80.59931041738771
68.58974838997847, -84.50937062447274
68.58974838997847, -97.80751902404944
68.58973247753181, -100.40992323926898
Holes:
Exterior:
84.02324029901047, 50.97085553207992
84.0212170614194, 37.06325997950242
85.62736540565174, 37.68312046603185
93.8677611037815, 40.863288418549935
93.85889428400571, 47.55873277640983
93.86468298851673, 57.031404067084154
89.38463774161755, 55.302461597938816
84.01915047381306, 53.23175834814614
84.02324029901047, 50.97085553207992
Holes:
Exterior:
91.5613323179042, -39.34781866457202
84.0212170614194, -36.43791529875149
84.01796792180767, -39.26589693476863
84.01915047381306, -52.60648996134052
86.71712653823897, -53.647698938335516
93.86468298851673, -56.40606554535993
93.85889428400571, -46.9334197040419
93.8677611037815, -40.23794373779901
91.5613323179042, -39.34781866457202
Holes:
