Exterior:
-79.44604511416708, 71.60049326181951
-90.00068519229103, 74.67735978551309
-101.62339826526124, 78.06552218256974
-101.62332989151787, 69.78070328208725
-101.62332989151787, 63.2488736137022
-82.51835706462748, 57.67951041248832
-95.34696248730859, 52.75283115116084
-101.62332989151787, 50.342418927042495
-101.62331378175475, 42.9345055101798
-101.62337248292886, 34.20239089239036
-79.44604511416708, 42.71946312810929
-75.83352820765879, 44.10679237234255
-68.47564760063267, 46.93239661967335
-66.53468130099577, 47.677801905313885
-66.53471927490386, 53.020176588737556
-66.53469311253991, 63.81771997132517
-66.5346572871349, 66.44982688788397
-66.5346572871349, 67.83672474485775
-75.04909080441507, 70.31874161989607
-79.44604511416708, 71.60049326181951
Holes:
Exterior:
-79.44604511416708, 27.656004153205203
-89.57215674538406, 27.18628069399977
-101.62342209697329, 26.617363922927836
-101.62342209697329, 7.365007076994855
-101.62342209697329, -26.397579548146517
-79.44604511416708, -27.436154171524453
-78.24084295254363, -27.494708737747445
-75.83352820765879, -27.60854296392195
-68.53371865805855, -27.961240849861774
-66.53467707515063, -28.055732118157074
-66.53467707515051, 21.96802644033611
-66.53467707515051, 28.27552592262645
-75.83352820765879, 27.82838228600711
-78.24084295254363, 27.714569406474077
-79.44604511416708, 27.656004153205203
Holes:
Exterior:
-79.44604511416708, -42.49967875332796
-89.77792344206352, -38.53170577138305
-101.62337248292886, -33.982606517609035
-101.62331378175475, -42.71472113539847
-101.62332989151787, -50.122600918403634
-82.51835706462748, -57.45972603770699
-95.34696248730859, -61.19940354968866
-101.62332989151787, -63.02905560506334
-101.62339826526124, -68.52990986087653
-101.62339826526124, -77.84571816335651
-79.44604511416708, -71.38071957408405
-75.04909080441507, -70.09898322697873
-66.5346572871349, -67.61700952257326
-66.53469311253991, -63.59799119576449
-66.53471927490386, -52.80039221395623
-66.53468130099577, -49.40619550577088
-66.53468130099577, -47.45801753053256
-75.83352820765879, -43.88700799756122
-79.44604511416708, -42.49967875332796
Holes:
Exterior:
120.5001273779983, 15.062415114238386
121.39142483161356, 15.107871451697028
123.36251957377488, 15.208583217734953
124.1239271218999, 15.246026458932793
124.12975049253714, 22.397866480155134
124.14003550087205, 37.77314046410101
115.3649116912544, 37.327812949789326
111.39271452602986, 37.12208710440841
98.4954853461893, 36.454137678019094
98.49325987838017, 23.873681184723427
98.50042183453763, 13.940336943397728
111.39270964616651, 14.600998284993448
120.5001273779983, 15.062415114238386
Holes:
Exterior:
84.47495619889469, -12.992021306794
78.80732324633016, -12.701022608186484
71.67471186721787, -12.33948844816836
71.67471186721787, -16.071370736076446
71.67477890036696, -34.85701851467004
76.67453764129198, -35.11550496689633
84.47498140291952, -35.51210060504096
84.4749571364099, -23.81258603150697
84.47495619889469, -12.992021306794
Holes:
Exterior:
84.47495073016557, -102.59676763991844
84.47502755071685, -98.33610947047309
84.47502755071685, -94.54492019041345
76.60121379808902, -94.15234613743733
71.67480133072127, -93.91395724508654
71.67480133072127, -97.94487292962658
71.6747767540453, -101.96427023522006
76.60121379808902, -102.20047419513344
84.47495073016557, -102.59676763991844
Holes:
Exterior:
84.47495073016557, 99.70821559722233
84.47495073016557, 102.81661356257442
76.60121379808902, 102.42029671688744
71.6747767540453, 102.18409275697405
71.6747767540453, 97.43329354973119
71.67480133072127, 94.13381791381319
76.95891893807288, 94.398514095368
84.47502755071685, 94.7647405354151
84.47495073016557, 99.70821559722233
Holes:
Exterior:
84.4749571364099, 24.032407061086463
84.47498140291952, 35.731922039580944
76.67453764129198, 35.335335835205065
71.67477890036696, 35.076842741281354
71.67477890036696, 24.321899898442897
71.67471186721787, 12.559336471761801
73.26873205634854, 12.641414216601389
84.47495619889469, 13.211854309367856
84.4749571364099, 24.032407061086463
Holes:
Exterior:
84.47497096837367, 10.35323805045775
78.80732324633016, 11.013996366226113
71.67471186721787, 11.84555663852036
71.67479412060925, 3.4319403249552347
71.67479412060925, -3.2121071110835224
71.67471186721787, -11.625708614926918
73.25708425877156, -11.441226263083657
84.47497096837367, -10.133404900346802
84.47502844653502, -2.9207930744577566
84.47502844653502, 3.14061931683795
84.47497096837367, 10.35323805045775
Holes:
Exterior:
84.47498140291952, 46.602381199376076
84.47503598378466, 59.35909034749993
84.47504566111024, 62.77171509357029
76.60121379808902, 59.733028232250355
71.6747767540453, 57.83183845503792
71.6747767540453, 48.29220465898215
71.67477890036696, 41.66251605414779
76.67453764129198, 43.59201842320713
84.47498140291952, 46.602381199376076
Holes:
Exterior:
84.47498140291952, -46.38255976483609
76.77368100024864, -43.410437585431886
71.67477890036696, -41.44265538542115
71.67477890036696, -49.16601509658312
71.6747767540453, -57.611991516937735
81.66874564968339, -61.46890070470691
84.47504566111024, -62.55193071878897
84.47503598378466, -59.13928987045646
84.47498140291952, -46.38255976483609
Holes:
Exterior:
84.47500252319242, 83.3202811726158
76.60121379808902, 85.56153520122506
71.67480133072127, 86.96383308474329
71.67480133072127, 79.59078436165
71.6747767540453, 72.23491547007228
81.6687456496835, 69.39014183323445
84.47504566111024, 68.5913454157787
84.47500252319242, 76.3736307657437
84.47500252319242, 83.3202811726158
Holes:
Exterior:
84.47500252319242, -83.10042050388914
84.47504566111024, -71.34369694373353
84.47504566111024, -68.37154564555725
76.60121379808902, -70.61282321413903
71.6747767540453, -72.01509981363151
71.6747767540453, -80.70494666452636
71.67480133072127, -86.74401060745805
76.95682371419889, -85.24045935616543
84.47500252319242, -83.10042050388914
Holes:
Exterior:
98.4954853461893, -36.23431067797659
111.39271452602986, -36.90226479390656
124.14003550087205, -37.55329992045938
124.12975049253714, -22.17805788555843
124.1239271218999, -15.026229562970656
121.39142483161356, -14.888078938594834
113.43573825479382, -14.485862350971285
111.39270964616651, -14.38117599519626
101.34183442995379, -13.866443174073364
98.50042183453763, -13.720476274671094
98.50301818872401, -28.40724034156962
98.4954853461893, -36.23431067797659
Holes:
Exterior:
111.39266553533582, -116.79191602921416
119.80964861709106, -117.21321650445891
124.14843835977672, -117.4586237937831
124.13586969922699, -114.40035730393245
124.11663356008944, -105.99948383819152
124.10104857118381, -99.21144597785427
124.1051357710196, -96.48967627163614
116.57137455767167, -96.13146775518092
111.39273417931952, -95.8787719370187
100.68727162789105, -95.35723092822822
98.50399201165908, -95.24988179032619
98.50399201165908, -97.30363162851481
98.50399201165908, -100.58778412882779
98.47790117666477, -108.79327058946245
98.47676248577784, -116.14528870449843
107.74760123029125, -116.60940343812273
111.39266553533582, -116.79191602921416
Holes:
Exterior:
111.39266553533582, 117.01173855096816
107.74760123029125, 116.82922595987672
98.47676248577784, 116.36514993947925
98.47790117666477, 109.01314260151656
98.50399201165908, 97.5234541502688
98.50399201165908, 95.46971405491135
111.39273417931952, 96.09853685264737
124.1051357710196, 96.70951711035373
124.10104857118381, 99.43130167828822
124.11663356008944, 106.21932718358715
124.14843835977672, 117.67845061546791
120.6395717147293, 117.48257521528222
119.80964861709106, 117.43303902621291
111.39266553533582, 117.01173855096816
Holes:
Exterior:
-81.02438008642889, -94.91923051402786
-75.10876630221162, -95.1873689012658
-66.5346570168009, -95.55885519686207
-66.5346586994317, -90.71757412087186
-66.5346776571912, -88.23071170303697
-66.5346776571912, -87.5037362797255
-74.92051646159075, -87.1281417219327
-79.46550238273096, -86.92625055801301
-90.04064277673092, -86.47502792734412
-101.62349810940918, -85.96875373872194
-101.62338025604447, -89.81603172063048
-101.62338025604447, -94.04099307394189
-81.02438008642889, -94.91923051402786
Holes:
Exterior:
-81.02438008642889, 95.13903024503996
-101.62338025604447, 94.26089361471213
-101.62349810940918, 91.25981345039563
-101.62349810940918, 86.18858597152563
-79.46550238273096, 87.14610048224526
-74.92051646159075, 87.34800239065936
-67.94542568807299, 87.66204164530197
-66.5346776571912, 87.72360380988265
-66.5346586994317, 90.93743478959851
-66.5346570168009, 95.77867615728846
-70.57272063777373, 95.60334571789646
-75.10876630221162, 95.40722956999245
-81.02438008642889, 95.13903024503996
Holes:
Exterior:
-131.24442729403438, 25.22555119322097
-133.57809728535892, 25.12032678310204
-133.5882847886338, 6.712107079611881
-133.58426258068346, 2.628348056925368
-131.64459322102869, 2.7196559403840093
-130.0550543625626, 2.793456631576365
-119.4441968125708, 3.2861222504581886
-119.46105675977071, 2.2734803188341277
-119.47334821704248, 0.10993033436331727
-119.44422115142595, -1.6864254637013736
-119.4441968125708, -3.066261581731555
-120.99880358765245, -2.9972756902728257
-130.0550543625626, -2.573595962849731
-133.58426258068346, -2.4085106469599196
-133.57369977263386, -12.767521092688426
-133.57809728535892, -24.90051405323585
-130.85815110868145, -25.0232779643688
-124.14311292400248, -25.334176721300746
-123.68565919314665, -25.35594273901061
-122.62303235759623, -25.405886993741014
-110.54295729935927, -25.970025922432878
-110.54295729935927, 5.250255950574539
-110.54295729935927, 26.18993157877704
-122.62303235759623, 25.625747662467646
-123.68565919314665, 25.575750073726226
-124.14311292400248, 25.553961096082066
-129.35685640838244, 25.31257060452028
-130.85815110868145, 25.243062339150118
-131.24442729403438, 25.22555119322097
Holes:
Exterior:
98.47786430335293, 79.33429784578242
98.46441407144289, 68.17392183558059
98.46500624903354, 64.256728702288
98.47968224018302, 56.14367053562088
98.47908043665166, 52.00691459861778
107.16384005343446, 55.35862201766282
108.3411247681945, 55.81294498060459
108.3403897428542, 59.84375965624741
108.33866706316962, 76.52745007385793
107.17244357058178, 76.85940135043376
107.17114937675024, 76.85975564393945
100.66418148127593, 78.71196177200574
98.47786430335293, 79.33429784578242
Holes:
Exterior:
98.47786430335293, -75.34569664031504
98.47786430335293, -79.11443717705576
107.17114937675024, -76.6398949752128
108.33866706316962, -76.30758940513128
108.33928777711697, -73.36157858244891
108.3411247681945, -55.59308431187795
107.28523860453777, -55.18560594908961
107.16384005343446, -55.138761348936185
100.72185607928748, -52.65259247529646
98.47908043665166, -51.787053929891144
98.46500624903354, -64.03692585935605
98.46441407144289, -67.95411899624855
98.47786430335293, -75.34569664031504
Holes:
Exterior:
-119.43196402870865, 29.189976324231658
-119.43391130467319, 27.36246852672398
-118.66796323155825, 27.656627526159603
-110.55160289358162, 30.77361964066332
-110.54681249996054, 36.047442938206906
-110.54751122919117, 46.91516804840957
-113.14669840803379, 45.91697379334506
-119.43896278981424, 43.50057384465746
-119.43196402870865, 29.189976324231658
Holes:
Exterior:
-119.43196402870865, -28.970191949450342
-119.43896278981424, -43.28073603361979
-116.24385871311176, -44.50778385354973
-110.54751122919117, -46.69533432895833
-110.55288996154025, -42.89427298673872
-110.55160289358162, -30.55381888472676
-112.63163716945962, -29.755008769411294
-119.43391130467319, -27.142684151942664
-119.43196402870865, -28.970191949450342
Holes:
Exterior:
6.444810211600043, -1.0686102775425825
10.136188122478757, -1.4989657796885392
15.16841051349752, -2.085656823839808
15.16841051349752, 0.09555877116103274
15.16841051349752, 2.305517492566442
10.136188122478757, 1.718826448415173
-0.7144561905454339, 0.4538000196181403
-3.66398694743998, 0.10993033436331685
6.444810211600043, -1.0686102775425825
Holes:
Exterior:
98.47218932225269, -8.501559111921592
107.14448512876186, -7.490524617769609
108.33584887602797, -7.3516291628430555
108.36166143918979, -1.6539579920146743
108.37211502597461, 0.10993033436331646
108.37341912950785, 0.8062590206075306
108.36166143918979, 1.8737986245247302
108.33584887602797, 7.571413537624375
107.14448512876186, 7.710308992550929
98.47218932225269, 8.721369693736406
98.47452915655037, 4.846303739524314
98.47452915655037, -4.626496872435744
98.47218932225269, -8.501559111921592
Holes:
Exterior:
-123.03807910875855, 85.26370862617746
-120.70236967086964, 85.35414929727597
-118.42749935312304, 85.4576192935597
-110.56038366855637, 85.80517857507401
-110.56038366855637, 91.98751615505454
-110.56038366855637, 101.81079572173512
-110.54542900532135, 106.71451954910606
-114.01913539493637, 106.57413834376236
-133.68546239722866, 105.83208421861937
-133.65752159355418, 94.43242265049602
-133.61170332414565, 84.82844895977803
-127.84581071913738, 85.05508253869597
-123.03807910875855, 85.26370862617746
Holes:
Exterior:
-0.7144561905454339, 72.95521299085695
-7.568359286379064, 70.32308525993768
-36.69407727947123, 59.137792883191445
-7.568359286379064, 50.647422598984654
0.11237040191417691, 48.40841764252892
10.136188122478757, 45.48640371017614
15.16841051349752, 44.01946097401176
15.16841051349752, 61.65178765151167
15.16841051349752, 63.30929551496945
15.16841051349752, 70.78838321924574
15.16841051349752, 79.05478507069145
10.136188122478757, 77.12222408285466
-0.7144561905454339, 72.95521299085695
Holes:
Exterior:
-0.7144561905454339, -48.42959696308895
-7.568359286379064, -50.4275709487005
-36.69407727947123, -58.91800850841012
-7.568359286379064, -70.10323360965351
0.11237040191417691, -73.05295964778
10.136188122478757, -76.90243970807332
15.16841051349752, -78.83500069591011
15.16841051349752, -63.08947685235006
15.16841051349752, -61.149846204143934
15.16841051349752, -58.969474292352636
15.16841051349752, -43.79960030528512
10.136188122478757, -45.2665430414495
-0.7144561905454339, -48.42959696308895
Holes:
Exterior:
-133.61170332414565, -84.60866458499669
-133.6246016909589, -90.73040834977522
-133.68546239722866, -105.61228175120615
-115.06733781972036, -106.33141454301328
-110.54542900532135, -106.49459971128223
-110.54542900532135, -99.41565154357872
-110.56038366855637, -91.7676150927646
-110.56038366855637, -85.58533585653836
-114.92345672801548, -85.38627858206664
-120.70236967086964, -85.13429547148256
-127.84581071913738, -84.83529816391463
-133.61170332414565, -84.60866458499669
Holes:
Exterior:
-113.14669840803379, -66.38825624753927
-119.43896278981424, -68.22248273728646
-119.43308373745344, -80.8416480984905
-119.43551326590443, -83.03811685292514
-118.4231497719054, -82.74301125173132
-110.55246507977722, -80.4486294496922
-110.54751122919117, -75.21349417241612
-110.54751122919117, -65.63056189553022
-113.14669840803379, -66.38825624753927
Holes:
Exterior:
-116.24385871311176, 67.51090845834521
-110.54751122919117, 65.85039561498148
-110.55246507977722, 69.33939337634908
-110.55246507977722, 80.66849011841886
-112.82633957739483, 81.33131043641707
-119.43551326590443, 83.25796787219053
-119.43308373745344, 81.0614974607842
-119.43896278981424, 68.44232054832415
-116.24385871311176, 67.51090845834521
Holes:
