Exterior:
-138.3767229783174, 210.71576442612601
-138.61473140521719, 210.7379161097688
-139.867029195256, 210.80220142626843
-139.8741333100918, 210.80255646441105
-139.98408290918007, 210.8053774666605
-140.78207548174953, 210.84636561583486
-140.8269455509644, 210.84751846954987
-141.51799947872644, 210.85464783139577
-142.14843231112775, 210.86101599875744
-142.20793800506863, 210.8600468520264
-142.9640405729865, 210.86785409725272
-143.04726162842053, 210.86650320927382
-144.42484934888296, 210.8242456701879
-144.44006571883904, 210.8233560584609
-144.6847694116966, 210.81585100694923
-144.7774090470648, 210.81043738104287
-144.80123631389097, 210.8090462694581
-145.2602138690644, 210.7950244766264
-146.2992311608042, 210.7203964678328
-146.68690501558694, 210.6924807534374
-147.33312582819246, 210.64606030951558
-147.39435417414188, 210.63985792835126
-147.85733188485574, 210.58712270136763
-147.9120798915269, 210.58157481534093
-148.91932587738984, 210.4667585962795
-148.94362673077774, 210.4632135871847
-149.5212838392888, 210.39743691831913
-149.60184419306563, 210.385686926114
-150.965995634892, 210.17075996291305
-151.106525881758, 210.14856253569147
-151.1666290265348, 210.13698867654406
-151.66742244489626, 210.05809058059936
-152.47166506057442, 209.8945559691877
-152.5032821600513, 209.8884696053849
-153.2326856722675, 209.7400818370278
-153.65510713620438, 209.65416004957163
-153.68284054555045, 209.6474384547757
-153.95919844292393, 209.57780261738534
-154.00987068631218, 209.56552341407792
-155.2834409550121, 209.24410151420304
-155.28772448200868, 209.24283195284912
-155.40991683301036, 209.2119889263304
-155.45882994778503, 209.1974927018571
-155.67800314349734, 209.14228764302365
-156.81347575869108, 208.79523672648423
-156.82727327537987, 208.7911476372999
-157.2438747823262, 208.66390821833357
-157.27249953613034, 208.65371121355255
-157.30100873612514, 208.64355772105702
-157.57042173527918, 208.56129665389685
-158.20574852701907, 208.32964927608216
-159.10052309908576, 208.00372975968108
-159.11084794805345, 207.99935936809638
-159.32192641343352, 207.92243924535094
-160.70375659195577, 207.32669343256975
-160.73538269322364, 207.31330244337673
-160.84030232250382, 207.26814408878226
-160.86439228381312, 207.25607249476988
-161.02687138058343, 207.1859417522976
-161.89243514941927, 206.74611293019342
-161.9041010221963, 206.7402712891747
-162.4506907132676, 206.46233885974664
-162.46101700740985, 206.45621458176976
-162.47930032680415, 206.44537499031702
-162.59535836273108, 206.38659373527835
-163.0042766606989, 206.14147105642803
-163.9212922117664, 205.591921437064
-163.9379002074935, 205.58021032668157
-163.94275281214698, 205.57679017059928
-164.01520571301353, 205.53339985480025
-164.94779258774724, 204.87120018928934
-165.24084620582073, 204.6629922333501
-165.24827533835105, 204.65669453622718
-165.25637649366433, 204.64983130006746
-165.29031548616342, 204.62581549451494
-165.80452869518058, 204.18877116832607
-166.4007939612918, 203.68222404546032
-166.4027576756166, 203.68018877020705
-166.41034504751406, 203.67232234496484
-166.41156869060205, 203.67104894989464
-166.41217109569698, 203.6705597877702
-166.5899505868298, 203.48698148995678
-167.28099778115018, 202.7724285149785
-167.36627921042373, 202.68393440564176
-167.388663334576, 202.6553869277278
-167.39287151394979, 202.64989351563915
-167.8741628693897, 202.0279766864064
-168.16203311217487, 201.65586847168495
-168.16439143686796, 201.6527885658928
-168.20105664332482, 201.59089637337655
-168.20236384079328, 201.5886369607118
-168.39237378722692, 201.26752092948908
-168.78835867286523, 200.59961730319534
-168.79090006053036, 200.59522710142957
-168.83247056555695, 200.4961921269377
-168.83247911081173, 200.49617119072764
-168.83399642107486, 200.49252958787687
-168.83577496347777, 200.48809446898534
-169.16595418830047, 199.70093454210118
-169.242801626168, 199.51907023139123
-169.2434074002822, 199.5175619334855
-169.2780330858792, 199.37909416458132
-169.2785455591861, 199.37686457519717
-169.40005155564495, 198.897600937169
-169.5188862945572, 198.4280760950193
-169.51949705280686, 198.42541004725695
-169.53469285535914, 198.24727225571513
-169.53474125550838, 198.2466127851911
-169.5487219263896, 198.08514745860822
-169.54896208023956, 198.08183218039647
-169.61886924493274, 197.26391835348585
-169.61886924493274, 195.7240282190508
-169.61886924493274, 168.94615783566903
-169.61886924493274, -197.76822251112057
-169.61886924493274, -199.22438046591282
-169.61886924493274, -199.3081183896782
-169.6185966535494, -199.3113074125697
-169.55931710358016, -200.12957407417193
-169.5592607649843, -200.13022470850166
-169.54740634192353, -200.29169870002323
-169.54734470695803, -200.29242104155955
-169.39905959987198, -200.93974315978414
-169.39853899004197, -200.94180064065478
-169.39800611603448, -200.94390216952425
-169.2877085400122, -201.42382297574764
-169.28754827510193, -201.42446402150432
-169.15938091874, -201.74352343384214
-169.15900364638446, -201.74441630114836
-169.15737977516403, -201.7482879823632
-168.8409369993949, -202.53740838017924
-168.8409284820333, -202.5374288215207
-168.83941109709951, -202.54107048726618
-168.8391775615305, -202.54162661692726
-168.3958873565457, -203.30746846873507
-168.3932773021013, -203.31187105089901
-168.3920216606374, -203.3139923193188
-168.20587135100493, -203.63573453296095
-168.20561400028419, -203.63616947188117
-167.87428977339596, -204.06887976837524
-167.87205951700685, -204.07176268351955
-167.86831809272098, -204.0765970479541
-167.3907621767995, -204.7001113409147
-167.3905645943055, -204.700362990154
-167.27896138927406, -204.8163522869821
-167.2781874722259, -204.8171563964017
-167.27189479122183, -204.82366285298423
-166.58115272781288, -205.53980944752453
-166.5792584130703, -205.54176557023393
-166.57925198912983, -205.54177038890845
-166.40109247799137, -205.72642200067725
-166.39449814592513, -205.73202367757165
-165.79624860658896, -206.23896742391256
-165.78985870903148, -206.24439884982468
-165.78943593901522, -206.2446982252015
-165.2429250085862, -206.70785789232232
-165.23892774260662, -206.71069884507287
-164.94417802698138, -206.91851357835444
-164.93078468067938, -206.9280231387429
-164.92973949336874, -206.9286485486287
-163.9245395636235, -207.6374849696406
-163.90926479958785, -207.6466404783196
-163.90241309377893, -207.6507469452026
-163.9004638999795, -207.65173459023046
-162.9748304899549, -208.20041805406265
-162.45538278756703, -208.50851612976624
-162.4444703492469, -208.5140662087138
-161.89272765704754, -208.79038609329282
-161.87431081943157, -208.79974363983405
-161.87083778254657, -208.80124213966045
-160.84525116483553, -209.31514340603871
-160.8427752724915, -209.31621075432977
-159.5229026143843, -209.87504024195079
-159.48618675484977, -209.89087130715765
-159.48053817492587, -209.89292716938286
-159.10572131251183, -210.05157269325957
-159.08094150021668, -210.06060111936512
-158.17786444466446, -210.38214569906108
-158.15888763033422, -210.38906247159
-158.15080752354913, -210.3915318598932
-157.24960108855123, -210.7125414267328
-157.23629446637244, -210.7166063587676
-156.81604741456783, -210.84111062321094
-156.7785101886593, -210.85258200656796
-156.77122006103718, -210.85442259679536
-155.41076843590167, -211.25767793578783
-155.40634588038643, -211.2587942137215
-155.28883129451378, -211.29354601186475
-155.2421270126547, -211.3053317120122
-153.9546875559787, -211.61749321927877
-153.9437308199117, -211.6202529044225
-153.2554341627333, -211.78698823342845
-153.2380240766007, -211.79052737387997
-153.20780372956267, -211.79667576827714
-152.47194501150898, -211.93836791973925
-152.43714676380796, -211.94544384042194
-152.41534865935512, -211.94887699420386
-151.11125416558252, -212.19991439106056
-151.10473577058337, -212.20094882384953
-151.04102245334377, -212.2109829765908
-149.42442408526915, -212.4468745919276
-149.39525203710116, -212.45019533050822
-148.92345415765044, -212.51896501522344
-148.87122696031338, -212.52492374414132
-147.85623668605433, -212.62772323370595
-147.83109278839981, -212.63058179525396
-146.72637418194745, -212.7426101209719
-146.68962743773454, -212.74524818600324
-146.66747731301132, -212.7468463391806
-146.27802626667892, -212.7696496867848
-146.21738098257038, -212.77399950115472
-146.1904046008558, -212.77483124464473
-144.68449984006736, -212.86277600536948
-144.6693237879099, -212.8632390209735
-144.42592625322834, -212.8773862394273
-144.33915451524842, -212.88004406886859
-143.07365462551036, -212.90075382008533
-143.0235886711556, -212.900239949639
-142.14789992944736, -212.91446129348572
-142.1047576941446, -212.91402593604352
-141.47460328799968, -212.89781483989805
-141.42606712391125, -212.89731548113855
-139.93099557436574, -212.858922303137
-139.8720280425605, -212.855890752108
-139.87150280232413, -212.8558644777048
-139.77836442535386, -212.85108419874484
-139.76053817777938, -212.8494260060132
-138.26166421540904, -212.747595966326
-138.21507067727873, -212.7432622231409
-137.61385187226335, -212.70248724946418
-137.54330324196826, -212.6958976990313
-136.6660621019057, -212.59833572501898
-136.64053635581024, -212.5959676233658
-135.46244413270642, -212.46506048405274
-135.38928368088682, -212.45507239248445
-135.36464639432143, -212.45172195657582
-135.29296862702904, -212.4419387946907
-135.2401782585216, -212.4331834627462
-134.95333545958283, -212.38925463479856
-133.50619834649524, -212.16784434182665
-133.40489030260653, -212.28160599884538
-133.39496493605157, -212.29170835249695
-133.36394008088018, -212.32318233441399
-133.01471186266997, -212.66891100046982
-132.97876469700805, -212.7053828599324
-132.97279259079357, -212.71033712982052
-132.51569564115528, -213.1630276007088
-132.5140372001075, -213.16443337809383
-132.49811906263312, -213.18014185896823
-132.45165991127533, -213.21877509485412
-131.94515567875862, -213.6323026315026
-131.91300070653188, -213.6590504198225
-131.90262205042086, -213.66628901948272
-131.45840139884854, -214.0286598650447
-131.45020175197578, -214.0343569390773
-130.77954222365133, -214.49242258000484
-130.72345602878931, -214.5315374412646
-130.69774329205097, -214.5494661556029
-130.68346249214403, -214.55788372975255
-130.28279852100934, -214.83161508042778
-130.26338996945333, -214.84306673882278
-130.06423306606735, -214.95792135174636
-130.001471283098, -214.99495052638707
-129.3616400289004, -215.36414714019335
-129.3444327323491, -215.3743134450001
-128.99814676631763, -215.57405848536135
-128.97901714357727, -215.58365132337545
-128.94713379933364, -215.59962797567545
-128.6312064141582, -215.75406053386126
-128.55394408270774, -215.79281997831245
-127.86311681891334, -216.13084647383965
-127.83896155901527, -216.14113928090862
-127.5561829319895, -216.27948659434773
-127.51052690832978, -216.29894312163256
-127.07511095741086, -216.47939976672077
-127.00161744952493, -216.51073938355268
-126.26450846360285, -216.81648007043228
-126.23504663368021, -216.8271034895406
-126.02405811513881, -216.914644746223
-125.96337879094699, -216.9365354861357
-125.40643598704025, -217.13109331704035
-125.33776995403298, -217.15587987566843
-125.30380640141493, -217.1661579796785
-124.39259253230966, -217.48458498304635
-124.36193579180053, -217.49385510203578
-124.09193660953554, -217.5725790004312
-124.04523186689721, -217.5866924525256
-123.63644474638386, -217.7058533294941
-123.57372223337416, -217.7248325802975
-123.16554866929732, -217.84390013328732
-123.13231132235148, -217.852202320253
-123.12670826754584, -217.8535951910527
-122.6732371518383, -217.98565524189627
-122.62864511443843, -217.99679427161425
-122.25153285786087, -218.08704680121232
-122.20081233995961, -218.09968546637168
-121.77615684258899, -218.20115111414663
-121.72037273984006, -218.2150723751735
-121.67801238573577, -218.22355844972543
-120.8776563359678, -218.41458648877884
-120.87156162799602, -218.41580699922773
-119.94689845107735, -218.59162043422137
-119.83690219876712, -218.61366818664072
-119.78981846639363, -218.62310062328558
-119.74385568566026, -218.63020905767343
-119.01714933859296, -218.76841646629234
-118.99752359784452, -218.771436810048
-117.9482791757639, -218.92310555473685
-117.83044818310145, -218.94131724102957
-117.79422538914014, -218.94690813383204
-117.15485708084384, -219.03918856934195
-117.10511587195572, -219.04469148789082
-117.06985143683164, -219.04858305183353
-116.80733528442715, -219.07507421223403
-116.6613869901829, -219.0912234136592
-115.7458342963971, -219.1836403661748
-115.69332139431003, -219.18722571313407
-115.15426533010452, -219.24156588294642
-115.10099003421647, -219.24520435318203
-114.72037946606406, -219.26755190149072
-114.58392353307329, -219.27685587496504
-113.65626098944733, -219.33127565571803
-113.60040517667767, -219.33277914085576
-113.17775160706071, -219.3575729171517
-113.10370578781067, -219.35954354136936
-112.5958198038013, -219.36839832277624
-112.4730647227492, -219.37169677843954
-111.53784848019541, -219.3878640134882
-111.47864512057004, -219.3869963461936
-111.1887335886413, -219.39209852622992
-111.09066929250184, -219.39069059091165
-110.44463428814197, -219.3753229405942
-110.3403040774624, -219.37381763978865
-110.30021062971309, -219.37158748332192
-110.27881681104736, -219.3703948328071
-109.20094422339378, -219.34466306659064
-109.07505624866997, -219.3376421910351
-108.27780066739126, -219.28564301930732
-108.19684805768702, -219.28113673294465
-108.13310265340237, -219.27491372930228
-107.22728635658984, -219.21585370690804
-107.22198308884379, -219.2153297144799
-107.18970717083857, -219.21178677045856
-107.03697012817838, -219.19684757360528
-106.10690694838536, -219.09692483149945
-106.05395359558099, -219.0917431665036
-105.34642412238736, -219.01563065105813
-105.28118881416606, -219.00733298181507
-105.0570206701359, -218.97758240221023
-105.01895469415149, -218.97273020608446
-105.01895469415149, -227.25089136692316
-105.01895469415149, -228.6542792783501
-95.04832660107411, -228.6542792783501
-94.4737604409305, -228.6542792783501
-93.08785943819566, -228.6542792783501
-92.25570379595592, -228.6542792783501
-90.16774601373027, -228.6542792783501
-88.85602256117147, -228.6542792783501
-85.35506456754365, -228.6542792783501
-84.80472129571399, -228.6542792783501
-84.80472129571399, -221.21898935878846
-84.80472129571399, -199.3081183896782
-82.94696578262221, -199.3081183896782
-82.94696578262221, -199.30890397164004
-82.94696578262221, -199.31590806306536
-82.94696578262221, -199.33172085836253
-82.94696578262221, -199.35926948932402
-82.94696578262221, -199.4034294354083
-82.94696578262221, -199.47265034339458
-82.94696578262221, -199.58217563869002
-82.94696578262221, -199.73919775523152
-82.94696578262221, -199.9964075493307
-82.94696578262221, -200.46038142434458
-82.94696578262221, -201.46116507234325
-82.94696578262221, -204.75537084274023
-82.94696578262221, -227.34978159829373
-78.92651510658789, -224.52666061024763
-76.73007529962024, -222.98434214456103
-73.69182090335823, -221.15323859340262
-68.60232871758899, -218.08588938577196
-68.45341994390276, -218.00899539943944
-68.1668129868334, -217.86099638706327
-68.1668129868334, -209.62769305027777
-68.1668129868334, -205.472380504684
-68.1668129868334, -203.1688303657066
-68.1668129868334, -201.76255297394383
-68.1668129868334, -200.78165327654713
-68.1668129868334, -200.16171641617058
-68.1668129868334, -199.76622350620616
-68.1668129868334, -199.5195001926472
-68.1668129868334, -199.37788207529678
-68.1668129868334, -199.3151539982702
-68.1668129868334, -199.3081183896782
-66.76543783678028, -199.3081183896782
-60.83448394939023, -199.3081183896782
-60.83448394939023, -199.31825459218004
-60.83448394939023, -199.40862694348115
-60.83448394939023, -199.61265618937003
-60.83448394939023, -199.96811050941355
-60.83448394939023, -200.5378972124437
-60.83448394939023, -201.43104035322116
-60.83448394939023, -202.844222715032
-60.83448394939023, -204.8702467938719
-60.83448394939023, -208.18897187309187
-60.83448394939023, -214.0812432885334
-55.99169947027394, -211.93745808536468
-53.588443219542114, -210.8735938535454
-51.14789919943598, -209.95045601396075
-46.50668662774524, -208.19491343362353
-46.36254379846241, -208.14866546112046
-46.054287105271555, -208.0497618448844
-46.054287105271555, -205.02460654832282
-46.054287105271555, -202.74004718751019
-46.054287105271555, -201.29618645307946
-46.054287105271555, -200.37506573911432
-46.054287105271555, -199.80043608328126
-46.054287105271555, -199.4706011404097
-46.054287105271555, -199.32450463743677
-46.054287105271555, -199.3081183896782
-42.790400309917004, -199.3081183896782
-38.72191401949851, -199.3081183896782
-38.72191401949851, -199.32760524997317
-38.72191401949851, -199.5013461932912
-38.72191401949851, -199.89359263963064
-38.72191401949851, -200.57695395514034
-38.72191401949851, -201.67236950922606
-38.72191401949851, -203.38943816532068
-38.72191401949851, -205.7447696182229
-34.321606646173336, -204.57267165104042
-32.08591026055774, -203.9771552549126
-29.369610132435923, -203.3951349702087
-24.68936485040149, -202.39230112893603
-24.440732360743368, -202.35090530813272
-23.941761223709705, -202.26782960148202
-23.941761223709705, -200.98390797202248
-23.941761223709705, -200.0813719739153
-23.941761223709705, -199.56332020552264
-23.941761223709705, -199.33385527660334
-23.941761223709705, -199.3081183896782
-18.81537191078155, -199.3081183896782
-16.609388137936662, -199.3081183896782
-16.609388137936662, -199.33695588913974
-16.609388137936662, -199.59406525840413
-16.609388137936662, -200.1745285302647
-16.609388137936662, -201.07891982936889
-12.139198917160343, -200.53396727107938
-9.890933453917114, -200.25988535745165
-7.152830015398649, -200.04169445719234
-2.289004742979614, -199.6541114316704
-2.1291846728933024, -199.64786553290145
-1.8292353421478538, -199.63614326826576
-1.8292353421478538, -199.34320591576994
-1.8292353421478538, -199.3081183896782
5.159565445986232, -199.3081183896782
5.503049646965337, -199.3081183896782
5.503049646965337, -199.34630649105324
5.503049646965337, -199.34959158697606
5.55730196621289, -199.34747136206428
5.586208880067261, -199.34634165627978
8.713393738731838, -199.31642072861868
9.581112444520386, -199.3081183896782
9.581112444520386, -198.1363872342962
9.581112444520386, -196.43437487580056
9.581112444520386, -194.0263213362455
9.581112444520386, -193.15579815676972
9.581112444520386, -191.80403689211127
9.581112444520386, -191.27654296152062
9.581112444520386, -184.34969858987353
15.696108556696345, -185.10829605597468
17.85468360394941, -185.3760786565187
22.381100237489136, -185.9376044736626
22.381100237489136, -176.7297324922306
22.381100237489136, -164.51622376710975
22.381100237489136, -155.2558417783501
22.381100237489136, -115.49066683655607
22.381100237489136, -96.5857138083646
22.381100237489136, -86.15817026956101
22.381100237489136, -50.925076626953825
22.381100237489136, -44.66303782327195
22.381100237489136, -31.491300863683534
22.381100237489136, -25.22926206000166
22.381100237489136, 48.8809528847068
22.381100237489136, 59.30850218027772
22.381100237489136, 61.948417517561595
22.381100237489136, 97.18151116016877
22.381100237489136, 155.85167152035953
22.381100237489136, 162.47210363123133
22.381100237489136, 174.68555908947621
22.381100237489136, 183.89340443747022
17.85468360394941, 183.33190559989762
15.696108556696345, 183.06413586547575
9.581112444520386, 182.30557484762647
9.581112444520386, 189.23238388958683
9.581112444520386, 189.7598751297467
9.581112444520386, 191.1116294998801
9.581112444520386, 191.98214823933822
9.581112444520386, 194.39018949685365
9.581112444520386, 196.09219317440306
9.581112444520386, 197.26391835348585
5.6170114243209355, 197.30196045964394
5.586208880067261, 197.30225606100538
5.503049646965337, 197.30550478324952
5.503049646965337, 197.30222079049372
5.503049646965337, 197.26391835348585
-1.0067277806448374, 197.26391835348585
-1.8292353421478538, 197.26391835348585
-1.8292353421478538, 197.2991109320509
-1.8292353421478538, 197.59194991334385
-2.289004742979614, 197.60991139547804
-2.7759126699653507, 197.64871156549276
-9.890933453917114, 198.2156853212593
-16.609388137936662, 199.03478874708054
-16.609388137936662, 198.13032849407233
-16.609388137936662, 197.54986522221176
-16.609388137936662, 197.29284219276613
-16.609388137936662, 197.26391835348585
-21.52525955392366, 197.26391835348585
-23.941761223709705, 197.26391835348585
-23.941761223709705, 197.28973229695868
-23.941761223709705, 197.51912016933028
-23.941761223709705, 198.03717193772295
-23.941761223709705, 198.9397767482796
-23.941761223709705, 200.22363730990932
-24.68936485040149, 200.34810109274366
-25.438278475519837, 200.50857816961172
-32.08591026055774, 201.93303151266554
-38.72191401949851, 203.70061216603682
-38.72191401949851, 201.34530481953936
-38.72191401949851, 199.6281694730337
-38.72191401949851, 198.53280602076563
-38.72191401949851, 197.84939260343828
-38.72191401949851, 197.45714615709883
-38.72191401949851, 197.2834635576739
-38.72191401949851, 197.26391835348585
-42.043800497176676, 197.26391835348585
-46.054287105271555, 197.26391835348585
-46.054287105271555, 197.28035366186646
-46.054287105271555, 197.42640110421735
-46.054287105271555, 197.7562360470889
-46.054287105271555, 198.3309095146638
-46.054287105271555, 199.2519864168871
-46.054287105271555, 200.6959032304184
-46.054287105271555, 202.98043920916624
-46.054287105271555, 206.00559995566468
-46.50668662774524, 206.15075154440382
-46.92284668035302, 206.30816443625122
-53.588443219542114, 208.8294319643257
-60.83448394939023, 212.03711908493605
-60.83448394939023, 206.14480112905235
-60.83448394939023, 202.82607063336914
-60.83448394939023, 200.80004290456677
-60.83448394939023, 199.38687500642982
-60.83448394939023, 198.49369717625135
-60.83448394939023, 197.9239375742814
-60.83448394939023, 197.56845615317766
-60.83448394939023, 197.3644269072888
-60.83448394939023, 197.27408490389936
-60.83448394939023, 197.26391835348585
-62.56237268164159, 197.26391835348585
-68.1668129868334, 197.26391835348585
-68.1668129868334, 197.2709750267742
-68.1668129868334, 197.33368203910442
-68.1668129868334, 197.47530015645484
-68.1668129868334, 197.72204228104803
-68.1668129868334, 198.1175163799782
-68.1668129868334, 198.73747731850906
-68.1668129868334, 199.71836697656923
-68.1668129868334, 201.1246469017963
-68.1668129868334, 203.42820080037845
-68.1668129868334, 207.58354616694564
-68.1668129868334, 215.81690862831607
-68.60232871758899, 216.04180379049757
-69.13443114464019, 216.36249275089273
-76.73007529962024, 220.94025654928663
-82.94696578262221, 225.30566663262323
-82.94696578262221, 202.71119713627752
-82.94696578262221, 199.41697815787012
-82.94696578262221, 198.4161873230941
-82.94696578262221, 197.95220978335612
-82.94696578262221, 197.69499956946697
-82.94696578262221, 197.53797717004394
-82.94696578262221, 197.42845299572068
-82.94696578262221, 197.35922939921593
-82.94696578262221, 197.31507155353407
-82.94696578262221, 197.28752082217017
-82.94696578262221, 197.271708026873
-82.94696578262221, 197.26470628748947
-82.94696578262221, 197.26391835348585
-83.08088163718685, 197.26391835348585
-84.80472129571399, 197.26391835348585
-84.80472129571399, 204.69922760326256
-84.80472129571399, 226.61015553610304
-85.35506456754365, 226.61015553610304
-88.85602256117147, 226.61015553610304
-90.16774601373027, 226.61015553610304
-92.25570379595592, 226.61015553610304
-93.08785943819566, 226.61015553610304
-94.4737604409305, 226.61015553610304
-95.04832660107411, 226.61015553610304
-96.03502858247987, 226.61015553610304
-96.45544132977057, 226.61015553610304
-97.19360558806784, 226.61015553610304
-97.51451675826024, 226.61015553610304
-98.08749750256504, 226.61015553610304
-98.34046557448903, 226.61015553610304
-98.82371673339446, 226.61015553610304
-99.02658508920786, 226.61015553610304
-99.3976364888781, 226.61015553610304
-99.56516707811329, 226.61015553610304
-99.87423896566679, 226.61015553610304
-100.01492121828699, 226.61015553610304
-100.27634066334588, 226.61015553610304
-105.01895469415149, 226.61015553610304
-105.01895469415149, 218.33199437526434
-105.01895469415149, 216.9286064638374
-105.24375221268258, 216.9572283313972
-105.28162291846547, 216.9622431132504
-105.4006832310256, 216.9750471403233
-105.78745669283626, 217.0242545909556
-105.94201278546791, 217.04089067464733
-105.94736080212931, 217.0414668725146
-106.26463779359267, 217.0725113444684
-107.19672657496642, 217.16365112473403
-107.22926318028885, 217.16683212593028
-107.37620495888245, 217.17641374467917
-107.50467324128874, 217.1847862202845
-107.89988914640753, 217.22344098190928
-108.40408705856146, 217.25156902056602
-109.20183333134196, 217.2960052495208
-109.37032263213962, 217.30001779967245
-109.50824812425844, 217.30769398630784
-109.76724944634816, 217.3221714113322
-110.44441035421653, 217.33194482011393
-110.54328364582716, 217.33429217771373
-111.1889585146555, 217.34354556413268
-111.23278303721588, 217.3427831818172
-111.62599940551729, 217.34848794154698
-111.76584240455475, 217.34606574883438
-112.59559300262163, 217.32383463307013
-112.67022842593371, 217.32253811802968
-113.17729645372401, 217.30899688005718
-113.23872901790037, 217.30540121116698
-113.62499842115221, 217.29505313087253
-113.75827770092826, 217.28722964405102
-114.7196905681476, 217.22163434198237
-114.7733511089541, 217.2184831100086
-115.15311427687777, 217.19253610857078
-115.22839135492984, 217.18494555180231
-115.60682812605864, 217.15919682024455
-115.73312782589574, 217.14645211556834
-116.80570838880931, 217.02775023446586
-116.8411935866344, 217.02417319850227
-117.10302057969602, 216.99520406435198
-117.47349151505614, 216.95424037044697
-117.55878356763219, 216.94191918495653
-117.83185085924788, 216.89977644514843
-118.72525735583099, 216.76177576675857
-118.86178808299633, 216.7420539351861
-119.01361897172035, 216.7185809344179
-119.10714963668204, 216.70078523726738
-119.46743936127996, 216.64519879304004
-119.8378480123697, 216.57092931293423
-120.70848591274523, 216.39642565267562
-120.82376383096698, 216.37451134876508
-120.87289960011151, 216.36470362207592
-120.97176475701099, 216.34108175856153
-121.31817140394037, 216.27172514668098
-121.77615684258899, 216.15736526002638
-121.82765808579495, 216.14506399311782
-122.24865682688005, 216.04011643328087
-122.29391384525593, 216.02929260608147
-122.66771187193763, 215.93600621974852
-122.72159229719398, 215.92030489684743
-122.76992146324051, 215.90621061903613
-122.81818702789269, 215.89214028332742
-122.84998855900301, 215.88286688646892
-122.89728680908865, 215.871082896476
-123.17831139427699, 215.8010017109749
-123.71476895102, 215.63866412258338
-124.11912889950918, 215.51639241152182
-124.3867720272143, 215.43551987400951
-124.4905540427203, 215.39924889228163
-124.55366124715056, 215.37719443209534
-124.85525311159529, 215.28592832381207
-125.467717919405, 215.06486777431851
-126.01794073055419, 214.8663154749264
-126.04112428991823, 214.85670309786923
-126.31033290503728, 214.75967120945978
-126.39057658596312, 214.72639771587768
-127.07412655851635, 214.43487611250484
-127.12068899473229, 214.41557089020196
-127.55100143117318, 214.2321787939181
-127.58090245067228, 214.21754902771613
-127.81048119340903, 214.1197017817984
-127.88288234954598, 214.0842854955936
-128.63021371897867, 213.70947859099704
-128.6627089335035, 213.69358333300173
-128.974541712475, 213.53721357163192
-129.00985168821614, 213.5168463215207
-129.19725776737926, 213.42291060287553
-129.26195739234038, 213.38558337141723
-129.28204261063684, 213.37400048819762
-129.45184807011537, 213.27374696053155
-130.08222401889225, 212.901714351078
-130.2787925506343, 212.78583261573863
-130.31824146630822, 212.7588769953236
-130.38407616580446, 212.71391697125532
-130.52989696242605, 212.62797574317707
-130.79296482159896, 212.44447744845252
-131.369097111085, 212.04278452366455
-131.45487423330087, 211.98322008984653
-131.49723272533743, 211.94865875915852
-131.54535842296946, 211.90937036105794
-131.6549126019113, 211.83289834511658
-131.99506288570126, 211.55001580837867
-132.49431917224945, 211.13474176492235
-132.4957968915528, 211.13328022927047
-132.51366883607864, 211.11823557372105
-132.55599065723572, 211.07632762064185
-132.5882330716355, 211.04440146807474
-132.65319774241766, 210.99053950693713
-133.04508538718926, 210.59292001387996
-133.3873293705351, 210.24563440552194
-133.4970549922956, 210.13405159464386
-133.50619834649524, 210.1237968935249
-133.6358504163428, 210.1436272178727
-133.66133882503914, 210.14752755231336
-134.2715784172865, 210.2487660885447
-135.1058707406902, 210.36248975660746
-135.39417020288465, 210.40178642189838
-135.49432917573688, 210.41291600930487
-136.35290845257157, 210.53004321884873
-136.42519814397656, 210.53808280932267
-136.7351748425964, 210.56694217392896
-137.61723381487093, 210.64914665020788
-137.6649822301647, 210.65239111522266
-138.26062017567722, 210.70787676678475
-138.3767229783174, 210.71576442612601
Holes:
Exterior:
283.9754062258284, -130.23285843684755
283.9785252169049, -137.56568278313836
292.89875876749693, -142.6209335526305
296.5278578123271, -144.67760982085704
296.54039918461194, -138.78171949789237
296.5506315827571, -125.34270911372029
294.2949733061479, -124.06440256458485
284.00595149358605, -118.2334569101783
283.9754062258284, -130.23285843684755
Holes:
Exterior:
76.34955866088558, 2.2373900549559105
76.34958980652584, 12.595158005428463
76.34958980652584, 15.246705813032479
66.94308580035192, 23.3512341136293
65.27866137783201, 24.785282288585442
65.27866137783201, 9.320423524678349
65.27864468609425, 5.659062388780685
73.03310829412976, -1.0220618711235117
66.94308580035192, -6.269152411540385
65.27864468609425, -7.703186131027735
65.27864468609425, -23.901305014371577
65.27866137783201, -26.82942063585094
74.3879233297771, -18.981054086667058
76.34958980652584, -17.290905849224814
76.34955866088558, -4.281538197220317
76.34955866088558, 2.2373900549559105
Holes:
Exterior:
76.34958594950456, 79.25463907021926
67.02152612294822, 78.49766182647689
65.2786560048861, 78.35623095770305
65.2786560048861, 60.27139036297506
65.27866137783201, 55.66311942890887
74.3879233297771, 56.40234169691501
76.34958980652584, 56.561530891497014
76.34958980652584, 76.10858918813491
76.34958594950456, 79.25463907021926
Holes:
Exterior:
76.34958792323812, 167.64128985699153
76.34958792323823, 176.05883612522416
76.34958980652584, 177.42938666956678
66.94308580035204, 176.25241940648834
65.27864468609425, 176.04576740941636
65.27864468609425, 167.75525703312235
65.27865877667728, 166.24174419607652
74.38199963345767, 167.39255464290017
76.34958792323812, 167.64128985699153
Holes:
Exterior:
76.34958980652584, -179.4735157002921
76.34958980652584, -171.05280362470788
76.34958792323823, -169.68546234813073
66.94695849423181, -168.49685025074209
65.27865877667728, -168.2859515564381
65.27865877667728, -176.19551443643036
65.27864468609425, -178.0898646847533
74.78628593953306, -179.27939356901945
76.34958980652584, -179.4735157002921
Holes:
Exterior:
76.34958980652584, -58.60566521070056
66.94308580035204, -57.84232235218288
65.2786613778319, -57.707257776174345
65.27866137783201, -76.05625893765033
65.2786560048861, -80.4004000080636
74.26643041411296, -81.12964100446955
76.34958594950456, -81.29868651852097
76.34958594950456, -61.90210746295213
76.34958980652584, -58.60566521070056
Holes:
Exterior:
294.2949733061479, 122.02030300938223
296.5506315827571, 123.29861185528418
296.5359395067544, 132.0015642291927
296.5278578123271, 142.63344793163733
292.89875876749693, 140.5767716634108
287.71765854531975, 137.64056975615173
283.9785252169049, 135.52152089391865
284.0117164588437, 126.0384222871219
284.00595149358605, 116.18931522619194
294.2949733061479, 122.02030300938223
Holes:
Exterior:
262.0623978727159, -167.75075889963202
253.44101264389758, -170.65698078355328
253.44101264389758, -174.4174242259795
253.44137578204612, -186.09434512929212
255.9244435586865, -185.25727670697862
266.27247075784044, -181.76894551299094
266.2725078226462, -175.77733677878885
266.2725078226462, -166.33153774123284
262.0623978727159, -167.75075889963202
Holes:
Exterior:
262.0623978727159, 181.1440670896719
253.44137578204612, 184.05021355768912
253.44137578204612, 180.88181412857918
253.44101264389758, 168.61284774896447
257.2252804897679, 167.33717754228684
266.2725078226462, 164.28737585201313
266.27247075784044, 169.1059288070424
266.27247075784044, 179.7248217707439
262.0623978727159, 181.1440670896719
Holes:
Exterior:
262.0623978727159, 123.10126036635667
253.44134840738536, 118.2156551020974
253.44134840738536, 113.50260275367236
253.44136585940805, 98.86758033627899
255.40095998243305, 99.97814575147706
266.2724680805551, 106.13929724575546
266.27250227143816, 113.01151414900036
266.2725078226462, 125.48720481751808
262.0623978727159, 123.10126036635667
Holes:
Exterior:
136.55513245155763, -43.75796097567789
145.88390785467564, -53.309583233425755
145.88390785467564, 51.26545949117873
136.55513245155763, 41.713837233430866
134.40670035547933, 39.51407869937757
128.9881757042506, 33.96614729966182
128.98817570425055, 33.96614729966175
128.98817570425047, 33.96614729966169
128.98817570425038, 33.966147299661635
128.9881757042503, 33.96614729966159
128.98817570425018, 33.966147299661564
128.9881757042501, 33.966147299661536
128.98817570425, 33.96614729966152
128.9881757042499, 33.966147299661515
128.9881757042498, 33.96614729966152
128.9881757042497, 33.966147299661536
128.9881757042496, 33.96614729966156
128.98817570424953, 33.96614729966159
128.98817570424944, 33.966147299661635
128.98817570424936, 33.966147299661685
128.98817570424927, 33.96614729966174
128.9881757042492, 33.966147299661806
128.98817570424913, 33.96614729966188
128.98817570424907, 33.96614729966196
128.98817570424902, 33.96614729966204
128.988175704249, 33.96614729966213
128.98817570424893, 33.966147299662225
128.9881757042489, 33.96614729966232
128.9881757042489, 33.96614729966242
128.9881757042489, 33.966147299662516
128.98818240020913, 36.24197517272687
128.98818240020913, 55.84358565238732
128.98818240020913, 55.84358565238742
128.98818240020913, 55.84358565238751
128.98818240020915, 55.8435856523876
128.98818240020918, 55.843585652387695
128.98818240020924, 55.84358565238779
128.9881824002093, 55.843585652387866
128.98818240020935, 55.843585652387944
128.9881824002094, 55.84358565238802
128.9881824002094, 55.843585652388015
130.90601717215768, 57.80722763635132
134.2808194757678, 61.262636615203405
128.98818663558424, 60.83314021221423
128.98818663558416, 60.833140212214225
128.98818663558404, 60.83314021221423
128.98818663558396, 60.833140212214246
128.98818663558384, 60.833140212214275
128.98818663558376, 60.8331402122143
128.98818663558367, 60.833140212214346
128.9881866355836, 60.8331402122144
128.9881866355835, 60.83314021221446
128.98818663558345, 60.83314021221452
128.9881866355834, 60.833140212214595
128.98818663558333, 60.83314021221467
128.98818663558328, 60.83314021221476
128.98818663558322, 60.83314021221485
128.9881866355832, 60.833140212214936
128.98818663558316, 60.833140212215035
128.98818663558316, 60.83314021221513
128.98818663558316, 60.83314021221523
128.98818557459188, 62.04104204910375
128.98818557459188, 83.52617100424656
128.98818557459188, 83.52617100424666
128.9881855745919, 83.52617100424676
128.9881855745919, 83.52617100424686
128.98818557459197, 83.52617100424695
128.988185574592, 83.52617100424703
128.98818557459205, 83.52617100424712
128.9881855745921, 83.5261710042472
128.98818557459217, 83.52617100424727
128.98818557459225, 83.52617100424735
128.98818557459234, 83.5261710042474
128.98818557459242, 83.52617100424744
128.9881855745925, 83.52617100424749
128.9881855745926, 83.52617100424753
128.9881855745927, 83.52617100424754
128.9881855745928, 83.52617100424756
130.18046384830532, 83.62292259559486
134.40670035547853, 83.96588347142499
134.9525113702985, 84.01021046774443
134.4067003554781, 84.34573173219333
128.9881844923329, 87.67667855421384
128.9881844923328, 87.6766785542139
128.98818449233272, 87.67667855421395
128.98818449233266, 87.67667855421404
128.98818449233258, 87.6766785542141
128.98818449233252, 87.67667855421419
128.9881844923325, 87.67667855421429
128.98818449233244, 87.67667855421439
128.98818449233244, 87.67667855421449
128.9881844923324, 87.67667855421459
128.9881844923324, 87.67667855421469
128.98817246811566, 89.67126549649957
128.98817246811566, 102.89079965598948
128.98817246811566, 102.89079965598958
128.98817246811566, 102.89079965598967
128.9881724681157, 102.89079965598977
128.98817246811572, 102.89079965598985
128.98817246811578, 102.89079965598994
128.9881724681158, 102.89079965599002
128.98817246811586, 102.89079965599011
128.98817246811595, 102.89079965599018
128.988172468116, 102.89079965599024
128.9881724681161, 102.8907996559903
128.98817246811618, 102.89079965599035
128.98817246811626, 102.89079965599039
128.98817246811635, 102.89079965599043
128.98817246811643, 102.89079965599046
128.98817246811652, 102.89079965599048
128.98817246811663, 102.89079965599048
128.98817246811672, 102.89079965599048
128.9881724681168, 102.89079965599048
128.98817246811691, 102.89079965599045
128.988172468117, 102.89079965599042
128.98817246811709, 102.89079965599039
128.98817246811717, 102.89079965599034
131.1968670719544, 101.53304110033247
134.40670035547913, 99.55985068971457
139.61695596286967, 96.3568907601633
145.88390785467564, 92.50432057516733
145.88390785467564, 167.19273610250718
136.55513245155754, 159.5216333729219
134.40670035547924, 157.75495058043185
128.98817246811728, 153.2993038169838
128.9881724681172, 153.29930381698375
128.9881724681171, 153.2993038169837
128.98817246811703, 153.29930381698364
128.98817246811694, 153.2993038169836
128.98817246811686, 153.29930381698358
128.98817246811674, 153.29930381698358
128.98817246811666, 153.29930381698358
128.98817246811655, 153.29930381698358
128.98817246811646, 153.2993038169836
128.98817246811637, 153.2993038169836
128.98817246811626, 153.29930381698367
128.98817246811618, 153.2993038169837
128.9881724681161, 153.29930381698375
128.98817246811603, 153.2993038169838
128.98817246811595, 153.29930381698387
128.9881724681159, 153.29930381698395
128.98817246811583, 153.299303816984
128.98817246811578, 153.2993038169841
128.98817246811572, 153.2993038169842
128.9881724681157, 153.2993038169843
128.98817246811566, 153.29930381698438
128.98817246811566, 153.2993038169845
128.98817246811566, 153.29930381698458
128.98817959990632, 155.13657673437115
128.98816017907293, 171.7770137967555
128.98816017907293, 171.7770137967556
128.98816017907293, 171.7770137967557
128.98816017907296, 171.7770137967558
128.98816017907302, 171.7770137967559
128.98816017907305, 171.777013796756
128.9881601790731, 171.77701379675608
128.98816017907316, 171.77701379675614
128.98816017907322, 171.77701379675622
128.9881601790733, 171.77701379675628
130.2886312025774, 172.84639357310257
132.60754066717334, 174.75323720114068
128.98816293864547, 174.29568796514826
128.9881629386454, 174.29568796514826
128.98816293864527, 174.29568796514826
128.9881629386452, 174.29568796514826
128.98816293864508, 174.2956879651483
128.988162938645, 174.29568796514832
128.9881629386449, 174.29568796514837
128.98816293864482, 174.29568796514843
128.98816293864473, 174.2956879651485
128.98816293864465, 174.29568796514855
128.9881629386446, 174.29568796514863
128.98816293864454, 174.2956879651487
128.98816293864448, 174.29568796514877
128.98816293864445, 174.29568796514886
128.9881629386444, 174.29568796514897
128.9881629386444, 174.29568796514906
128.98816293864436, 174.29568796514917
128.98816293864436, 174.29568796514926
128.98816435988763, 174.65237431678233
128.98818663558316, 184.0570464782996
128.98818663558316, 184.0570464782997
128.9881866355832, 184.0570464782998
128.9881866355832, 184.0570464782999
128.98818663558325, 184.0570464783
128.98818663558328, 184.0570464783001
128.98818663558333, 184.05704647830018
128.9881866355834, 184.05704647830024
128.98818663558345, 184.05704647830032
128.98818663558353, 184.05704647830038
128.98818663558362, 184.05704647830044
128.9881866355837, 184.0570464783005
128.9881866355838, 184.05704647830055
128.98818663558387, 184.05704647830058
128.988186635584, 184.0570464783006
128.98818663558407, 184.0570464783006
128.98818663558416, 184.0570464783006
128.98818663558427, 184.0570464783006
128.98818663558436, 184.05704647830058
128.98818663558447, 184.05704647830055
128.98818663558455, 184.05704647830052
128.98818663558464, 184.0570464783005
128.98818663558473, 184.05704647830044
128.9881866355848, 184.05704647830038
128.98818663558487, 184.0570464783003
128.98818663558495, 184.05704647830024
128.988186635585, 184.05704647830015
128.98818663558504, 184.05704647830007
128.9881866355851, 184.05704647829998
128.98818663558512, 184.05704647829987
128.98818663558515, 184.05704647829978
128.98882118933102, 184.0532006782218
128.9974062542221, 184.06197012793305
128.9974062542222, 184.0619701279331
128.99740625422226, 184.06197012793317
128.99740625422234, 184.06197012793322
128.99740625422245, 184.06197012793328
128.99740625422254, 184.0619701279333
128.99740625422262, 184.06197012793334
128.99740625422274, 184.06197012793334
128.99740625422282, 184.06197012793334
128.9974062542229, 184.06197012793334
128.99740625422302, 184.06197012793334
128.9974062542231, 184.0619701279333
128.9974062542232, 184.06197012793328
128.9974062542233, 184.06197012793322
128.9974062542234, 184.06197012793317
128.99740625422345, 184.0619701279331
128.99740625422353, 184.06197012793305
128.9974062542236, 184.06197012793297
128.99740625422365, 184.0619701279329
128.9974062542237, 184.06197012793282
128.99740625422376, 184.0619701279327
128.9974062542238, 184.06197012793263
128.99740625422382, 184.06197012793254
128.99740625422382, 184.06197012793243
128.99740625422382, 184.06197012793234
128.9974110804542, 184.05425047253073
128.99739533138657, 194.2595465176269
128.99739533138657, 195.7584160582748
128.99740465906123, 196.4611753211027
128.99689196771433, 197.2636760152331
128.99689196771433, 197.2636760152332
128.99689196771433, 197.2636760152333
128.99689196771436, 197.2636760152334
128.9968919677144, 197.26367601523347
128.99689196771445, 197.26367601523356
128.99689196771448, 197.26367601523364
128.99689196771453, 197.26367601523373
128.99689196771462, 197.26367601523378
128.99689196771467, 197.26367601523387
128.99689196771476, 197.26367601523393
128.99689196771482, 197.26367601523395
128.9968919677149, 197.263676015234
128.99689196771502, 197.26367601523404
128.9968919677151, 197.26367601523407
128.9968919677152, 197.2636760152341
134.46619758640665, 198.016040221071
134.46619758640668, 198.016040221071
145.06311675531038, 199.3172108037508
151.9052440458662, 200.1795637116907
157.71693670862612, 200.9167206185452
157.7420458102123, 200.91988579894596
158.15541100812152, 200.97228160167342
158.16616669390163, 200.9736581086221
158.16616669390172, 200.9736581086221
158.16616669390183, 200.9736581086221
158.1661666939019, 200.9736581086221
158.16616669390203, 200.97365810862206
158.1661666939021, 200.97365810862203
158.1661666939022, 200.97365810862198
158.16616669390228, 200.97365810862192
158.16616669390237, 200.97365810862186
158.16616669390245, 200.9736581086218
158.1661666939025, 200.97365810862172
158.16616669390257, 200.97365810862166
158.16616669390262, 200.97365810862158
158.16616669390265, 200.9736581086215
158.1661666939027, 200.97365810862138
158.1661666939027, 200.9736581086213
158.16616669390274, 200.97365810862118
158.16616669390274, 200.9736581086211
158.16616669390274, 200.5923697795184
158.1660652687623, 194.36746442417137
164.30507600481383, 195.152319715005
165.08511024725465, 195.25204701559622
165.08511024725473, 195.25204701559622
165.08511024725485, 195.25204701559622
165.08511024725493, 195.25204701559622
165.08511024725505, 195.2520470155962
165.08511024725513, 195.25204701559616
165.08511024725522, 195.2520470155961
165.0851102472553, 195.25204701559605
165.0851102472554, 195.252047015596
165.08511024725547, 195.25204701559593
165.08511024725553, 195.25204701559585
165.08511024725559, 195.2520470155958
165.08511024725564, 195.2520470155957
165.08511024725567, 195.25204701559562
165.08511024725573, 195.2520470155955
165.08511024725573, 195.25204701559542
165.08511024725576, 195.2520470155953
165.08511024725576, 195.25204701559522
165.08511024725576, 188.64537282126042
166.12379579376642, 188.77902117091006
190.99600268926065, 191.97927588631666
195.18139320623814, 192.51778645651407
195.18139320623814, 199.1287712587593
195.18139320623814, 199.12877125875937
195.18139320623814, 199.12877125875949
195.18139320623817, 199.12877125875957
195.1813932062382, 199.12877125875966
195.18139320623825, 199.12877125875974
195.18139320623828, 199.12877125875983
195.18139320623834, 199.1287712587599
195.18139320623843, 199.12877125875997
195.18139320623848, 199.12877125876005
195.18139320623857, 199.1287712587601
195.18139320623862, 199.12877125876014
195.1813932062387, 199.1287712587602
195.18139320623882, 199.12877125876022
195.1813932062389, 199.12877125876025
195.181393206239, 199.12877125876028
208.84797153835487, 200.9123863344424
228.45878475267713, 203.4718546440413
235.48382240545774, 204.38874287741262
235.48382240545786, 204.38874287741262
235.48382240545794, 204.38874287741262
235.48382240545806, 204.38874287741262
235.48382240545814, 204.3887428774126
235.48382240545823, 204.38874287741257
235.48382240545834, 204.3887428774125
235.48382240545843, 204.38874287741248
235.4838224054585, 204.38874287741243
235.48382240545857, 204.38874287741234
235.48382240545865, 204.38874287741228
235.4838224054587, 204.3887428774122
235.48382240545877, 204.3887428774121
235.4838224054588, 204.38874287741203
235.48382240545885, 204.38874287741191
235.48382240545885, 204.38874287741183
235.48382240545888, 204.38874287741174
235.48382240545888, 204.38874287741163
235.48382240545888, 108.03881121557704
235.48382240545888, 108.03881121557694
235.48382240545888, 108.03881121557684
235.48382240545888, 108.03875966207981
235.48382240545888, 108.03875966207971
235.48382240545888, 108.03875966207961
235.48382240545888, 69.49093861715774
235.48382240545888, 69.49093861715764
235.48382240545885, 69.49093861715754
235.48382240545885, 69.49093861715744
235.4838224054588, 69.49093861715735
235.48382240545877, 69.49093861715727
235.4838224054587, 69.49093861715718
235.48382240545865, 69.4909386171571
235.4838224054586, 69.49093861715703
235.4838224054585, 69.49093861715696
235.48382240545843, 69.4909386171569
235.48382240545834, 69.49093861715686
235.48382240545826, 69.49093861715681
235.48382240545817, 69.49093861715677
235.48382240545806, 69.49093861715676
235.48382240545797, 69.49093861715674
224.86162252566484, 68.62275764995096
207.98138099920888, 67.24309010641463
207.98138099920888, -69.28729014260696
228.37668814315484, -70.95419687550459
235.48382240545797, -71.53506235940377
235.48382240545806, -71.53506235940378
235.48382240545817, -71.5350623594038
235.48382240545826, -71.53506235940384
235.48382240545834, -71.53506235940388
235.48382240545843, -71.53506235940392
235.4838224054585, -71.53506235940398
235.4838224054586, -71.53506235940405
235.48382240545865, -71.53506235940412
235.4838224054587, -71.53506235940421
235.48382240545877, -71.5350623594043
235.4838224054588, -71.53506235940438
235.48382240545885, -71.53506235940446
235.48382240545885, -71.53506235940456
235.48382240545888, -71.53506235940466
235.48382240545888, -71.53506235940476
235.48382240545888, -206.43290476663134
235.48382240545888, -206.43290476663145
235.48382240545885, -206.43290476663154
235.48382240545885, -206.43290476663162
235.4838224054588, -206.43290476663174
235.48382240545877, -206.43290476663182
235.4838224054587, -206.4329047666319
235.48382240545865, -206.432904766632
235.48382240545857, -206.43290476663205
235.4838224054585, -206.43290476663213
235.48382240545843, -206.4329047666322
235.48382240545834, -206.43290476663222
235.48382240545823, -206.43290476663228
235.48382240545814, -206.4329047666323
235.48382240545806, -206.43290476663233
235.48382240545794, -206.43290476663233
235.48382240545786, -206.43290476663233
235.48382240545774, -206.43290476663233
228.45878475267713, -205.51598413323862
208.84797153835487, -202.9565205456741
195.181393206239, -201.17297129495265
195.1813932062389, -201.17297129495262
195.18139320623882, -201.1729712949526
195.1813932062387, -201.17297129495256
195.18139320623862, -201.1729712949525
195.18139320623857, -201.17297129495248
195.18139320623848, -201.17297129495242
195.18139320623843, -201.17297129495233
195.18139320623834, -201.17297129495228
195.18139320623828, -201.1729712949522
195.18139320623825, -201.1729712949521
195.1813932062382, -201.17297129495202
195.18139320623817, -201.17297129495194
195.18139320623814, -201.17297129495185
195.18139320623814, -201.17297129495174
195.18139320623814, -201.17297129495165
195.18139320623814, -194.56187205178847
190.99600268926065, -194.02337209159145
166.12379579376642, -190.8232159410025
165.08511024725576, -190.6895728574528
165.08511024725576, -197.29617075784228
165.08511024725576, -197.29617075784236
165.08511024725573, -197.29617075784248
165.08511024725573, -197.29617075784256
165.08511024725567, -197.29617075784267
165.08511024725564, -197.29617075784276
165.08511024725559, -197.29617075784284
165.08511024725553, -197.2961707578429
165.08511024725547, -197.296170757843
165.0851102472554, -197.29617075784304
165.0851102472553, -197.2961707578431
165.08511024725522, -197.29617075784316
165.08511024725513, -197.2961707578432
165.08511024725505, -197.29617075784324
165.08511024725493, -197.29617075784327
165.08511024725485, -197.29617075784327
165.08511024725473, -197.29617075784327
165.08511024725465, -197.29617075784327
164.30507600481383, -197.19644345725206
158.1660652687623, -196.41158816641843
158.1660652687623, -202.61505762671587
158.16616669390274, -202.63652946731708
158.16616669390274, -203.0178199978408
158.16616669390274, -203.0178199978409
158.1661666939027, -203.017819997841
158.1661666939027, -203.0178199978411
158.16616669390265, -203.0178199978412
158.16616669390262, -203.0178199978413
158.16616669390257, -203.01781999784137
158.1661666939025, -203.01781999784143
158.16616669390245, -203.0178199978415
158.16616669390237, -203.01781999784157
158.16616669390228, -203.01781999784163
158.1661666939022, -203.01781999784168
158.1661666939021, -203.01781999784174
158.16616669390203, -203.01781999784177
158.1661666939019, -203.0178199978418
158.16616669390183, -203.0178199978418
158.16616669390172, -203.0178199978418
158.16616669390163, -203.0178199978418
158.15541100812152, -203.01644349089312
157.7420458102123, -202.96404768816566
157.71693670862612, -202.9608449530503
151.9052440458662, -202.22378604371153
145.06311675531038, -201.36141510078323
128.99689196771521, -199.3078379044538
128.99689196771513, -199.30783790445378
128.99689196771502, -199.30783790445378
128.99689196771493, -199.30783790445372
128.99689196771484, -199.3078379044537
128.99689196771476, -199.30783790445363
128.99689196771467, -199.30783790445358
128.99689196771462, -199.30783790445352
128.99689196771456, -199.30783790445344
128.9968919677145, -199.30783790445335
128.99689196771445, -199.30783790445327
128.9968919677144, -199.30783790445318
128.99689196771436, -199.3078379044531
128.99689196771433, -199.307837904453
128.99689196771433, -199.3078379044529
128.99689196771433, -199.3078379044528
128.99739533138657, -197.80256063213412
128.9974110804542, -188.7651882249462
128.9974110804542, -186.0984123585609
128.99075883472682, -186.09524267102893
128.98818663558507, -186.10120836751972
128.98818663558504, -186.1012083675198
128.98818663558498, -186.1012083675199
128.98818663558492, -186.10120836751997
128.98818663558484, -186.10120836752003
128.98818663558478, -186.10120836752012
128.9881866355847, -186.10120836752017
128.9881866355846, -186.1012083675202
128.98818663558453, -186.10120836752026
128.98818663558444, -186.1012083675203
128.98818663558433, -186.10120836752031
128.98818663558424, -186.10120836752031
128.98818663558416, -186.10120836752031
128.98818663558404, -186.10120836752031
128.98818663558396, -186.1012083675203
128.98818663558384, -186.1012083675203
128.98818663558376, -186.10120836752023
128.98818663558367, -186.1012083675202
128.9881866355836, -186.10120836752014
128.98818663558353, -186.1012083675201
128.98818663558345, -186.10120836752003
128.9881866355834, -186.10120836751994
128.98818663558333, -186.10120836751986
128.98818663558328, -186.10120836751977
128.98818663558322, -186.1012083675197
128.9881866355832, -186.1012083675196
128.98818663558316, -186.10120836751952
128.98818663558316, -186.1012083675194
128.98818663558316, -186.10120836751932
128.98818459006682, -185.58760679697465
128.98816293864436, -176.3398158510008
128.98816293864436, -176.3398158510007
128.9881629386444, -176.3398158510006
128.9881629386444, -176.3398158510005
128.98816293864445, -176.3398158510004
128.98816293864448, -176.3398158510003
128.98816293864454, -176.33981585100022
128.9881629386446, -176.33981585100017
128.98816293864465, -176.33981585100008
128.98816293864473, -176.33981585100003
128.98816293864482, -176.33981585099997
128.9881629386449, -176.3398158509999
128.988162938645, -176.33981585099986
128.98816293864508, -176.33981585099983
128.9881629386452, -176.3398158509998
128.98816293864527, -176.3398158509998
128.9881629386454, -176.3398158509998
128.98816293864547, -176.3398158509998
129.81427524027822, -176.44424460173272
132.60754066717334, -176.79736094338773
128.9881601790733, -173.8211402170503
128.98816017907322, -173.82114021705024
128.98816017907316, -173.82114021705016
128.9881601790731, -173.8211402170501
128.98816017907305, -173.82114021705002
128.98816017907302, -173.82114021704993
128.98816017907296, -173.82114021704982
128.98816017907293, -173.82114021704973
128.98816017907293, -173.82114021704962
128.98816017907293, -173.82114021704953
128.98815557833225, -172.09292242989181
128.98817246811566, -155.34347570840973
128.98817246811566, -155.34347570840964
128.98817246811566, -155.34347570840953
128.9881724681157, -155.34347570840944
128.98817246811572, -155.34347570840936
128.98817246811578, -155.34347570840924
128.98817246811583, -155.34347570840916
128.9881724681159, -155.3434757084091
128.98817246811595, -155.34347570840902
128.98817246811603, -155.34347570840896
128.9881724681161, -155.3434757084089
128.98817246811618, -155.34347570840885
128.98817246811626, -155.34347570840882
128.98817246811637, -155.34347570840876
128.98817246811646, -155.34347570840876
128.98817246811655, -155.34347570840873
128.98817246811666, -155.34347570840873
128.98817246811674, -155.34347570840873
128.98817246811686, -155.34347570840873
128.98817246811694, -155.34347570840876
128.98817246811703, -155.3434757084088
128.9881724681171, -155.34347570840885
128.9881724681172, -155.3434757084089
128.98817246811728, -155.34347570840896
131.1968670719545, -157.1596836098515
134.40670035547924, -159.79910532057843
136.55513245155754, -161.56580273930217
145.88390785467564, -169.23693613869955
145.88390785467564, -94.54852061135966
139.61695596286967, -98.4010251875628
134.40670035547913, -101.60393628498893
128.98817246811717, -104.93490525567559
128.98817246811709, -104.93490525567564
128.988172468117, -104.93490525567567
128.98817246811691, -104.9349052556757
128.9881724681168, -104.93490525567573
128.98817246811672, -104.93490525567573
128.98817246811663, -104.93490525567573
128.98817246811652, -104.93490525567573
128.98817246811643, -104.93490525567572
128.98817246811635, -104.93490525567569
128.98817246811626, -104.93490525567564
128.98817246811618, -104.9349052556756
128.9881724681161, -104.93490525567556
128.988172468116, -104.93490525567549
128.98817246811595, -104.93490525567543
128.98817246811586, -104.93490525567536
128.9881724681158, -104.93490525567528
128.98817246811578, -104.93490525567519
128.98817246811572, -104.9349052556751
128.9881724681157, -104.93490525567502
128.98817246811566, -104.93490525567492
128.98817246811566, -104.93490525567483
128.98817246811566, -104.93490525567474
128.9881844923324, -103.35470608985806
128.9881844923324, -89.72080229646171
128.9881844923324, -89.72080229646161
128.98818449233244, -89.72080229646151
128.98818449233244, -89.72080229646141
128.9881844923325, -89.72080229646131
128.98818449233252, -89.72080229646122
128.98818449233258, -89.72080229646113
128.98818449233266, -89.72080229646106
128.98818449233272, -89.72080229646097
128.9881844923328, -89.72080229646092
128.9881844923329, -89.72080229646086
130.90409858842378, -88.54302382637172
134.4067003554781, -86.38984117629408
134.9525113702985, -86.05425791604614
134.40670035547853, -86.00999291552574
128.9881855745928, -85.57029068555254
128.9881855745927, -85.57029068555252
128.9881855745926, -85.57029068555251
128.9881855745925, -85.57029068555246
128.98818557459242, -85.57029068555242
128.98818557459234, -85.57029068555238
128.98818557459225, -85.57029068555232
128.98818557459217, -85.57029068555225
128.9881855745921, -85.57029068555218
128.98818557459205, -85.5702906855521
128.988185574592, -85.57029068555201
128.98818557459197, -85.57029068555192
128.9881855745919, -85.57029068555184
128.9881855745919, -85.57029068555174
128.98818557459188, -85.57029068555164
128.98818557459188, -85.57029068555154
128.98818663558316, -84.3899542818124
128.98818663558316, -62.87726792275631
128.98818663558316, -62.87726792275621
128.98818663558316, -62.87726792275612
128.9881866355832, -62.87726792275602
128.98818663558322, -62.877267922755934
128.98818663558328, -62.87726792275584
128.98818663558333, -62.877267922755756
128.9881866355834, -62.87726792275568
128.98818663558345, -62.87726792275561
128.9881866355835, -62.87726792275554
128.9881866355836, -62.877267922755486
128.98818663558367, -62.87726792275543
128.98818663558376, -62.87726792275539
128.98818663558384, -62.87726792275536
128.98818663558396, -62.87726792275533
128.98818663558404, -62.877267922755316
128.98818663558416, -62.87726792275531
128.98818663558424, -62.877267922755316
130.1804638483055, -62.974019510070725
134.2808194757678, -63.30676035745043
128.9881824002094, -57.887717331217615
128.98818240020935, -57.887717331217544
128.9881824002093, -57.887717331217466
128.98818240020924, -57.88771733121739
128.98818240020918, -57.887717331217296
128.98818240020915, -57.8877173312172
128.98818240020913, -57.88771733121711
128.98818240020913, -57.88771733121702
128.98818240020913, -57.88771733121692
128.9881757042489, -54.953712179884704
128.9881757042489, -36.01027104190955
128.9881757042489, -36.01027104190945
128.9881757042489, -36.01027104190935
128.98817570424893, -36.010271041909256
128.988175704249, -36.010271041909164
128.98817570424902, -36.01027104190907
128.98817570424907, -36.01027104190899
128.98817570424913, -36.01027104190891
128.9881757042492, -36.01027104190884
128.98817570424927, -36.01027104190877
128.98817570424936, -36.010271041908716
128.98817570424944, -36.010271041908666
128.98817570424953, -36.010271041908624
128.9881757042496, -36.01027104190859
128.9881757042497, -36.01027104190857
128.9881757042498, -36.01027104190855
128.9881757042499, -36.010271041908545
128.98817570425, -36.01027104190855
128.9881757042501, -36.01027104190857
128.98817570425018, -36.010271041908595
128.9881757042503, -36.010271041908624
128.98817570425038, -36.010271041908666
128.98817570425047, -36.01027104190872
128.98817570425055, -36.01027104190878
128.9881757042506, -36.010271041908844
128.9881757042506, -36.01027104190885
131.22613095700424, -38.30167534891735
134.40670035547933, -41.558202441624594
136.55513245155763, -43.75796097567789
Holes:
Exterior:
76.34960065552775, 135.24961606343726
66.94695849423181, 141.02967821454425
65.27865877667728, 142.0552444567188
65.27871668799935, 128.9273614819965
65.27870872561562, 126.84111632891239
70.46474891912976, 123.65307850973586
66.45018958720539, 120.35190914821891
65.27870872561562, 119.38861408792975
65.27864468609425, 103.73973804950303
65.2786560048861, 100.91092003150776
74.28569458806305, 108.31743350492435
76.34959856343346, 110.0145852916296
76.34960768303938, 120.03544107529474
76.34960643073543, 128.49222116669256
76.34960197527619, 133.77534584103924
76.34960065552775, 135.24961606343726
Holes:
Exterior:
76.34959856343346, -112.05869805901388
67.02152612294822, -104.38819627489215
65.2786560048861, -102.95502828083892
65.27871413172306, -118.74240079050786
65.27870872561562, -121.43280589547314
70.46474891912976, -125.6972785459282
66.45018958720539, -128.1651733527411
65.27870872561562, -128.88530402213127
65.27864468609425, -141.770149079448
65.27865877667728, -144.0993593486701
74.95526099744222, -138.1509373175635
76.34960065552775, -137.29378536395643
76.34960643073543, -130.53639999894196
76.34960768303938, -122.07960619355498
76.34960247951312, -114.59525138453492
76.34959856343346, -112.05869805901388
Holes:
Exterior:
314.72120951758177, 199.31098580573993
314.7298836546762, 213.50819617805158
314.73207742972903, 217.14834025143352
314.7694552550564, 221.7244703384801
309.21974551063704, 220.9305328567366
306.9587149913524, 220.62392880468028
305.03311749196564, 220.3628121427209
298.9798004216924, 219.516251237143
283.98209393965584, 217.50818745114367
283.9988906500149, 213.3058803747634
283.9890132370538, 198.7028376870469
283.98903395316194, 195.0677754240218
298.28311493487263, 197.010737834401
306.9632014048185, 198.22539414815665
307.56686497541693, 198.30836775481225
314.72120951758177, 199.31098580573993
Holes:
Exterior:
314.72120951758177, -201.35509930594296
309.5272356215427, -200.6321160959999
307.56686497541693, -200.3524799973878
299.10302740466386, -199.1663784179169
298.28311493487263, -199.0549405399111
292.4792659110026, -198.27619737950658
283.9890339531618, -197.1119987473278
284.00265493212237, -210.7872462860254
283.9989060738317, -212.3717822343568
283.98209393965584, -219.5523276052952
298.9798004216924, -221.56041220699424
305.03311749196564, -222.40690978260733
306.9587149913524, -222.6680240569289
309.21974551063704, -222.974618452011
314.7694552550564, -223.76856609452003
314.7549282804856, -220.79832225871343
314.73207742972903, -219.19244917501035
314.7298836546762, -215.55230972137286
314.72120951758177, -201.35509930594296
Holes:
Exterior:
284.00509852658377, -168.31024003424065
284.00509852658377, -175.79125745645615
294.1181456049708, -172.38217977783654
296.5460622841879, -171.5637328280251
296.53738666213746, -161.2902848365478
296.54570562083836, -160.0992673426519
296.52790264423254, -156.13243373999066
292.91416917285096, -157.35060024806566
287.71765854531975, -159.10239991880846
283.9785252169049, -160.36286832029947
284.00509852658377, -168.31024003424065
Holes:
Exterior:
284.00509852658377, 173.7471337142091
284.00509852658377, 166.26609780592193
283.9785252169049, 158.31870643107976
292.91416917285096, 155.3064654189914
296.52790264423254, 154.08829290707945
296.53738666213746, 159.24614834084852
296.5460622841879, 169.5195709388054
294.1181456049708, 170.3380253919263
289.4183375518045, 171.92232496672793
284.00509852658377, 173.7471337142091
Holes:
Exterior:
314.7330992513277, 99.21047870160437
309.5290729632625, 98.74329985579072
300.29508271696886, 97.91436946634107
284.0072154491283, 96.45213098529973
284.02353474048584, 85.82377789364534
284.0235148141388, 85.8207028058184
283.99104460799015, 82.11730925214272
283.9522004948707, 77.68780381532235
283.9522207914516, 77.68592274897442
283.95333357945526, 73.63394307123197
289.1103891542735, 74.07088483565681
298.78701305612503, 74.94110705458688
306.0326662089843, 75.59977916578639
308.52653549399156, 75.82203254227626
311.17852353307023, 76.0626302997369
314.7111635531551, 76.37317159394838
314.7180590531849, 79.74887209442386
314.7330992513277, 99.21047870160437
Holes:
Exterior:
314.7330992513277, -101.25464059082405
314.721410955888, -94.4235302660331
314.7104070127597, -78.4166993851782
311.17845775755495, -78.10639538575931
308.52677888062044, -77.86585202314245
306.03290875028904, -77.64367681668583
298.7875991312652, -76.985117224125
289.05863694158415, -76.11042501016742
286.9755927438696, -75.94326831712966
283.95333357945526, -75.67806681347899
283.952214274817, -79.73376806293997
284.0072154491283, -98.49621922724342
309.5290729632625, -100.78744232016597
314.7330992513277, -101.25464059082405
Holes:
Exterior:
255.39385182782274, -95.92753202915871
266.2724968278677, -96.90416455201604
266.2724968278677, -90.44766837894058
266.27248986214863, -90.44327716207624
266.2725000001968, -88.72081933603015
266.2724982812015, -74.15385039594044
264.52897523666013, -73.99647484622366
253.44135395728233, -73.0822901622272
253.441402931379, -92.01401663095137
253.44139933537974, -95.75225211236264
255.39385182782274, -95.92753202915871
Holes:
Exterior:
257.26502195321484, 71.37729995692435
266.2724982812015, 72.10966333376521
266.2724936608373, 74.99638794942544
266.2724968278677, 94.86001927368592
262.4566792979134, 94.51744447770544
253.44139933537974, 93.70810984376205
253.44139933537974, 90.00553780142778
253.4413381174008, 89.99898716540845
253.44136585940805, 89.99245097534654
253.44136953155123, 89.95667707892666
253.44135395728233, 71.03812892369888
257.26502195321484, 71.37729995692435
Holes:
Exterior:
266.2724308408064, 192.64558014024902
266.2724447001114, 195.8097263182324
266.27247094168035, 197.93581909673256
266.27249550734086, 201.88690173155229
260.4520504012124, 201.10282216379298
253.44132041285565, 200.1702596279492
253.44134840738536, 197.95186824388853
253.44132961933946, 190.87661534066865
255.92133205988137, 191.22350696017054
266.2724308408064, 192.64558014024902
Holes:
Exterior:
266.2724308408064, -194.68976827599434
255.92133205988137, -193.26769962321092
253.44132961933946, -192.92081537686101
253.44132961933957, -194.7876284837444
253.44130786239418, -195.71963264332246
253.44132041285565, -202.21442151716892
259.51645811392325, -203.03059623210063
266.27249550734086, -203.93100933432487
266.27247075784044, -201.1104965103988
266.2724308408064, -194.68976827599434
Holes:
Exterior:
266.2724680805551, -108.18343177126205
262.45137213630585, -106.0178953719372
253.44136585940805, -100.91171027630698
253.44136585940805, -104.05515040334224
253.44134840738536, -120.25978813685992
257.22565942194444, -122.40442008389387
266.2725078226462, -127.53136670673777
266.27247075784044, -121.4922854183078
266.2724680805551, -108.18343177126205
Holes:
