Exterior:
-72.70797524525688, 148.0294670333723
-72.70797524525688, 148.77828238624667
-75.20627043658851, 148.59568230247373
-96.98423521411723, 147.0175537727021
-96.98423521411723, 141.0315167574411
-96.98477218796143, 128.90096496517418
-96.97047587856184, 128.20925712370786
-96.97047587856184, 125.11574257546668
-77.96954644127163, 126.43084378523858
-72.71124786365806, 126.81291737477108
-72.701884223751, 139.2332066508563
-72.70797524525688, 148.0294670333723
Holes:
Exterior:
-72.70797524525688, -149.84401720956004
-72.70797524525688, -149.0952062762223
-72.701884223751, -140.29893152589972
-72.71124786365806, -127.87867219833645
-77.96954644127163, -127.49654709088426
-96.97047587856184, -126.18144588111237
-96.97047587856184, -129.27496042935354
-96.98477218796143, -129.96666827081987
-96.98477218796143, -135.48212037640423
-96.98423521411723, -148.08333337229308
-75.20627043658851, -149.66142768429364
-72.70797524525688, -149.84401720956004
Holes:
Exterior:
-40.78873275822582, -118.40652304075053
-33.41130364553601, -121.42502457472997
-33.41125665659183, -116.125602983998
-33.41133827958288, -104.88567622789941
-36.41580401602391, -103.65636211664457
-46.72376760945633, -99.43879647704159
-33.41133827958288, -95.82667576571953
-33.41132465677299, -91.46650696897433
-33.41124614477883, -81.26340617472026
-37.40840905616051, -82.34797258323617
-46.973725431349294, -84.94337158749383
-46.97375054595932, -89.47772171067868
-46.9737834660599, -99.33650057142
-46.97378275539711, -99.51294235170812
-46.97372756141749, -115.8758742715087
-40.78873275822582, -118.40652304075053
Holes:
Exterior:
-40.79461689371351, 129.123026454262
-33.41130364553601, 129.64698161065414
-33.41125665659183, 132.62786937281544
-33.41125665659183, 138.80742944097375
-43.39032786555333, 138.06393390343038
-46.97365109111615, 137.78704057738594
-46.97366957938925, 135.41188776503637
-46.97371817920134, 128.6729800013987
-40.79461689371351, 129.123026454262
Holes:
Exterior:
-96.976965622482, -21.6957899048153
-74.30220284351344, -11.520760076824443
-72.70540840928322, -10.804217877133011
-72.70230690681069, -8.371225048942906
-72.70230690681069, 7.305521743297222
-72.70540840928322, 9.113095284838709
-72.70540840928322, 9.73851457148733
-90.0790368762066, 17.534725479042375
-96.976965622482, 20.630086599169616
-96.96137722730168, 6.798425419569051
-96.96137722730168, 3.423961483616826
-88.14375051961258, -0.5328516528228412
-94.15740611202534, -3.2314137187346397
-96.96137722730168, -4.489679758139758
-96.976965622482, -14.366072549505162
-96.976965622482, -21.6957899048153
Holes:
Exterior:
-41.84397148014136, -70.11386432598113
-33.41124614477883, -70.67293119960186
-33.41125443218152, -62.53131931423314
-33.41125443218152, -48.06691543983269
-37.282243254223886, -47.802370899790695
-46.9737072571254, -47.16271438348924
-46.973682660307986, -54.45320749962807
-46.97360372111814, -69.7643731822944
-41.84397148014136, -70.11386432598113
Holes:
Exterior:
174.78894500732974, -85.85495452786269
174.79172053584796, -65.46276550442064
174.79211988106204, -63.95661330479346
163.39393471947176, -62.97650555616916
156.43463896822743, -62.36265729989551
145.69823313593736, -61.471322512221505
145.69823313593736, -73.14135402608498
145.69628595430424, -84.19262938520279
174.66855935180752, -86.69882295026802
174.78897116355768, -86.70999244470194
174.78894500732974, -85.85495452786269
Holes:
Exterior:
174.78894500732974, 84.789251222217
174.78897116355768, 85.64428486343091
174.6973118584683, 85.63575303449397
163.68783790370765, 84.67827003859091
163.30823221324601, 84.6383761834558
157.31836063186927, 84.10498468116269
145.69628595430424, 83.12688827418255
145.69628595430424, 71.85105725644642
145.69823313593736, 60.40565637361043
156.43463896822743, 61.296953994249826
163.39393471947176, 61.910802250523474
174.79211988106204, 62.89090999914777
174.78894500732974, 84.789251222217
Holes:
Exterior:
-72.70789042579042, 87.74131705046938
-72.70359947695852, 90.8090048111918
-72.70212574541426, 104.2831270578955
-72.70398142150123, 105.06954757737307
-72.70380629013641, 105.42241234167196
-89.88120661117819, 110.08322729495191
-96.97618837038226, 112.00835090581012
-96.97618837038226, 105.91908588052225
-96.95770810049385, 97.43996726022749
-92.42994436726883, 96.21141867188419
-95.43204201368519, 94.98308215229602
-96.95770810049385, 94.35883306327973
-96.9787821426537, 85.15711205704122
-96.9787821426537, 77.81071605851487
-75.43991955210527, 86.6235637300568
-75.3921108564432, 86.64304434915442
-72.70789042579042, 87.74131705046938
Holes:
Exterior:
-72.70789042579042, -88.80709136585389
-75.3921108564432, -87.7088155076576
-96.9787821426537, -78.87646177032714
-96.95770810049385, -93.58260130493137
-96.95770810049385, -95.42457876425581
-92.42994436726883, -97.27716012450253
-95.43204201368519, -98.09173924036574
-96.95770810049385, -98.50571720956131
-96.97618837038226, -106.98488143028462
-96.97618837038226, -113.07414645557249
-73.77909804428919, -106.77995835255781
-72.70380629013641, -106.48819194126295
-72.70398142150123, -106.13532717696407
-72.70212574541426, -105.34890367446158
-72.70747028051244, -105.34674021865636
-72.70359947695852, -91.87477733949082
-72.70789042579042, -88.80709136585389
Holes:
Exterior:
55.99780487718465, -159.89497475308696
62.31134273848784, -160.41167673851297
68.57360373956601, -160.9298855003599
68.59966111616097, -155.24575980902281
68.54298075883389, -138.4548627411876
67.91335482140005, -138.40391306176878
66.87804508324245, -138.32053911942234
53.729660151148664, -137.2898512599076
40.42043211862574, -136.2506625238738
40.37858834757492, -136.24742074461972
40.42043211862574, -136.23648517671762
68.59601894700711, -128.87244961677192
68.59601894700711, -120.38768746553322
68.56131098203537, -114.43810979093051
58.036349584031996, -117.18897849532138
39.955530999558164, -121.914718822576
39.96298315731667, -123.11275095021149
39.94204826379314, -135.3652573941961
39.94204826379314, -136.8603408728613
39.94898636961125, -143.737712191499
39.95578521197058, -149.10642808063434
39.95578521197058, -158.58207434347338
50.948294529325494, -159.47942947567176
55.99780487718465, -159.89497475308696
Holes:
Exterior:
55.99780487718465, 158.82925469975137
50.948294529325494, 158.41370269772494
47.133053015158225, 158.1151713483726
39.95578521197058, 157.51627712814224
39.95578521197058, 148.0406587466596
39.94898636961125, 142.67193259190802
39.94204826379314, 135.7945612732703
39.94204826379314, 134.29947516332388
39.96298315731667, 122.04693637293552
39.955530999558164, 120.84891905843091
47.82301522281239, 118.79264422835321
68.56131098203537, 113.37244463225748
68.59601894700711, 119.32197509434415
68.59601894700711, 127.80669242664821
60.48439089339956, 129.9267860550961
40.42043211862574, 135.17070621678315
40.37858834757492, 135.18164114502872
40.42043211862574, 135.18488292428282
46.49495208997428, 135.6601880966495
66.87804508324245, 137.25483139514495
68.54298075883389, 137.38915798362618
68.5398214995256, 138.7284929222734
68.57360373956601, 159.86419556864
62.31134273848784, 159.3459817586368
55.99780487718465, 158.82925469975137
Holes:
Exterior:
-35.68059323594059, -139.71366391593597
-33.41125665659183, -139.8731968178278
-33.41130364553601, -136.139356197768
-33.41130364553601, -130.7126695349484
-37.64172580059494, -130.40244526307887
-46.97371817920134, -129.73871844759893
-46.97369411403031, -132.8082242435624
-46.97365109111615, -138.85278203000428
-43.39032786555333, -139.12967535604872
-35.68059323594059, -139.71366391593597
Holes:
Exterior:
35.41202067593986, 144.18002214307256
34.738694410483276, 144.12505607727837
33.414178866715815, 144.0164542898098
28.592792035007506, 143.63052576886867
25.42009225382492, 143.37683157471622
25.42009225382492, 144.8244413685218
25.42009225382492, 149.85792593506778
19.692510695803435, 149.40259979862796
15.376269151189945, 149.05948249002597
12.620104460856169, 148.84039358643497
12.620104460856169, 146.06696884868072
12.620104460856169, 142.36090139893497
7.914673631755932, 141.99008872314738
6.220263152262419, 141.8565602734467
6.220263152262419, 126.75723298370582
6.220263152262419, 101.82743136653241
6.220263152262419, 92.91749249357353
6.220263152262419, 89.55658790113928
6.220263152262419, 84.00755362061466
6.220263152262419, 41.16893884976724
6.220263152262419, 33.369659943856846
6.220263152262419, 27.391143030441214
6.220263152262419, 22.926289402371246
6.220263152262419, -34.43536324950253
6.220263152262419, -42.234642155412914
6.220263152262419, -85.07325692626034
6.220263152262419, -115.5521896386172
6.220263152262419, -134.01235697768644
6.220263152262419, -142.92230172606503
7.914673631755932, -143.0558200760418
12.620104460856169, -143.42660470458065
12.620104460856169, -146.20006209852295
12.620104460856169, -149.90617318602597
15.376269151189945, -150.12521515540456
19.692510695803435, -150.46832687472877
25.42009225382492, -150.92370553465878
25.42009225382492, -149.47607869992518
25.42009225382492, -144.4425348803619
28.592792035007506, -144.6962479857476
34.738694410483276, -145.19082852778166
35.41202067593986, -145.245785976894
37.280424880382725, -145.3992756621052
37.280420611882846, -145.1445113447027
37.2804198171641, -141.8601980125089
37.28038648413178, -140.59742284983113
37.28038648413178, -129.98655206913298
37.280358924881966, -122.61391985477303
36.59227697890833, -122.79376159707253
33.414178866715815, -123.6243623305003
31.81993356241867, -124.0409235522369
31.81993356241867, -116.20398821133298
31.81993356241867, -88.14591927977597
33.414178866715815, -88.82255172126379
37.280358924881966, -90.4634225389579
37.28035614161547, -89.70732031287733
37.28041242572624, -84.31667050127888
37.280412425726354, -61.291367458290175
37.28040804628813, -53.003312159413134
34.04985299601242, -52.76887460204159
37.28035614161547, -50.89082228070364
37.280362622215875, -49.76019258868714
37.280362622215875, -31.261078015303454
36.651308921448845, -31.626777280584367
33.414178866715815, -33.50864134858531
31.81993356241867, -34.43536324950253
31.81993356241867, -25.561784422217634
31.81993356241867, -19.631532094576848
31.81993356241867, 33.369659943856846
33.414178866715815, 32.44288349780125
37.280362622215875, 30.1953028100788
37.28035614161547, 31.079308642538013
37.28035614161547, 49.82511553921509
36.651308921448845, 50.19082299702039
34.04985299601242, 51.70317129639591
37.28040804628813, 51.93760885376745
37.280412425726354, 60.22566415264449
37.280412425726354, 83.25091883320638
37.280358924881966, 89.39765031688262
36.59227697890833, 89.10561608564089
33.414178866715815, 87.75679387047974
31.81993356241867, 87.08021597413028
31.81993356241867, 115.13831472405367
31.81993356241867, 122.97525839356388
33.414178866715815, 122.55858808155054
37.280358924881966, 121.548111944897
37.28035994807601, 122.20368584749184
37.28038648413178, 128.9207537948755
37.28038648413178, 139.53164325024014
37.2804198171641, 140.7944184129179
37.280420611882846, 144.0787317451117
37.280424880382725, 144.33349910629403
35.41202067593986, 144.18002214307256
Holes:
Exterior:
-41.489155949714814, 82.38950287128266
-33.41124614477883, 80.19773147385924
-33.41125665659183, 84.86393482333119
-33.41133827958288, 94.76091534974074
-36.41580401602391, 95.57612325153718
-46.72376760945633, 98.3730168774506
-33.41133827958288, 103.81988703650231
-33.41136813281764, 109.19430589781375
-33.41130364553601, 120.35935941605695
-37.64172580059494, 118.62843585199057
-46.97372756141749, 114.81018469904996
-46.97370388763693, 109.32922102653743
-46.97378275539711, 98.4471635660215
-46.9737834660599, 98.270720971829
-46.973725431349294, 83.87764098781061
-41.489155949714814, 82.38950287128266
Holes:
Exterior:
119.03529401947912, 58.196427175997506
126.89067885902352, 58.86541355896259
126.89067885902352, 63.35748604307919
126.89065479185899, 81.50898271183364
125.43153575507904, 81.38459227080612
123.94858770439691, 81.25478786510995
113.7103576469301, 80.43026330126739
107.01183457257139, 79.88362561624201
104.41704072569166, 79.68800491325375
93.08927980991041, 78.82322354293755
92.27764922490508, 78.75719162212401
90.68348080097121, 78.6398498911158
88.87131601768772, 78.50120528936867
88.87131601768772, 76.60496475728638
88.87136321806213, 55.83205584240604
100.89906304687634, 56.72875844063142
107.01183457257139, 57.202706278423584
113.59435877598912, 57.75328337935705
116.29150960574896, 57.98088227271635
119.03529401947912, 58.196427175997506
Holes:
Exterior:
119.03529401947912, -59.26213048164319
116.29150960574896, -59.046585578362034
113.59435877598912, -58.818986685002734
100.89906304687634, -57.7944617462771
88.87136321806213, -56.897759148051726
88.87131601768772, -77.67066806293208
88.87131601768772, -79.56690859501435
92.27764922490508, -79.8228949277697
93.08927980991041, -79.88893253292247
95.05048758645489, -80.03780741932108
107.01183457257139, -80.9493289218877
113.7103576469301, -81.49599305600856
123.94858770439691, -82.32056746470094
126.89065479185899, -82.57476231142464
126.89065479185899, -80.90447133245812
126.89067885902352, -59.93111686460827
122.81320767479406, -59.596386919280434
119.03529401947912, -59.26213048164319
Holes:
Exterior:
-170.05884016244806, 72.43533088727483
-170.20415681869179, 72.47532347751594
-170.27848495411797, 72.49577921299814
-170.27788543136137, 71.6734168980592
-170.2778861650512, 71.63914119978902
-170.27930361821473, 60.70213414161768
-178.19044241414383, 60.21106903303565
-178.37305099718367, 60.19972225036529
-178.95764098037455, 60.16370467518399
-179.26083726234663, 60.14466579050556
-184.10836048791361, 59.8494481130158
-184.12360189950527, 54.58148597648859
-184.12617464970197, 37.29054305845595
-181.9856902730162, 37.41673883706138
-181.85794166596156, 37.42415867004293
-177.3019068955614, 37.70360053577706
-170.27942746415295, 38.130525143391864
-170.27789147455314, 25.297080391937623
-170.27853159289202, 24.388917164865447
-170.05884016244806, 24.48750103722658
-169.77979788289383, 24.612717194833408
-169.77979788289383, 0.020515230661146244
-169.77979788289383, -1.086220215272334
-169.77979788289383, -25.678496794424404
-170.05884016244806, -25.553280636817576
-170.20819003154133, -25.486261008724885
-170.27853159289202, -25.454696085426775
-170.27789147455314, -26.362855964251846
-170.27942746415295, -39.19627150277313
-177.3019068955614, -38.769380135368046
-181.85794166596156, -38.48993826963391
-184.12617464970197, -38.35630482715066
-184.1098708125777, -50.77458705716855
-184.10836048791361, -60.915159151067556
-178.45100195661723, -61.26049168644215
-178.19044241414383, -61.27677233868132
-172.79649061804264, -61.61154737025625
-170.27930361821473, -61.76783744726335
-170.2778861650512, -72.7048445054347
-170.27788543136137, -72.73912449697089
-170.27848495411797, -73.56148179504062
-170.05884016244806, -73.50103419292051
-169.77979788289383, -73.42423959227597
-169.77979788289383, -74.20285648816396
-169.77979788289383, -108.80540414305722
-170.05884016244806, -108.69443014774915
-170.20415681869179, -108.63663702802597
-170.27848495411797, -108.60707680453748
-170.2779237921103, -109.29415182308009
-170.279875661044, -121.19256927350035
-181.64106497273758, -120.44335885497128
-184.10683845336416, -120.28609808494494
-184.10230187103593, -126.0763795124258
-184.11103233957124, -139.2693744747356
-184.12491774674152, -141.91751491312326
-181.73149801048328, -142.07880529482634
-160.94065281764222, -143.52585664300958
-160.91436309866867, -139.18826284954298
-160.90956907674206, -137.03441039468407
-151.34923266439534, -137.69999070100664
-150.57996878133133, -137.75353951903378
-150.57996878133133, -136.7071943652364
-150.57996878133133, -131.2912134692291
-149.07068752599662, -131.39693224493416
-144.17982229695633, -131.73951669188534
-144.17982229695633, -129.42304827564215
-144.17982229695633, -111.3187555834869
-144.17982229695633, -107.32400532800251
-144.17982229695633, -76.10314889403378
-144.17982229695633, -70.38313124294064
-144.17982229695633, -25.678496794424404
-144.17982229695633, 2.542897062814234
-144.17982229695633, 13.03557652849942
-144.17982229695633, 22.266850148219433
-144.17982229695633, 24.612717194833408
-144.17982229695633, 69.31741928274413
-144.17982229695633, 75.0374455883881
-144.17982229695633, 106.25830202235683
-144.17982229695633, 110.25305227784122
-144.17982229695633, 112.569516366809
-144.17982229695633, 130.673775239267
-149.07068752599662, 130.3312490946383
-150.57996878133133, 130.22554831055606
-150.57996878133133, 131.27188728780035
-150.57996878133133, 136.6878362133881
-151.34923266439534, 136.63428739536096
-160.90956907674206, 135.9687070890384
-160.91436309866867, 138.12253415999874
-160.94065281764222, 142.46010674896948
-164.4076788701292, 142.23346037933953
-184.12491774674152, 140.85176943846506
-184.12240628919005, 139.56161091654184
-184.11103233957124, 138.20362840113845
-184.10230187103593, 125.01069388574584
-184.10683845336416, 119.22043292627191
-181.64106497273758, 119.37769369629825
-170.279875661044, 120.12692784805144
-170.2779237921103, 108.22841357450315
-170.27848495411797, 107.54133643732396
-170.05884016244806, 107.62868690027733
-169.77979788289383, 107.73966269043888
-169.77979788289383, 73.13715234303552
-169.77979788289383, 72.35853628663028
-170.05884016244806, 72.43533088727483
Holes:
Exterior:
105.92827582224095, -141.4621738077778
99.71673974639566, -140.95973416525447
95.1318015266994, -140.60478302156787
88.87136549825266, -140.10514282478283
88.87136549825266, -142.64843229092764
88.87127477086074, -149.6477378156207
99.5956254845654, -150.52669045554183
105.46900730145353, -151.01773448687635
105.66235085075482, -151.03436806559054
107.20775172620745, -151.16194570167195
113.887490063462, -151.73047333414462
126.89045576266881, -152.85637976353016
126.89045576266881, -149.65358803817662
126.89071466889561, -143.21843271098834
119.09500690786763, -142.56446352552348
113.9955704068891, -142.12476960405297
107.32783899522997, -141.57353776754127
105.92827582224095, -141.4621738077778
Holes:
Exterior:
105.92827582224095, 140.39649153497362
107.32783899522997, 140.5078540904771
113.9955704068891, 141.0590662984073
126.89071466889561, 142.1527044963439
126.8904557626687, 148.58780843858563
126.89045576266881, 151.79063784591062
113.887490063462, 150.66470678111034
107.20775172620745, 150.09622534873702
105.66235085075482, 149.96858846599955
99.5956254845654, 149.4609216163239
88.87127477086074, 148.58197861642205
88.87136549825266, 141.58275681456658
88.87136549825266, 139.0394467130457
99.71673974639566, 139.8940363611666
105.61572338667247, 140.37031125867827
105.92827582224095, 140.39649153497362
Holes:
Exterior:
174.86297467352358, 168.97514019019954
150.64801101296666, 166.84818606451378
145.71805244207337, 166.40058230771933
145.71805244207337, 158.34648179730888
145.71592565530284, 149.7612558993244
145.71592565530284, 143.7330005537993
155.27453533258642, 144.53441371130793
161.13748549476088, 145.02068313172614
174.81092974808746, 146.21233942447267
174.82101285852002, 162.7974410267958
174.86297467352358, 168.97514019019954
Holes:
Exterior:
174.86297467352358, -170.04086504851975
174.8397455034641, -149.64082947698276
174.81092974808746, -147.27808862478423
164.13473287068973, -146.36936524531507
161.13748549476088, -146.08646273131714
154.71012833182976, -145.54379570611883
145.71592565530284, -144.79878015339028
145.71805244207337, -153.38356070250512
145.71805244207337, -159.4121904679497
145.71805244207337, -167.46636190731033
165.1060614215379, -169.17101182455295
174.86297467352358, -170.04086504851975
Holes:
Exterior:
99.6526237932045, -14.630735376393186
105.53814234839865, -11.209225897182229
105.78416696085617, -11.066146330557213
107.26088315166135, -12.161393262085847
113.93545774770166, -17.112124623910542
126.89083874630512, -26.72160772270496
126.89083874630512, -19.209525053702244
126.89057850258848, -3.8215070194461176
125.16666632198178, -2.5428116083676815
123.1667872870197, -1.0594496042544668
122.45683541788742, -0.5328516528228396
123.1667872870197, -0.006261173939514975
126.89057850258848, 2.755803713800439
126.89057850258848, 4.885739534659635
126.89083874630501, 25.65582812311387
119.57094981144996, 20.226424289086154
113.93545774770166, 16.046371021930014
107.26088315166135, 11.095653054198625
105.78416696085617, 10.000366730966224
105.53814234839865, 10.143479743025233
99.6526237932045, 13.56497741184132
94.73006936673391, 16.426675789149886
88.87131877130219, 19.83270727522957
88.87103515527224, 0.7291032352983533
88.87103515527224, 0.2032312996171357
89.96522481353406, -0.43288011389905284
90.13719430460617, -0.5328516528228399
89.96522481353406, -0.6328253874755732
89.37072652891698, -0.9784346984439081
88.87103515527224, -1.2689325613827895
88.87131877130219, -15.621159558436243
88.87131877130219, -20.898486874820563
99.6526237932045, -14.630735376393186
Holes:
Exterior:
39.955530999558164, -91.59880709764505
47.82301522281239, -94.9378895392403
68.56131098203537, -103.73948944803539
68.60196363818704, -97.18904053717698
68.60196363818704, -86.96721121628273
60.78028611019374, -83.64753668062231
42.87401071085617, -76.0477594897369
68.56302462284611, -77.98240788361603
68.56426100207682, -64.50030007221638
68.56426100207682, -55.3294063888476
57.051436607122696, -54.46379579925976
39.95354696062259, -53.20587343912701
39.95618228690148, -55.78206566636538
39.94272026527801, -68.31476388152986
39.94272026527801, -80.38103095613884
39.955530999558164, -91.59880709764505
Holes:
Exterior:
39.955530999558164, 90.53304098486795
39.94272026527801, 79.3153023064637
39.94272026527801, 67.24906057588417
39.95354696062259, 52.14017013348133
47.18906337581461, 52.6803952979215
68.56426100207682, 54.26370308320192
68.56302462284611, 68.00781010235029
68.56302462284611, 76.91670457797035
58.31489491368234, 76.14550202802423
42.87401071085617, 74.98205618409122
68.60196363818704, 85.9014631437411
68.56131098203537, 96.3299063737031
68.56131098203537, 102.67380987559295
58.036349584031996, 98.20680619781282
39.955530999558164, 90.53304098486795
Holes:
Exterior:
149.7751304350528, -93.21171465303043
145.71073240247154, -94.27401379929418
145.71073240247154, -102.98172075417281
145.6873336421936, -108.72340597617966
150.6781738060423, -107.41902567930632
158.12019323131562, -105.47395094609209
158.1138465473191, -96.35387395286821
158.12479261533701, -91.0294264303296
149.7751304350528, -93.21171465303043
Holes:
Exterior:
145.71073240247154, 93.208265047984
154.32937993647988, 90.9556802733841
158.12479261533701, 89.96369442469444
158.1138465473191, 95.28817064722253
158.12019323131562, 104.4082476404464
151.40933952831165, 106.162161222398
145.6873336421936, 107.65770267053398
145.6873336421936, 101.94689811486204
145.71073240247154, 93.208265047984
Holes:
Exterior:
-89.32938860363731, -44.36371191508357
-96.98531409526595, -43.863681807927634
-96.98531409526595, -54.31885064641991
-96.98486265822919, -66.45197135028361
-75.4058350501216, -67.85676583144163
-72.71858164920695, -68.03165608520517
-72.70926376416264, -46.99296978198783
-72.70998807057822, -45.42924175620863
-89.32938860363731, -44.36371191508357
Holes:
Exterior:
96.11440960969924, -98.64403706067363
88.87136321806213, -95.56994501572917
88.87130807508117, -109.12979846689983
88.87125921214852, -112.35943984492307
88.87119496777154, -119.78530221580344
88.87119496777154, -123.57324573455278
99.39384072992664, -120.8229804323293
105.22294869913742, -119.29948373290097
107.01183457257139, -120.05869513115258
113.7103576469301, -122.901665395579
126.89072484215308, -128.4956780178592
126.89072484215308, -122.89045408615095
126.89056589185122, -113.63625829790864
126.89055537073227, -111.70591437279278
126.89065183353398, -99.19296006408696
120.22429017220531, -100.93533509589044
115.14875399519019, -102.26192380364957
108.64427438273117, -103.96195931883847
107.01183457257139, -103.2690715446305
100.89906304687634, -100.67472900781327
96.11440960969924, -98.64403706067363
Holes:
Exterior:
158.12019323131562, 123.89457162780074
158.10995311520378, 135.68887933507665
158.11925646894258, 140.68383066731352
149.6172378663905, 137.0754076045722
145.71451663289497, 135.41909822377147
145.71451663289497, 125.01411434192853
145.6873336421936, 118.6179188587038
150.6781738060423, 120.73605647095359
158.12019323131562, 123.89457162780074
Holes:
Exterior:
158.12019323131562, -124.9603162146202
151.40933952831165, -122.11215570467247
145.6873336421936, -119.68362216434949
145.6873336421936, -126.32215983275727
145.71451663289497, -136.48486331720312
149.6172378663905, -138.14116293069765
158.1192564689427, -141.74959605633322
158.10995311520378, -136.75463625491068
158.12019323131562, -124.9603162146202
Holes:
Exterior:
-72.71937495592454, 65.55466800117345
-72.71858164920695, 66.96602378206883
-75.4058350501216, 66.79113036761902
-96.98486265822919, 65.38626804463793
-96.98486265822919, 54.931195785341565
-96.98531409526595, 42.797978502281964
-75.39420709410183, 44.18924909923592
-72.70998807057822, 44.36353845056296
-72.71937495592454, 65.55466800117345
Holes:
Exterior:
46.1220685812948, 25.055204590445044
68.57079640131326, 12.004796438652521
68.59698898388626, 20.015806542393527
68.59698898388626, 31.619256326127886
42.9836161295143, 46.50973145149728
39.942740128979494, 48.277479643587874
39.942740128979494, 41.576954146690134
39.95757942388377, 28.63891116128206
46.1220685812948, 25.055204590445044
Holes:
Exterior:
-113.10162087970161, -11.732454720309352
-119.69643373322924, -14.6918046605497
-119.69643373322924, -22.828834463629114
-119.69644334192321, -31.890835634039647
-115.04156722537255, -29.802069924813512
-106.72613561968944, -26.07061386600565
-106.7261362371238, -15.9828840569318
-106.7261362371238, -8.871524689046009
-113.10162087970161, -11.732454720309352
Holes:
Exterior:
-113.10162087970161, 27.865771800405856
-119.69644334192321, 30.825132328393963
-119.69644334192321, 23.45007045997587
-119.69643373322924, 13.626025060958703
-112.3226639109115, 10.317168915325656
-106.7261362371238, 7.805789837786069
-106.72613561968944, 15.010493467864885
-106.72613561968944, 25.004910560359967
-113.10162087970161, 27.865771800405856
Holes:
Exterior:
-113.10162087970161, -102.88618394635809
-119.69643373322924, -104.67553532035737
-119.69643373322924, -111.56557616181667
-119.69641793005644, -119.23884992657439
-115.7214606087407, -118.1603497041333
-106.72612305270547, -115.71964733606953
-106.72615827629613, -106.27731148454498
-106.72615827629613, -101.1562748315196
-113.10162087970161, -102.88618394635809
Holes:
Exterior:
-113.10162087970161, -42.80504112800474
-119.69644334192321, -42.386048038214135
-119.69644334192321, -52.07240886126986
-119.69640346502308, -64.96475402980707
-116.35611646977884, -65.1888546284209
-106.72615758052484, -65.81396908855503
-106.72615758052484, -52.39674164103754
-106.72615758052484, -43.22789106222278
-113.10162087970161, -42.80504112800474
Holes:
Exterior:
-113.10162087970161, 116.38369715869521
-119.69641793005644, 118.17308430772052
-119.69641793005644, 112.83568625959045
-119.69643373322924, 103.60981396699464
-111.5076927787245, 101.38790920552879
-106.72615827629613, 100.09050655089759
-106.72612305270547, 106.27651132560047
-106.72612305270547, 114.65384579295664
-113.10162087970161, 116.38369715869521
Holes:
Exterior:
-113.10162087970161, 64.32356005872894
-119.69640346502308, 63.89905072416139
-119.69640346502308, 56.459652692550144
-119.69644334192321, 41.320344732568465
-115.20194466461851, 41.62109186040192
-106.72615758052484, 42.16218775657711
-106.72615758052484, 55.57941520409458
-106.72615758052484, 64.74826578290934
-113.10162087970161, 64.32356005872894
Holes:
Exterior:
-113.10162087970161, 87.75336903213795
-119.69643373322924, 85.0550655554438
-119.69643373322924, 77.23006273238364
-119.69640346502308, 68.51556755077986
-116.35611646977884, 69.88227995899531
-106.72615758052484, 73.82247691310225
-106.72615827629613, 84.54602587299337
-106.72615827629613, 90.36196147714438
-113.10162087970161, 87.75336903213795
Holes:
Exterior:
-113.10162087970161, -125.05683085645865
-119.69641793005644, -124.60434925631198
-119.69638094084655, -130.57165323693363
-119.69638094084655, -133.49267159523404
-116.39536105029345, -133.74193574457567
-106.7261210319474, -134.43471989942955
-106.7261263893588, -130.67091430372568
-106.72616217197708, -125.51235932950844
-113.10162087970161, -125.05683085645865
Holes:
Exterior:
-113.10162087970161, -72.27963186020278
-119.69640346502308, -69.58129598265126
-119.69640346502308, -75.0283099473463
-119.69643373322924, -86.12078690880652
-111.5076927787245, -89.47129709106558
-106.72615827629613, -91.42771634376454
-106.72615758052484, -84.71639499899858
-106.72615758052484, -74.88821117702358
-113.10162087970161, -72.27963186020278
Holes:
Exterior:
145.7139223559103, -40.68318312485681
154.1245737167626, -46.92151195986114
158.13068734121737, -49.89302619567239
158.13824152766745, -34.213655535365014
158.12558794250674, -26.989397015267237
150.71646482346273, -21.493962869237905
145.6955217582755, -17.769761660147967
145.6955217582755, -28.933483695282455
145.7139223559103, -40.68318312485681
Holes:
Exterior:
145.7139223559103, 25.426389625909056
145.6955217582755, 16.70405835450229
151.8395187739202, 21.261134401011425
158.12558794250674, 25.923693709621567
158.1205224873578, 40.78621052726852
158.13068734121737, 48.82730236764504
149.62303006348793, 42.51698686678755
145.7139223559103, 39.61743253953218
145.7139223559103, 25.426389625909056
Holes:
Exterior:
-37.282243254223886, 27.70935653267043
-46.97370388763693, 22.07533407660805
-46.97370388763693, 15.570277511020345
-46.973626255547515, 2.4454375374813546
-45.42113387054201, 3.3479785232494743
-33.41125665659183, 10.329910237037149
-33.41125443218152, 17.39667198324784
-33.41125443218152, 29.95975755380676
-37.282243254223886, 27.70935653267043
Holes:
Exterior:
-37.282243254223886, -9.145238060972362
-46.973626255547515, -3.5111483735484184
-46.973626255547515, -5.448665553913944
-46.97370388763693, -23.14103738225373
-41.39864621198183, -26.38208617567822
-33.41125443218152, -31.025460859452444
-33.41125665659183, -24.735810455520763
-33.41125665659183, -11.395613542682835
-37.282243254223886, -9.145238060972362
Holes:
Exterior:
68.59698898388626, -32.685035925718886
68.57079640131326, -22.027673489930116
68.57079640131326, -13.070464931036437
58.86724702124798, -18.711617899596526
39.95757942388377, -29.70468272476818
39.96319156085906, -31.31956727790463
39.942740128979494, -42.64268349483032
39.942740128979494, -49.34318294923356
42.9836161295143, -47.57544288851449
68.59698898388626, -32.685035925718886
Holes:
Exterior:
-119.69641793005644, 123.53856965672098
-115.7900518012284, 123.81961071354829
-106.72616217197708, 124.44662408196378
-106.7261263893588, 129.60520147259868
-106.7261210319474, 133.36903934099618
-113.07359416884492, 132.89507937615633
-119.69638094084655, 132.42695586004035
-119.69638094084655, 129.50592507219193
-119.69641793005644, 123.53856965672098
Holes:
Exterior:
115.14875399519019, 101.19611783834382
126.89065183353398, 98.1271762812065
126.89065183353398, 102.4136421675634
126.89055537073227, 110.64019577212005
126.89056589185122, 112.5705462205591
126.89072484215308, 127.42989841826821
118.88665577305039, 124.03282740627971
113.7103576469301, 121.835885795988
107.01183457257139, 118.99293547721622
105.22294869913742, 118.23370413330997
99.39384072992664, 119.75721139072732
94.91496628950085, 120.92783259181077
88.87119496777154, 122.50747613946102
88.87125921214852, 111.29374909646965
88.87130807508129, 108.06410395631485
88.87136321806213, 99.55170561823064
88.87136321806213, 94.50416167422912
100.89906304687634, 99.6089474655557
107.01183457257139, 102.20332660333892
108.64427438273117, 102.89614157227481
115.14875399519019, 101.19611783834382
Holes:
Exterior:
-37.40840905616051, 69.33293143845538
-46.97360372111814, 68.69869258568049
-46.97362535361003, 62.179050240104374
-46.9737072571254, 46.09701107784357
-41.67894051660369, 46.45629220679117
-33.41125443218152, 47.00116330606345
-33.41124614477883, 55.48020105828085
-33.41124614477883, 69.60725649874084
-37.40840905616051, 69.33293143845538
Holes:
