Exterior:
15.624572576226, 11.010444268184242
-3.005260780290655, 11.010444268184242
-10.240782913064322, 11.010444268184242
-10.240782913064322, 3.008048790744674
-10.240782913064322, -11.389610663456383
12.756339470907506, -11.389610663456383
15.624572576226, -11.389610663456383
15.624572576226, -9.593914541300675
15.624572576226, 11.010444268184242
Holes:
Exterior:
15.624572576226, 25.981489231663613
13.77685016674559, 26.316363667073503
13.05900018694274, 26.44646416564518
15.624572576226, 26.921899136472636
15.624572576226, 30.643285683369694
15.624572576226, 40.57270107734152
1.4261119470779704, 37.9416262770908
-10.240782913064322, 35.77966845184044
-10.240782913064322, 31.754959744791265
-10.240782913064322, 30.66899856420386
-10.240782913064322, 26.654858703461265
-10.240782913064322, 17.054184589128123
6.549421650439854, 14.011310160784499
15.624572576226, 12.366628311853557
15.624572576226, 23.822602973043434
15.624572576226, 25.981489231663613
Holes:
Exterior:
15.624572576226, 53.85482382246018
15.624572576226, 61.39603784663761
15.624572576226, 61.85650618817863
15.624572576226, 64.91255713222553
12.604714261882691, 64.86191087980524
2.6918067349211015, 64.7627778468182
-8.73089196182741, 64.65317037529691
-10.240782913064322, 64.64755384421778
-10.240782913064322, 63.3215281532512
-10.240782913064322, 63.1217301584077
-10.240782913064322, 61.61699048535626
-10.240782913064322, 59.84958459531877
-10.240782913064322, 55.91478344714072
-10.240782913064322, 41.673508209877475
1.198511804101372, 41.732154882115935
15.624572576226, 41.80611402721299
15.624572576226, 50.50419772096817
15.624572576226, 53.85482382246018
Holes:
Exterior:
15.624572576226, -61.77520424190975
15.624572576226, -58.307276637112274
15.624572576226, -54.23399021773232
15.624572576226, -45.16557408865948
15.624572576226, -42.18528042248513
7.660235837616256, -42.14444907248896
-10.240782913064322, -42.05267460514961
-10.240782913064322, -45.29691768631113
-10.240782913064322, -60.2287509905909
-10.240782913064322, -63.50089655367984
-10.240782913064322, -63.70069454852334
-10.240782913064322, -65.02672023948995
-8.730869824414185, -65.03234589454709
2.691982928240577, -65.14195884139833
12.604752684619143, -65.24109546598416
15.624572576226, -65.2917235274977
15.624572576226, -62.235672583450764
15.624572576226, -61.77520424190975
Holes:
Exterior:
15.624572576226, -40.951878667043054
15.624572576226, -29.461224261485462
15.624572576226, -27.30108501039812
13.77685016674559, -26.958663239466023
13.05900018694274, -26.82563056091732
15.624572576226, -26.36065562693575
15.624572576226, -22.884650980340332
15.624572576226, -14.900148354609719
15.624572576226, -12.745794707125699
1.5657593119749436, -15.293661423868016
-10.240782913064322, -17.433350984400267
-10.240782913064322, -21.427470646730143
-10.240782913064322, -22.508032357929363
-10.240782913064322, -26.783739089489075
-10.240782913064322, -31.04821269006627
-10.240782913064322, -36.15888833947541
7.107458954796357, -39.373611427560874
15.624572576226, -40.951878667043054
Holes:
Exterior:
-34.46245209992753, 35.05866804699773
-38.94795958001737, 35.87158853269344
-38.94790592778145, 30.45997099972024
-38.94790592778145, 22.235053198794393
-38.94795958001737, 16.809185636901628
-24.110707343439117, 19.55869368767213
-24.08577520368226, 19.56330071349674
-20.8163423920912, 18.97079055611169
-19.06638651290632, 18.65364118937885
-19.06638651290632, 20.101676597552384
-19.066400766492734, 20.493422764724205
-19.066397615840287, 21.965176893451826
-19.066397615840287, 34.14417388155398
-20.56846301089604, 33.865828917242766
-20.8163423920912, 33.81989572869307
-21.529329923450405, 33.687772444226994
-21.549585621404503, 33.68406762551995
-24.18404180524476, 33.19588433166081
-31.667716937126897, 34.552170738494894
-33.80058234892522, 34.93869169521501
-34.46245209992753, 35.05866804699773
Holes:
Exterior:
-45.48252563880828, 11.010444268184244
-55.15395344617173, 11.010444268184246
-60.46088300674887, 11.010444268184244
-64.42063686454571, 11.010444268184244
-71.54492141400306, 11.010444268184244
-71.54517340941925, 6.389986655965293
-71.54693260205363, -0.18961839498397032
-71.54665078474022, -5.356630054814393
-71.54492141400306, -11.38961066345638
-60.46088300674887, -11.38961066345638
-52.24510848437649, -11.389610663456379
-45.48252563880828, -11.38961066345638
-45.48252563880828, -1.3077618352443214
-45.48252563880828, 11.010444268184244
Holes:
Exterior:
-56.89567038865539, -25.88858175410678
-56.8967717092828, -26.69985470253043
-56.89565981534611, -27.513289071112123
-56.897497113515556, -39.50381900625593
-52.351963328572765, -38.68002613150384
-45.48337934346614, -37.43522533323194
-45.47866815876887, -29.862540012001357
-45.478704950111705, -23.570146008517252
-45.48342508737937, -15.977228497486617
-52.24716640233555, -14.723916341482175
-56.897669397372965, -13.862156697023499
-56.89567038865539, -25.88858175410678
Holes:
Exterior:
-56.89567038865539, 25.50934814527638
-56.897669397372965, 13.482990301751366
-52.24716640233555, 14.344719181540238
-45.48342508737937, 15.597985808269168
-45.48337934346614, 23.39267130995931
-45.47866815876887, 29.48329732278391
-45.48337934346614, 30.926704498337322
-45.48337934346614, 37.056016990943334
-52.351963328572765, 38.300829665838855
-56.897497113515556, 39.124631100231994
-56.89565981534611, 27.134046381894674
-56.8967717092828, 26.320616558337367
-56.89567038865539, 25.50934814527638
Holes:
Exterior:
29.920070663140223, 2.3374575300631197
29.920070663140223, 13.521274904818217
29.92013109562231, 16.37025962066655
29.92013109562231, 23.390761107268588
20.40993188704215, 25.11420825416351
16.9196049314387, 25.74678231542755
16.9196049314387, 20.516183449228528
16.91956245657616, 12.131938402211418
23.10782831194274, 11.01044426818424
20.40993188704215, 11.01044426818424
16.91956245657616, 11.010444268184242
16.91956245657616, -8.452401279860377
16.91956245657616, -11.389610663456383
23.10782831194274, -11.389610663456384
20.40993188704215, -11.878567520529401
16.91956245657616, -12.511104797483558
16.91956245657616, -24.340669016186624
16.9196049314387, -26.125948710699685
19.220723325040126, -25.70895598316039
29.92013109562231, -23.769927502540725
29.920070663140223, -13.90044130009036
29.920070663140223, 2.3374575300631197
Holes:
Exterior:
-20.554168527468164, 11.010444268184244
-20.8163423920912, 11.010444268184244
-27.979515747217647, 11.010444268184244
-33.80058234892522, 11.010444268184244
-34.49629580199621, 11.010444268184244
-38.94795958001737, 11.010444268184244
-38.94795958001737, 3.7513647387763442
-38.94795958001737, -11.38961066345638
-24.110707343439117, -11.38961066345638
-20.8163423920912, -11.38961066345638
-19.06638651290632, -11.38961066345638
-19.06638651290632, -9.007199191965075
-19.06638651290632, 11.010444268184244
-20.554168527468164, 11.010444268184244
Holes:
Exterior:
-20.554168527468164, -19.30243704806444
-20.8163423920912, -19.349956951383835
-21.529329923450405, -19.479168587179313
-24.08577520368226, -19.942467108768884
-24.110707343439117, -19.937860082944272
-33.80058234892522, -18.14225390582974
-34.49629580199621, -18.013353190918462
-38.94795958001737, -17.188376756390664
-38.94795958001737, -26.4154388433965
-38.94790592778145, -30.83921368893769
-38.94795958001737, -31.838695819764588
-38.94795958001737, -36.250806497693986
-33.80058234892522, -35.31793438443246
-24.18404180524476, -33.575127020878256
-24.110707343439117, -33.58867795403802
-19.066397615840287, -34.523408345196245
-19.066400766492734, -32.67877166721084
-19.066400766492734, -20.87258915999635
-19.06638651290632, -19.032807584650993
-20.554168527468164, -19.30243704806444
Holes:
Exterior:
-32.26891852675749, -41.953551381810904
-34.181076503742815, -41.9455698915368
-34.80776670456817, -41.94529821998183
-38.94795383596602, -41.931839504846074
-38.94795383596602, -44.90874003043797
-38.94795958001737, -51.94772052752536
-33.80058234892522, -51.99088756207216
-27.979515747217647, -52.04781426820024
-20.8163423920912, -52.103050710677635
-19.06638651290632, -52.119033192614516
-19.066397615840287, -51.011405435771636
-19.066397615840287, -42.00616427317683
-20.8163423920912, -41.996576396203004
-24.110707343439117, -41.98018160180894
-25.14066739834834, -41.97684385793567
-25.61880272431131, -41.97526493822151
-32.26891852675749, -41.953551381810904
Holes:
Exterior:
29.92013109562231, -36.98921027573236
29.92013109562231, -29.95013978064806
20.40993188704215, -28.187912599514615
16.9196049314387, -27.541081705903377
16.919630759739448, -33.14093763530678
16.91962176795664, -39.56439921332777
16.91962176795664, -41.1918521648627
22.47001092913024, -42.22037543396419
20.13930014735456, -42.2067711813953
18.129219181181043, -42.19800080421601
16.91962176795664, -42.191751021149365
16.91956245657616, -51.120262725089496
16.91956245657616, -52.44376866108993
20.40993188704215, -52.47468309756657
29.92013109562231, -52.56517830591002
29.92017189938292, -45.30399235139809
29.92017189938292, -39.59714613397623
29.92013109562231, -36.98921027573236
Holes:
Exterior:
29.92013109562231, 52.18593561669257
27.29261196180596, 52.16182455946401
20.40993188704215, 52.09549621899431
16.91956245657616, 52.0646022658178
16.91962176795664, 43.015928744772495
16.91962176795664, 41.81258462587723
20.13930014735456, 41.82760478612316
22.47001092913024, 41.84120903869206
20.13930014735456, 41.40931180922009
18.129219181181043, 41.036829741564645
16.91962176795664, 40.81267667381274
16.919630759739675, 32.76177124003464
16.9196049314387, 27.16188599967442
19.220723325040126, 27.58828323215294
29.92013109562231, 29.570973385375922
29.92017189938292, 39.217979738704095
29.92017189938292, 44.924803578969474
29.92013109562231, 46.90501975947304
29.92013109562231, 52.18593561669257
Holes:
Exterior:
49.285179369564275, -52.74851794974585
51.44351078600357, -52.76871880379494
51.44351078600357, -53.907046000908274
51.44351078600357, -59.739086826271944
51.46546609565803, -65.57872379387474
53.06388661017991, -65.59670455196631
59.26546290738429, -65.66640790372118
78.61052505098837, -65.93704558816002
78.55477884722404, -52.27684053126458
78.50337498477893, -42.62577801040625
71.38064476443128, -42.55848733949598
70.20729792423549, -42.54565538036053
67.35066871155618, -42.5231433655074
67.07084100725524, -42.52097357849544
67.07084100725524, -27.819734618246624
67.07084100725524, -11.389610663456384
67.35066871155618, -11.389610663456384
70.20513948036887, -11.389610663456384
71.21619181177607, -11.389610663456384
78.61052505098837, -11.389610663456384
78.5546680109303, -4.855648136330454
78.55401746733241, -0.18937397630687042
78.5546680109303, 4.476837803183011
78.61052505098837, 11.01044426818424
71.21619181177607, 11.01044426818424
70.20513948036887, 11.01044426818424
67.35066871155618, 11.01044426818424
67.07084100725524, 11.01044426818424
67.07084100725524, 25.711647199958357
67.07084100725524, 42.141730889277994
67.35066871155618, 42.14393808641085
71.38064476443128, 42.179244650278534
78.50337498477893, 42.24653532118879
78.51181787256928, 44.577412855530575
78.61052505098837, 65.55787919288785
63.73686339015467, 65.36396324232602
59.26546290738429, 65.28729556224337
53.063886610180134, 65.21753815669415
51.46546609565803, 65.19955739860258
51.446236957069004, 60.02261410990475
51.44351078600357, 59.35992043099981
51.44351078600357, 58.22158645009378
51.44351078600357, 52.38954562473011
42.91319796383755, 52.30772841507752
38.99910555826159, 52.27123604870335
38.99909921783046, 48.68253858932994
38.99909921783046, 36.021255768670954
38.99910555826159, 34.732320118188866
38.99910555826159, 31.253383632224413
42.91319796383755, 31.97868053696471
47.87101190569274, 32.89742241759831
47.87101190569274, 24.09804698092591
47.87101190569274, 20.137565239863928
42.91319796383755, 21.0360699903975
42.24182143116991, 21.15773017674421
38.99910555826159, 21.74539994005715
38.99917220590942, 16.86761596719814
38.99917220590942, 8.84240806662704
38.99917220590942, -17.246782362470285
38.99910555826159, -18.654807254416014
38.99910555826159, -22.124566335329295
42.91319796383755, -21.415236385669644
47.87101190569274, -20.516731635136072
47.87101190569274, -24.477213376198055
47.87101190569274, -33.27658881287044
42.91319796383755, -32.357861823428976
42.24182143116991, -32.23345252310874
38.99910555826159, -31.632550027496556
38.99909921783046, -36.40042216394309
38.99909921783046, -49.0617546310455
38.99910555826159, -50.040459739947146
38.99910555826159, -52.6504787379208
49.285179369564275, -52.74851794974585
Holes:
Exterior:
-27.979515747217647, 51.66861366942301
-33.80058234892522, 51.61166462518506
-38.94795958001737, 51.56850256252481
-38.94795383596602, 44.52957363516583
-38.94795383596602, 41.55267310957394
-34.181076503742815, 41.56640349626466
-25.61880272431131, 41.59604942070353
-24.505381651872767, 41.599713582923506
-24.110707343439117, 41.60099584928543
-19.066397615840287, 41.62699787790469
-19.06638651290632, 42.719920826785724
-19.06638651290632, 51.73986679734238
-20.8163423920912, 51.723877600115785
-27.979515747217647, 51.66861366942301
Holes:
Exterior:
-52.36972570338003, 41.52115965560796
-45.502828837075185, 41.548271827791055
-45.502828837075185, 45.988309843192866
-45.510262597537576, 59.33850893289516
-45.510262597537576, 64.32140468938897
-55.15395344617173, 64.2324611052977
-71.54665078474022, 64.10288324610774
-71.54665078474022, 57.20811284473124
-71.54725467350886, 46.6604434769221
-71.54546139884201, 41.481685130600354
-60.35944696366778, 41.483005704724505
-52.36972570338003, 41.52115965560796
Holes:
Exterior:
-45.502828837075185, -41.927480143407706
-55.15424453863079, -41.87905741921917
-60.35944696366778, -41.86217209999664
-64.4211934917953, -41.87795659240069
-71.54546139884201, -41.86085152587248
-71.54725467350886, -47.03960987219422
-71.54665078474022, -57.58727924000336
-71.54665078474022, -64.4820907376981
-53.324008759584785, -64.64069847042308
-45.510262597537576, -64.70061768227608
-45.510262597537576, -59.71772192578223
-45.502828837075185, -46.36751815880952
-45.502828837075185, -41.927480143407706
Holes:
