Exterior:
-344.68124114980867, 208.3887630948771
-353.58807349733763, 211.69700675069276
-353.5881057950904, 200.97123804326424
-353.5881057950904, 195.75177260132963
-333.28000952978175, 188.20881068422324
-330.91806864184844, 187.3315801181712
-333.2893040604753, 185.84216158326998
-353.5881057950904, 173.09284882350286
-353.5880870292657, 162.43324167789518
-353.5880870292657, 152.54113912011132
-332.0075996855595, 166.0955271281765
-330.32172147694973, 167.1543960683623
-330.2839490877833, 187.09605520799624
-330.28428427126016, 187.3729367962135
-330.28385118753704, 187.72991855500266
-330.29070214028786, 189.94929441896016
-330.3153649101213, 203.052942783238
-332.15207515034797, 203.7351337748868
-344.68124114980867, 208.3887630948771
Holes:
Exterior:
169.3433970473068, 418.70813831153635
169.3410932946051, 418.70742919665815
168.9719083503792, 418.5838435734663
168.94408640884777, 418.57528315964316
168.80547327702382, 418.52883577749276
168.7973783090881, 418.5258738436223
168.7843881769343, 418.5211281702669
168.56801904648384, 418.434718763073
168.54644256327455, 418.42682092483744
168.26338322047687, 418.3137028060967
168.25901268963733, 418.31211114038507
168.23647823190552, 418.30239563571934
168.17792529667528, 418.2746489195591
168.17198222666852, 418.27207922092856
167.85041155329637, 418.1196705092791
167.76703471763946, 418.08013604239613
167.75187688570176, 418.0736057397295
167.7355458355972, 418.06533159607864
167.72765630468515, 418.0613257153303
167.71124780286473, 418.0530059890191
167.49316257492612, 417.93072602992476
167.4875924306838, 417.9273894305952
167.28085671731233, 417.8113798812752
167.26126394009717, 417.79964806877024
167.18221961357332, 417.7469285269319
167.1738947614015, 417.74194937217237
166.90808974759202, 417.56481671128154
166.8700518438845, 417.5394467115859
166.86475720845985, 417.5362783122422
166.84432682731025, 417.5217581188818
166.84071720455947, 417.51919499844945
166.63927626806148, 417.358395430266
166.62789931173168, 417.3503203250657
166.49091293980032, 417.2408155558902
166.48185922074552, 417.2331053688334
166.46886091194833, 417.2220436317444
166.4595680435759, 417.21414325784525
166.3751770805022, 417.13211246999
166.37512187416573, 417.1320503632727
166.1725408563419, 416.93519427538536
166.1534077190581, 416.9153761695069
166.1486902707538, 416.91083211959125
166.1482474416538, 416.91037198858044
165.9834463748558, 416.71040338942265
165.97595984774162, 416.70265364068996
165.96661369940497, 416.6905237190252
165.88866062401556, 416.5958215495506
165.88128987588354, 416.58625406759944
165.80958563723325, 416.4730449984628
165.8038337004791, 416.4655946452234
165.68332950796534, 416.275097458897
165.68111740765974, 416.27135146737714
165.66979076681, 416.2521175888181
165.66036130469362, 416.23131713801405
165.659150418986, 416.22927114894725
165.5618160897388, 416.0137688833591
165.5281286384541, 415.939358103979
165.52525737999676, 415.9344625312141
165.51825962044794, 415.91771728356446
165.51512280189704, 415.91020629590355
165.47533355545895, 415.7669571380425
165.42750821489423, 415.59478478409517
165.42499627670426, 415.5887529144682
165.42288892571608, 415.58042814562555
165.41852037695728, 415.5630620396773
165.4135297450667, 415.5161013712907
165.41238513504524, 415.5115124779986
165.38881877145351, 415.29089044371153
165.38327393497022, 415.24046729221425
165.38325997184486, 415.24036256998636
165.38136094430754, 415.21812920289443
165.38092806592604, 415.21304286276273
165.38055103924685, 415.20867562062
165.3799965436984, 415.1652516879954
165.37999654369847, 415.0381683225762
165.37999654369858, 415.02536673926494
165.3799965436984, 414.5831914844562
165.37999654369858, 414.53864951514385
165.37999654369847, 412.9539811747661
165.37999654369847, 397.5652684726634
175.2808151198536, 397.5652684726634
180.47418662198933, 397.5652684726634
182.02001119213602, 397.5652684726634
193.63434466539118, 397.5652684726634
193.63434466539118, 399.1783682073193
193.63434466539118, 413.5652532138743
192.0291199220887, 413.5652532138743
182.02001119213608, 413.5652532138743
182.02001119213608, 413.71028628298285
182.02001119213602, 414.2028599128228
182.02001119213602, 414.3366415033239
182.02001119213602, 414.5236570065658
182.02001119213602, 414.5860044839596
182.02001119213608, 414.6840559856378
182.02001119213602, 414.71999961100386
182.02001119213602, 414.78029515574593
182.02001119213602, 414.8036477376062
182.02001119213602, 414.8444544296045
182.02001119213608, 414.86083730046033
182.02001119213602, 414.89028270009896
182.02001119213602, 414.90240754532886
182.02001119213602, 414.92465379050947
182.02001119213602, 415.1652516879954
182.01983126470722, 415.1687743296874
182.0155910016163, 415.2129791738669
182.0106440805454, 415.2648512938618
182.01040789535458, 415.26898455365165
181.98892471236118, 415.49402899535096
181.98842970075137, 415.5029702768063
181.98669710407032, 415.5119173118982
181.98217433000454, 415.55930029680087
181.98144296882364, 415.5630583364869
181.9790574982451, 415.5753794134293
181.9300146609667, 415.7514825462695
181.9293840960893, 415.75323068296905
181.88910777578477, 415.89868540435583
181.88495028042453, 415.91020854334096
181.85046916452873, 415.98673045685064
181.84824835370407, 415.9928827699966
181.74891559841976, 416.21253075766646
181.74692877466393, 416.2180426204628
181.74053855549565, 416.2300157133759
181.73135428931315, 416.25050352173196
181.73049604375151, 416.25212400815764
181.72466844444276, 416.2630534675765
181.601324611065, 416.4578544104528
181.59796440105654, 416.4625892524645
181.52535593071022, 416.5771877537638
181.51888858159734, 416.5862657342441
181.43880051802094, 416.68351450511096
181.4331416727192, 416.6914669586515
181.26622078640193, 416.89422264481067
181.26465219163973, 416.8964392025488
181.2520781451611, 416.91038591136163
181.24628824004972, 416.9157874144114
181.24589022256473, 416.9162337587158
181.2378720438094, 416.9251190745374
181.03172257389625, 417.12555145540296
181.02358944989263, 417.13292886714567
180.9386076255016, 417.21547552984924
180.9313431173127, 417.2220603675692
180.79104747551278, 417.33430304873366
180.78186783782704, 417.3426186123649
180.578114699871, 417.50517111369646
180.57673731135245, 417.50620701847504
180.5595039137253, 417.5192181112227
180.5195732371619, 417.54585018174134
180.5165741968756, 417.5481195715696
180.24659934593015, 417.728102901102
180.24039481690116, 417.73279107041026
180.2246364095635, 417.74284486908203
180.1456562671431, 417.79545142507993
180.1390025006235, 417.7996937729085
179.92764242437167, 417.918310452313
179.91949761361613, 417.92350972243025
179.70004593262368, 418.04662711451704
179.69124849356294, 418.0513919147458
179.67278655743078, 418.0613902026791
179.58638740778864, 418.1023699420169
179.5798091436715, 418.1059298202188
179.25365038760768, 418.2604171300614
179.19633392755006, 418.28759707519504
179.19620521116852, 418.28765850908025
179.16875465731553, 418.30029514641745
179.1639179036804, 418.30252321836605
178.8750785640099, 418.4179323901482
178.65861119709442, 418.50445614793546
178.65473283429807, 418.506239273146
178.63447370023144, 418.51414597295945
178.61615050504102, 418.52129589171506
178.47341664946285, 418.5691200253191
178.47023614011752, 418.57035855722154
178.46153264851463, 418.5732084811254
178.08839609139554, 418.69811510622105
178.05665562139396, 418.7085109149205
178.03541115713543, 418.715650966016
178.03360289291, 418.71623983613443
177.662899635272, 418.81886423497394
177.4683941117269, 418.87272513292675
177.4653866957465, 418.87371371957306
177.43682193186717, 418.8814691241545
177.42014988089167, 418.88599090024667
177.213108562195, 418.9323740920936
177.21005333938237, 418.9332070845764
177.19550748391637, 418.9364254248818
176.81350955726813, 419.0220895278491
176.78052345176863, 419.02937125731796
176.77815148097355, 419.02989465466646
176.74921131492462, 419.03491697018165
176.74863019355232, 419.03505014242313
176.32542427507062, 419.1092226971028
176.28931073633052, 419.11550838366145
176.13264578635156, 419.14298752890625
176.11899798086594, 419.14536181871193
175.49490724959313, 419.2259490689151
175.49259429143174, 419.2263520605326
175.44024411961007, 419.233163583536
175.35651259284143, 419.24031647781607
174.8054423629466, 419.2872313807513
174.80487126982368, 419.2873058899343
174.7980547353961, 419.2879111996109
174.75179668450116, 419.2919959945938
174.74921063719907, 419.29212032560696
174.41675284777855, 419.306165604426
174.38713212440356, 419.30757991557033
174.07833313735844, 419.32063997631855
174.05786496128374, 419.32161833332356
174.05065084057347, 419.3216842099274
173.72909868105606, 419.32168459080947
173.70014385106626, 419.32195247586696
173.3785832518437, 419.3219539731667
173.36647288765423, 419.32206479805643
173.3495221451782, 419.3215520891436
173.3211614978401, 419.32069390786245
173.00871713484847, 419.30747255119246
172.99842714097795, 419.3071577858298
172.67051752599295, 419.29331604101236
172.6510132244683, 419.291904587988
172.09785669805566, 419.2448173353695
172.0603571994948, 419.24209675619227
171.98060089448862, 419.2352877427274
171.96716239282998, 419.23373833003575
171.95989364412114, 419.2329005897876
171.92341368910488, 419.22869344623473
171.30222535469622, 419.1484626796615
171.28130103645694, 419.14512246406036
171.12206140955882, 419.1172092305686
171.10706856704073, 419.1148189293894
170.6869228925939, 419.04116666416024
170.66593320041696, 419.0378146987574
170.6405531333758, 419.03338716645186
170.6222596994119, 419.0296228658233
170.61995277155378, 419.02914442453
170.23795071305025, 418.94347012824784
170.20301031609299, 418.9362792766813
170.00049693960463, 418.890947430601
169.99892541819096, 418.8905479366004
169.98020773185684, 418.88577922279035
169.96132275391588, 418.88096864346164
169.76578367636748, 418.82678738334283
169.75169911294697, 418.82319665608094
169.38728371678903, 418.72230753907417
169.3669337807295, 418.71604206103024
169.3433970473068, 418.70813831153635
Holes:
Exterior:
173.67103985401909, -401.0110641551552
173.70001647267966, -401.0110642924477
174.021818468889, -401.0079850316622
174.05065084057347, -401.0079850646368
174.13118164463324, -401.0072848888757
174.1588124582066, -401.0061070963282
174.38738733026437, -400.9951832377771
174.71982263385476, -400.979277219372
174.74933835842202, -400.9780334265024
174.77849150388616, -400.9766318546333
174.82733089572892, -400.9724709161411
175.34917378979227, -400.92635591387494
175.4261793571787, -400.91955306038733
175.4326321813712, -400.9187114125565
175.4399882256831, -400.91808300295014
176.03681965765955, -400.8403907288694
176.0632274098925, -400.83582632781514
176.11758812664297, -400.8288126842549
176.2745592471754, -400.8014335665454
176.28815671799774, -400.7990393547035
176.70480214508572, -400.7264835876136
176.74131291316021, -400.7200995770297
176.74805594409318, -400.7186947625312
176.75054985137305, -400.7182528749548
176.7780841451537, -400.71214183856733
177.16135911072476, -400.6274600274639
177.19409376031817, -400.6201160208765
177.36405680520986, -400.58251005241294
177.39977304570309, -400.5728078742932
177.4174494169425, -400.56885372136736
177.61291391087175, -400.5158384460838
177.62947408086862, -400.5112556345201
177.96471345587057, -400.4203053411421
178.00003922592916, -400.40869496419117
178.0314133939277, -400.4000062786253
178.05279886650632, -400.39304186762945
178.054594795609, -400.39242934408117
178.43041229075575, -400.2693375912643
178.4617905170917, -400.25884270043696
178.56540318767563, -400.2249856159065
178.6032787116263, -400.2101314040705
178.6152476126854, -400.20611224981843
178.83394379410558, -400.12070363427387
178.85203989070513, -400.1134734545835
179.09404526169212, -400.01909447847424
179.14040521749874, -399.99781776827564
179.1644345590544, -399.98822245002
179.22262027376357, -399.9613838020955
179.22738318884026, -399.9591193774771
179.5578884792803, -399.8070452071992
179.5848530776021, -399.79427360708513
179.58640348109432, -399.7934984162312
179.59354000917116, -399.7901222932465
179.67317454773448, -399.7469223520869
179.8970756842153, -399.6257366629245
179.91512496731607, -399.61561084896357
180.02187467119805, -399.557794551176
180.03921893116367, -399.5480638537693
180.1383550892555, -399.4847463494951
180.21959884534348, -399.43298158251883
180.22606102609691, -399.4286715501896
180.41877780657532, -399.30564916364085
180.49470305618743, -399.24835453078464
180.51670380265202, -399.23368737426296
180.553531655414, -399.2058195682228
180.5567819076202, -399.20366037842234
180.76862932466443, -399.04360960507637
180.78557031366793, -399.03097434513904
180.80210037461998, -399.0177756050811
180.9153151597727, -398.9152199821587
180.92667245849336, -398.9061420684031
181.01646145316377, -398.8248231012836
181.02332990712048, -398.8181486031258
181.12400266865095, -398.7267241262925
181.14063269884295, -398.71055552344967
181.24017712465243, -398.6002084963056
181.24511964398758, -398.5947716770707
181.24558589370875, -398.5943338527959
181.40179766295424, -398.4210303110779
181.42129278630412, -398.39348366374753
181.4347005388279, -398.37719475756427
181.50518859047244, -398.2781020640902
181.51161238487194, -398.2703073247051
181.5922782856558, -398.1570065832833
181.59809436018983, -398.1478242015679
181.64005463934362, -398.08876899666313
181.64992517049362, -398.073177485052
181.72282597500285, -397.9364164227078
181.73356434133152, -397.9162111298928
181.73429833083893, -397.9145737551237
181.8142785087201, -397.76464499435343
181.83915168535603, -397.6957506162396
181.84707798736704, -397.6782292906459
181.874917740227, -397.6010692507436
181.87766738532477, -397.59496700897597
181.9298168367596, -397.4505300368477
181.93302600015582, -397.43893769218494
181.94094049043875, -397.4168196228637
181.94484697125873, -397.4027867824585
181.97480871877454, -397.2480302282346
181.98399551937072, -397.20082380961736
181.98435556052542, -397.19705461760606
182.006121885231, -397.0846891640238
182.01234103633217, -396.97239276926996
182.0140505407377, -396.95448804215835
182.0170187356192, -396.90247419885657
182.017412343853, -396.8983469448171
182.01774971875616, -396.8948326309469
182.02001119213602, -396.8506632289968
182.02001119213602, -396.6193922706505
182.02001119213602, -396.61004812259176
182.02001119213602, -396.5878002862342
182.02001119213602, -396.57567457376695
182.02001119213602, -396.54622706802724
182.02001119213602, -396.52984302537607
182.02001119213602, -396.48903341465285
182.02001119213602, -396.3809695194413
182.02001119213602, -396.3596530435311
182.02001119213602, -396.30461465271514
182.02001119213602, -396.27180494332947
182.02001119213602, -396.1823025283078
182.02001119213602, -396.1253911123505
182.02001119213602, -395.95468144549017
182.02001119213602, -395.83256423942663
182.02001119213602, -395.38293798493714
182.02001119213608, -395.2505503139577
193.63434466539118, -395.2505503139577
193.63434466539118, -393.63745827116804
193.63434466539118, -379.2506418666921
192.0291199220887, -379.2506418666921
182.02001119213608, -379.2506418666921
180.47418662198933, -379.2506418666921
175.2808151198536, -379.2506418666921
173.885238056539, -379.2506418666921
171.9448790827341, -379.2506418666921
171.30071375009064, -379.2506418666921
170.2903890415259, -379.2506418666921
169.92085831206592, -379.2506418666921
169.3019698628551, -379.2506418666921
169.0626092900736, -379.2506418666921
168.6447961943165, -379.2506418666921
168.4772153064147, -379.2506418666921
168.17624848060584, -379.2506418666921
168.0524044396016, -379.2506418666921
167.82531035568675, -379.2506418666921
167.72998066217153, -379.2506418666921
167.55255936739943, -379.2506418666921
167.4770538458461, -379.2506418666921
167.33461093173204, -379.2506418666921
167.27328092479993, -379.2506418666921
167.15640422112344, -379.2506418666921
167.10560239984446, -379.2506418666921
167.0079776501412, -379.2506418666921
166.96520819459298, -379.2506418666921
166.88244155865598, -379.2506418666921
166.84593996170977, -379.2506418666921
166.7748802124418, -379.2506418666921
166.74336300703195, -379.2506418666921
165.37999654369858, -379.2506418666921
165.37999654369858, -380.4927655147233
165.3799965436984, -396.2239847621999
165.37999654369847, -396.6661946729577
165.37999654369858, -396.71074013329365
165.37999654369847, -396.83785815466194
165.37999654369858, -396.8506632289968
165.3800524000387, -396.85502700556657
165.38379525685454, -396.8983469448171
165.38809265169922, -396.9488064882148
165.3886511638327, -396.9538889370046
165.4075046545021, -397.1746544900614
165.4098777787223, -397.19687119361276
165.41001640697058, -397.197910908894
165.41051893327605, -397.20263606743873
165.42188654364824, -397.2481756199501
165.4652803446273, -397.4207102645658
165.47009314603773, -397.4380433392707
165.49102806140726, -397.5207432563395
165.51598493930553, -397.5806407688006
165.51998628328627, -397.5950496949668
165.55118312921107, -397.6697829734089
165.55456961933723, -397.67725970365694
165.62417903115485, -397.8438641059012
165.65274715413986, -397.8925422984492
165.6625187086602, -397.9141802044495
165.6745832194674, -397.93449563376635
165.67552951215393, -397.9365760693524
165.78842444858824, -398.1283155921043
165.80050124089612, -398.1474036266898
165.82255388866477, -398.1847128852956
165.8297355128415, -398.1960618360748
165.88715662570436, -398.27040348176564
165.9608168164502, -398.3661192584633
165.96861132680775, -398.37558498377217
166.062119124504, -398.4969782825236
166.13705121353777, -398.5746181817588
166.15349372861826, -398.59456910139494
166.157933787774, -398.5990091231915
166.15840424864874, -398.59945882473187
166.35034146847144, -398.79833359322276
166.37049746188953, -398.8179236937637
166.3710526013978, -398.81854822984866
166.37944344480408, -398.8267114168866
166.47298644573883, -398.90616686368145
166.60389795581554, -399.01757270529333
166.61748312981493, -399.0284257312481
166.70870142493825, -399.1061766769766
166.72864571226424, -399.1221075202587
166.84347022867055, -399.2036088709092
166.87999287199588, -399.2295772983378
166.8837518911955, -399.2320810176733
167.09057923622103, -399.37904054521346
167.1442124258813, -399.411138461234
167.1703878928196, -399.4285683834768
167.2549959582361, -399.47920856298185
167.26276723618466, -399.4844053318547
167.46218094630134, -399.60377521618295
167.48245318137324, -399.61514442796306
167.5392942235969, -399.64912437927296
167.56064617352965, -399.66110017817715
167.72853429348166, -399.7462253630493
167.80930541194792, -399.7872364164543
167.81744571099213, -399.7910895081992
167.98472176145444, -399.875979332944
168.1400984849425, -399.9429594978677
168.1713543671008, -399.9577766756941
168.2325538509435, -399.9841342271959
168.23823653920087, -399.9868270794112
168.47058206457163, -400.0869994866945
168.51567456940572, -400.10335322833004
168.5430488301088, -400.11429632881635
168.7664270489282, -400.1960634621294
168.78728094672377, -400.20437811375535
168.92216869496409, -400.25372505429766
168.93550051592356, -400.2581957780658
169.0195883963015, -400.2888935050217
169.055032307188, -400.30076842324235
169.34462002376924, -400.3898708165588
169.3687147914354, -400.39732196204284
169.37096460117888, -400.39807410369815
169.58397169161285, -400.4636884954406
169.61869897933113, -400.47329299938934
169.76679242016056, -400.511047528316
169.78537425336182, -400.51620617442927
169.98449729343102, -400.56692613703257
170.18204003445518, -400.6171817689907
170.19863388554452, -400.6214346931426
170.21778017277873, -400.6257172617057
170.58781350292455, -400.70187238755744
170.62374394770657, -400.70993026020267
170.6482933462165, -400.71502130134246
170.84306473595686, -400.7551322699022
170.84544430713171, -400.7555506585037
171.0692001637411, -400.79128566282924
171.1084604115296, -400.79816782234326
171.26912414826185, -400.82378142729334
171.28395939404535, -400.8263817332499
171.5087566058244, -400.86233400757266
171.56638849230578, -400.86977135270905
171.9614153642282, -400.9152208769277
172.04021305745297, -400.92437170698946
172.185971174333, -400.94114099864424
172.19331099641354, -400.94177731391
172.60090814910714, -400.97135325755465
172.65152136716708, -400.9756550831478
172.86506743823858, -400.99103778551614
172.97824669915005, -400.9945362185404
173.00808137298984, -400.99578952007806
173.32136482658464, -401.0052354338088
173.34964940903646, -401.0064450781916
173.53705119684693, -401.0121831723332
173.67103985401909, -401.0110641551552
Holes:
Exterior:
-67.42599050091641, 137.93049740035576
-50.71796403688913, 139.9344983641752
-46.37921388239212, 140.49106332214015
-36.86574726240812, 141.71148213549228
-36.86574726240812, 145.30933659882092
-36.865737126900314, 147.52957307393817
-36.86581405868347, 156.1441777523786
-36.86579048471256, 164.39640483464285
-64.86048693391174, 160.95242724271037
-67.478819140166, 160.63029691288364
-67.45325982891833, 144.06189794844678
-67.42599050091641, 137.93049740035576
Holes:
Exterior:
-67.42599050091641, -119.61580241679903
-67.46186973500417, -139.1491904426709
-67.478819140166, -142.31567030691235
-51.152139474220775, -144.324154233162
-36.86579048471256, -146.08171197556516
-36.865737126900314, -129.21487017402157
-36.86574726240812, -126.99472980546687
-36.86574726240812, -123.39689367649365
-46.37921388239212, -122.17643930538557
-50.71796403688913, -121.6197954642586
-61.51202732403115, -120.31657041767804
-67.42599050091641, -119.61580241679903
Holes:
Exterior:
-58.35094356875928, 283.981439581534
-36.86576738488455, 287.5246280440876
-36.86574554833149, 299.52495999486166
-36.86576972908327, 304.5066122589468
-36.86576972908327, 307.51834267364507
-36.86576972908327, 310.530379199986
-46.7526422538256, 308.88360416912786
-53.74322723212535, 307.68191488190575
-56.925648602235725, 307.15866821540084
-67.4469383761323, 305.4288940868863
-67.49758296816029, 287.2389242391308
-67.48813069975657, 282.4917581549194
-62.21830542494743, 283.3376915551084
-58.35094356875928, 283.981439581534
Holes:
Exterior:
-58.35094356875928, -265.6667975250488
-62.21830542494743, -265.02297685484274
-67.48813069975657, -264.1770707247246
-67.44602243262298, -275.15103993177
-67.44639354446198, -287.11496133721334
-56.92558767754403, -288.8446104970422
-53.75919864778987, -289.3651751036787
-36.86576972908327, -292.21573558781233
-36.86576972908327, -289.20373307387615
-36.86576972908327, -286.1920026591779
-36.86579582493036, -274.0358648354163
-36.86576738488455, -269.2099790869614
-48.97508676655505, -267.22760636580045
-58.35094356875928, -265.6667975250488
Holes:
Exterior:
-5.8015290935832695, 178.05909450900532
-3.3174211566206395, 177.0667931527458
-3.317382105218485, 189.82679396172557
-3.317382105218485, 193.450082784235
-12.312282129355964, 197.04320202231497
-16.263746719257, 198.62164304593668
-16.263746719257, 188.0183765260699
-16.263714509628727, 182.23830188464785
-5.8015290935832695, 178.05909450900532
Holes:
Exterior:
-5.8015290935832695, -149.90330731137735
-3.3174211566206395, -150.20890756210937
-3.3173916116714395, -129.32052635298214
-3.3173880322217144, -127.63958143098594
-3.876777791550694, -127.56676514145835
-16.26365057995352, -125.9782189783518
-16.26365057995352, -128.16822256924675
-16.263698278900762, -137.41680335272525
-16.263714509628727, -148.61623267924102
-5.8015290935832695, -149.90330731137735
Holes:
Exterior:
-370.9632738367078, -225.9865394677632
-369.8742861121897, -226.13715783270493
-369.8742861121897, -223.5688388904906
-369.8742319042452, -217.25983620651053
-374.8950015226669, -216.50062638290999
-383.6294176719057, -215.21132098960052
-383.6293707059141, -219.12558986825206
-383.62938214579265, -224.09706990856725
-374.65633541432464, -225.43208564622984
-370.9632738367078, -225.9865394677632
Holes:
Exterior:
-464.45372802893485, -194.16334580827672
-462.04723145397827, -195.5271398324045
-462.04723145397827, -180.27627768266532
-462.0369181480171, -176.18602350080872
-470.5435614909345, -171.36513556908835
-470.9194828413341, -171.15209085632094
-470.87711058846696, -189.55525867957556
-470.8790823904287, -190.52208734736772
-464.45372802893485, -194.16334580827672
Holes:
Exterior:
41.2201454694798, 284.7751607456126
41.22040952255219, 284.7750727279218
41.22040952255219, 299.4065175211438
41.22040952255219, 310.1401186948877
32.3281474623989, 308.631832922593
24.642944725542236, 307.32987869271216
21.048803899779386, 306.71918966687946
15.620017295651678, 305.79917807959697
15.620017295651678, 298.7908300413517
15.62001729565165, 278.6662282504954
15.62001729565165, 209.850363016971
15.620017295651678, 185.8853902378001
15.62001729565165, 176.20723004875654
15.62001729565165, 148.41621299170635
32.00561544532496, 150.58356227967096
41.22040952255219, 151.8024273179064
41.22040952255219, 208.07214410599624
41.22040952255219, 232.02096561094757
41.2201454694798, 284.7751607456126
Holes:
Exterior:
41.2201454694798, -266.46049599266865
41.22032707791121, -230.17764364172015
41.22040952255219, -213.70634486684904
41.22040952255219, -157.43661193620923
41.22040952255219, -133.4877464224125
23.616774401700695, -131.15928717958653
15.620017295651678, -130.1015482387624
15.620017295651678, -139.7797281342708
15.62001729565165, -167.57080177880147
15.620017295651678, -191.53575485150753
15.62001729565165, -260.35156349755147
15.620017295651678, -267.3599312422616
15.62001729565165, -287.48458962059834
21.048803899779358, -288.4045782609428
24.642944725542236, -289.0152520867409
35.81381609080907, -290.90984273201803
41.22040952255219, -291.82545394194375
41.22040952255219, -277.1940091487217
41.22040952255219, -266.46040797497784
41.2201454694798, -266.46049599266865
Holes:
Exterior:
-67.51159421950942, -203.48379427833345
-67.5118376578288, -205.7808404169055
-67.46410157634725, -225.20756724187515
-58.77552956834782, -231.1511623858902
-36.86577196465217, -246.13894838589897
-36.86580165305216, -234.94995401066524
-36.86575710815518, -224.44765198639638
-47.416289553651126, -217.23034944267906
-55.57651416796446, -211.64821820090384
-67.51159421950942, -203.48379427833345
Holes:
Exterior:
-67.51159421950942, 221.79842088430473
-55.57651416796446, 229.96284480687515
-36.86575710815518, 242.76227859236766
-36.86573594156678, 252.04110316604522
-36.86577196465217, 264.45361659186165
-53.73697433986936, 252.91251413208462
-58.77552956834782, 249.4657616444839
-67.46410157634725, 243.52217410348257
-67.46291840294228, 232.29445936301101
-67.51159421950942, 221.79842088430473
Holes:
Exterior:
139.43439641555628, 265.31111336907287
139.43439641555628, 264.84564104064805
139.4292267831702, 262.89939141076457
139.4262431438987, 253.59629394320427
139.42909738636914, 242.59260195275402
141.23906636791733, 243.91933341406963
153.87267418830632, 238.75874789750875
153.87306979135414, 238.85330379084252
153.87306979135414, 240.88116176569
153.84611954600663, 253.16026778947142
153.84638877331443, 255.2980493321352
153.8816227370004, 275.90098303537167
139.7896215490301, 265.5714937394393
139.43439641555628, 265.31111336907287
Holes:
Exterior:
139.43439641555628, -246.99637544896575
139.7896215490301, -247.25675639281428
153.8816227370004, -257.586332607928
153.88500678537733, -253.6354742841732
153.84638877331443, -236.9833500220794
153.84611954600663, -234.84558462618534
153.87306979135414, -222.56660655486473
153.87267418830632, -220.44417773658074
152.11143628288457, -221.16361797594368
141.23906636791733, -225.60478310204365
140.54633552442576, -225.0969995725003
139.42909738636914, -224.27803319725183
139.4262431438987, -235.28165121563876
139.4292267831702, -244.58465440775447
139.43439641555628, -246.99637544896575
Holes:
Exterior:
-67.51156786187542, 219.0929575536652
-67.51129852679335, 217.36294247824546
-67.47115120232476, 202.69357343366752
-58.13825332530135, 198.96548690922114
-36.86576267389981, 190.4679621532773
-36.86576267389981, 198.52306858757942
-36.86575710815518, 206.8512646525753
-47.38359521558826, 211.05267092485335
-55.5495027083073, 214.3146378578844
-67.51156786187542, 219.0929575536652
Holes:
Exterior:
-67.51156786187542, -200.77832289242357
-55.5495027083073, -195.9999646060992
-36.86575710815518, -188.53660759718127
-36.86575710815518, -181.99789855059944
-36.86576267389981, -172.15331742781854
-52.165666995331065, -178.26505485303983
-58.13825332530135, -180.65084533692502
-67.47115120232476, -184.3789502271439
-67.47231141752971, -191.8406844467109
-67.51156786187542, -200.77832289242357
Holes:
Exterior:
139.45511041032435, 317.0949818239282
166.75418359607553, 321.80381850371833
170.01797345756304, 322.3783903387723
171.56333243554596, 322.6474314063261
173.51245390089602, 322.986777106168
173.5024321134774, 330.2843141439816
173.58333826598644, 346.65061587769907
168.27065528049226, 345.7345517207446
156.5927991308201, 343.6500962590087
149.9999395767035, 342.4733179820027
141.6219145382863, 340.98932715401224
139.44261255815005, 340.6122959252606
139.42722769454033, 332.3979972976978
139.44635442993606, 321.8946770922591
139.45511041032435, 317.0949818239282
Holes:
Exterior:
139.45511041032435, -298.78039230503714
139.4521668882136, -301.1882179032723
139.44635442993606, -303.5800652712305
139.42722769454033, -314.08332103450635
139.44261255815005, -322.2976151979812
149.9999395767035, -324.15865057028594
156.5927991308201, -325.3355078000101
173.58333826598644, -328.3360036779726
173.60345923786483, -322.99237104357513
173.51245390089602, -304.6721886471694
171.56333243554596, -304.3328429473275
170.01797345756304, -304.0638018797737
168.22643527404333, -303.7519019572801
166.75418359607553, -303.4892225415342
163.97874599801892, -303.00339465429045
139.45511041032435, -298.78039230503714
Holes:
Exterior:
-470.9214348089488, -127.36443725886667
-470.9195093224296, -128.07933836591118
-464.6360327800262, -125.9612009391586
-462.0369181480171, -125.08503676343935
-462.0369181480171, -113.6095254785665
-462.0451540039119, -109.65053216599006
-470.58400548168936, -112.52907984668084
-470.88790016159305, -112.63152407548498
-470.9214348089488, -127.36443725886667
Holes:
Exterior:
-14.409378828365362, 144.53304732748484
-3.3173880322217144, 145.9542105280556
-3.3173916116714395, 147.63515867016218
-3.3174272273581096, 162.2726422218445
-3.3174211566206395, 168.5235954395663
-12.312282129355964, 167.41702586764842
-16.263714509628727, 166.93090142320406
-16.26365057995352, 146.48289104223267
-16.26365057995352, 144.2928762912118
-14.409378828365362, 144.53304732748484
Holes:
Exterior:
-456.1412653873193, -77.09014801048315
-456.2580847057036, -77.07929043196333
-456.2580894163102, -95.40443668758536
-456.2580913531997, -99.6282499209326
-443.57363609568927, -100.76694137240693
-442.7547138703503, -100.84045617322252
-442.75469960588623, -94.20958592089772
-442.75471665798, -91.78365687617273
-442.7547429038102, -78.37918231909453
-450.76613588207056, -77.60567482632234
-455.37618967594346, -77.16382108546702
-455.6980902595441, -77.13282139332838
-456.1412653873193, -77.09014801048315
Holes:
Exterior:
-462.01189782286633, 241.9381495076307
-462.01689679963715, 244.3427449067207
-464.2563397953106, 244.01519050700384
-484.1741966743127, 241.29873111095705
-484.17559210152547, 239.3849853380532
-484.1034388273446, 218.9768656881601
-482.4970714232934, 219.2060295577988
-477.3617923238478, 219.93865096020554
-464.52561313287003, 221.747826530354
-462.01519444612904, 222.10847225883404
-462.01519444612904, 225.36934773276982
-462.03372292329027, 236.7558545482392
-462.01189782286633, 241.9381495076307
Holes:
Exterior:
-462.01189782286633, -223.62358545483056
-462.01519444612904, -207.05472112679854
-462.01519444612904, -203.79380372510477
-470.83206105914064, -202.55549555668154
-477.3617923238478, -201.6239846693019
-482.4970714232934, -200.89138904279667
-484.1034388273446, -200.66222921254533
-484.10266449342987, -202.75315212971782
-484.1741966743127, -222.98409732891756
-464.2563397953106, -225.70062462939967
-462.01689679963715, -226.02819140347881
-462.0155110402786, -224.96008032914168
-462.01189782286633, -223.62358545483056
Holes:
Exterior:
-331.44980948745103, -89.59177781956481
-333.63472932219236, -89.36735203735574
-353.5881194538864, -87.31777167495864
-353.58810993081534, -94.06637393150837
-353.5880712153863, -109.89326932384807
-341.10619730527367, -111.21319722498794
-330.33348447817457, -112.35236101751377
-330.28794686394383, -91.44591218915403
-330.29605610906606, -89.72180090515687
-330.83846481599653, -89.66330003363836
-331.44980948745103, -89.59177781956481
Holes:
Exterior:
-331.44980948745103, 107.90633003440135
-330.29605610906606, 108.03635229434067
-330.2963060287252, 108.66742279840491
-330.28794686394383, 109.76046833544049
-330.33348447817457, 130.66705810287314
-330.87121172400987, 130.61019652501577
-353.5880712153863, 128.20782908174496
-353.588069008519, 118.64140600148357
-353.58810993081534, 112.38095096396461
-353.5881194538864, 105.63240509567461
-333.63472932219236, 107.68190782927044
-331.44980948745103, 107.90633003440135
Holes:
Exterior:
-428.3574299250662, -217.53817456442954
-412.8078586840518, -219.79676981365412
-409.25247173833475, -220.30883944808775
-406.77988504809844, -220.6654782789951
-406.77988504809844, -207.9009895920782
-406.77988504809844, -197.1937571010671
-406.77988504809844, -155.95866118481956
-406.77988504809844, -121.36932472802022
-406.77988504809844, -99.90263367023923
-406.77988504809844, -81.89567665673115
-424.6858748000503, -80.12755408723021
-432.38035453440125, -79.36775307274678
-432.38035453440125, -108.27265457794178
-432.38035453440125, -115.08778621580686
-432.37986063403594, -115.08766274071553
-432.38023836108255, -163.30088460887157
-432.38035453440125, -178.12929058344866
-432.38035453440125, -197.5646605947471
-432.38035453440125, -216.95358376122334
-428.3574299250662, -217.53817456442954
Holes:
Exterior:
-428.3574299250662, 235.8527933294383
-429.78962679389474, 235.64497591222423
-432.38035453440125, 235.26821764539446
-432.38035453440125, 215.8328403558962
-432.38035453440125, 196.4439480581928
-432.37986063403594, 133.4022893466868
-432.38035453440125, 133.402443690551
-432.38035453440125, 104.497542185356
-432.38035453440125, 97.68241782569072
-416.903149244411, 99.21069833490512
-406.77988504809844, 100.2103414096751
-406.77988504809844, 121.67703246745609
-406.77988504809844, 139.68398948096416
-406.77988504809844, 180.91904390678368
-406.77988504809844, 215.50834556006572
-406.77988504809844, 228.27287573741066
-406.77988504809844, 238.9801604336977
-409.25247173833475, 238.6235042010317
-412.8078586840518, 238.11139916542226
-428.3574299250662, 235.8527933294383
Holes:
Exterior:
165.13721975947058, -151.08236742579373
159.8764447895692, -150.29339521019332
141.27335504980394, -147.47888672216112
139.42693688337087, -147.21538991099743
139.42383170267024, -159.1920122513682
139.4269731488782, -170.0064328798739
139.42948150573582, -170.85422127557143
139.7582511679088, -170.90433065562289
153.8533338677877, -173.05271399592405
153.85056743311972, -173.0164969255712
153.84973714447236, -172.98871200993503
153.84720687530066, -172.905870300333
153.8547614710503, -172.16958272498346
164.12664864685595, -173.73927917747844
167.60450013814201, -174.2558828895675
173.48020953595406, -175.20417326720883
173.48083227002016, -169.78617683379383
173.4767407905977, -167.04312509462756
173.48431264678905, -162.8261551525346
173.486399873336, -152.33470173049065
165.97298877436506, -151.22387656005122
165.13721975947058, -151.08236742579373
Holes:
Exterior:
86.5599534078057, 158.0436186214236
95.5807217055154, 159.2758721789432
95.58070425045483, 165.14783163452168
95.58068198776738, 182.48558392289576
88.39193305740912, 181.3898932604294
82.61222080433703, 180.50896431106216
82.61219764958014, 164.28988803530558
82.61219764958014, 157.47187188754089
86.5599534078057, 158.0436186214236
Holes:
Exterior:
-373.43721122576164, -85.27443904508513
-383.6294164975792, -84.26030043808117
-383.6293526235646, -101.0876048817974
-383.62936769961163, -106.71640513147076
-380.6374417312153, -107.03278926307354
-369.87424756613586, -108.17099480609849
-369.8742612007346, -97.87007560328829
-369.8742730135817, -85.65192623526843
-373.43721122576164, -85.27443904508513
Holes:
Exterior:
89.06377666009948, -263.4457736682965
95.58068168857335, -260.78375451469265
95.58072298909403, -249.67470403743033
95.58072298909403, -244.25531064971057
88.09930867671707, -247.31131141435503
82.61220610421984, -249.5526922148511
82.61220610421984, -258.09171193969956
82.6122350110789, -266.08115146434614
89.06377666009948, -263.4457736682965
Holes:
Exterior:
89.06377666009948, 308.5185340748608
95.58068168857335, 309.6238105583437
95.58074985495432, 315.4921922084999
95.58074985495432, 319.49166762140345
88.09930867671707, 318.1912542621057
82.61220610421984, 317.2498281881878
82.61220610421984, 312.1172364764598
82.6122350110789, 307.4112854200103
89.06377666009948, 308.5185340748608
Holes:
Exterior:
165.13730398594, 169.39699651478247
173.48661645906034, 170.64972932190568
173.47678262353114, 185.40857585491128
173.48020953595406, 193.51877656104105
170.06751231414998, 192.9719989301765
167.60450013814201, 192.57052089418445
164.12664864685595, 192.05394393042238
153.8547614710503, 190.4842662974349
153.84720687530066, 191.22047147300228
153.84973714447236, 191.30329704782264
153.85056743311972, 191.33109269218804
153.85333386778765, 191.3673072640296
153.28882414956817, 191.2812645695043
139.42948150573582, 189.16884788154272
139.42770351598327, 188.42833429297787
139.4269731488782, 188.3210622105014
139.42383170267024, 177.50663885733948
139.42693688337087, 165.53001651696871
141.28310287631732, 165.7949472067178
143.01270923140683, 166.05569062860383
165.13730398594, 169.39699651478247
Holes:
Exterior:
-462.04723145397827, 213.8418647270862
-470.57902063180734, 209.0067652043793
-470.8790823904287, 208.83671739230766
-470.9216527310098, 190.32848654363073
-470.9194828413341, 189.46672312825345
-464.6360327800262, 193.02772499118717
-462.0369181480171, 194.50070783341508
-462.0369181480171, 208.88248583049878
-462.04723145397827, 213.8418647270862
Holes:
Exterior:
-330.3234089896139, -223.13607079599473
-332.0030952353667, -222.88180228583911
-339.59539502543134, -221.73261436768874
-353.5880951753169, -219.68123535994334
-353.588079399247, -237.70320116242908
-353.58808093943446, -241.90743777179983
-342.65128854906243, -243.55394888706257
-335.7602879766355, -244.5811994896794
-330.3068773962191, -245.39411833446985
-330.31561484997917, -242.16360061345534
-330.3234089896139, -223.13607079599473
Holes:
Exterior:
-330.3234089896139, 241.45072447355398
-330.31390893732487, 246.6602920245667
-330.3070572550074, 263.7088917006598
-335.760394705876, 262.8960004919556
-342.65143213617887, 261.8687796778415
-353.58808093943446, 260.22216483942793
-353.5880915833817, 253.3997326805736
-353.5880951753169, 237.99582381894197
-332.0030952353666, 241.1964615371506
-330.3234089896139, 241.45072447355398
Holes:
Exterior:
-464.45336667983986, 128.77703820223098
-462.0451540039119, 127.96521891450897
-462.0451540039119, 140.13440185661378
-462.0369181480171, 143.39974945318718
-470.52915313151175, 146.26241674319505
-470.9195093224296, 146.39400704002955
-470.8861764667945, 131.72786177278638
-470.88790016159305, 130.94611427782692
-464.45336667983986, 128.77703820223098
Holes:
Exterior:
-383.62943681725267, 206.9097543243631
-378.5021681254559, 205.00537272463086
-369.87427583762394, 201.80084458319755
-369.87425235795683, 207.47084793536146
-369.87425235795683, 217.74606786422166
-374.8950015226668, 219.61085361237485
-383.6294176719057, 222.85497422401886
-383.6294176719057, 218.38388019161837
-383.62943681725267, 206.9097543243631
Holes:
Exterior:
-383.62943681725267, -135.90976174555294
-378.5021681254559, -139.13011958664666
-369.87427583762394, -144.54910801329004
-369.87424756613586, -137.6160421057675
-369.87424756613586, -123.99748261383252
-374.8950015226668, -120.84404839423519
-383.62936769961163, -115.3581447854711
-383.62936769961163, -120.2677556467356
-383.62943681725267, -135.90976174555294
Holes:
Exterior:
-383.62943681725267, -193.46108910829034
-383.6294176719057, -204.5403308642276
-379.88476517325194, -203.14948646149335
-369.87425235795695, -199.43142769349643
-369.87427583762394, -192.45535092715247
-369.87427583762394, -183.48621797722626
-374.8950015226669, -185.35103524185757
-383.62943681725267, -188.5951542242048
-383.62943681725267, -193.46108910829034
Holes:
Exterior:
-383.62943681725267, 154.22441485733725
-383.62943681725267, 147.95274009932376
-383.62936769961163, 133.67273154922893
-380.6374417312153, 135.5518876120937
-369.87424756613586, 142.31207153200745
-369.87427583762394, 151.30351500245618
-369.87427583762394, 162.8637346192613
-374.8950015226669, 159.71028747445405
-383.62943681725267, 154.22441485733725
Holes:
Exterior:
-383.62943681725267, 239.69802994488168
-383.6294176719057, 233.52597504596812
-380.0876264139762, 234.0625456805907
-369.8742319042452, 235.57443757546466
-369.8742861121897, 241.88342734948924
-369.8742861121897, 244.45174629170356
-374.65633541432464, 243.7467006291725
-383.62938214579265, 242.4117167322301
-383.62943681725267, 239.69802994488168
Holes:
Exterior:
-383.6294164975792, 102.5749893395523
-378.26252734961474, 103.13651183220779
-369.8742730135817, 103.96660341180643
-369.8742655691118, 109.10876834284934
-369.87424756613586, 126.48557085555711
-374.8950015226668, 125.95463280026217
-383.62936769961163, 125.03096455642972
-383.6293526235646, 119.40220262200944
-383.6294164975792, 102.5749893395523
Holes:
Exterior:
-5.070745870420467, 292.7292890338077
-3.317353065921452, 293.0126057050937
-3.317382105218485, 300.5510878914653
-3.317382105218485, 302.6354757362437
-12.312282129355964, 301.12938749274923
-16.26372775736334, 300.47992917013215
-16.26371650373173, 293.3411730110963
-16.26370506442666, 290.89653716032467
-5.070745870420467, 292.7292890338077
Holes:
Exterior:
-470.4715400134222, -98.35224062981851
-462.0447170534502, -99.10873288538335
-462.03199499356094, -92.34254136889072
-462.03199789503515, -76.5272643551281
-475.68492838602174, -75.23116204904431
-484.0892711922487, -74.42730802415531
-484.10321277332446, -93.03086118253805
-484.1098768839868, -94.39634057830665
-484.1116625043941, -94.76216545446343
-484.11160709863304, -97.12768337323214
-482.7295379208192, -97.25175704834118
-480.42709081546013, -97.45846246235104
-470.4715400134222, -98.35224062981851
Holes:
Exterior:
-6.690559598403581, 263.40424114811844
-3.317382105218485, 265.71172927984566
-3.317353065921452, 284.38287485532663
-3.317353065921452, 287.4031146693145
-12.86565696454042, 280.8714096499307
-16.26370506442666, 278.54688186799603
-16.263714509628727, 263.3294453069039
-16.263746719257, 256.85547010409647
-6.690559598403581, 263.40424114811844
Holes:
Exterior:
-6.690559598403581, -176.48292656116766
-3.317382105218485, -175.13548588874178
-3.3174211566206395, -161.97801324657482
-3.3174211566206395, -158.7520902528292
-12.312282129355964, -162.3451605923541
-16.263714509628727, -163.9236331406848
-16.263714509628727, -175.41722864477478
-16.263746719257, -180.3069670627347
-6.690559598403581, -176.48292656116766
Holes:
Exterior:
-462.03199499356094, 110.65717928763888
-462.0447170534502, 117.4233837182297
-480.42709081546013, 115.77312084378028
-482.7295379208192, 115.56642180128514
-484.11160709863304, 115.44234812617611
-484.11164035971376, 113.07681103096232
-484.1098585358045, 112.71097570595481
-484.1028127201787, 111.26069107088605
-484.0880750616335, 92.7409414283131
-475.6838906839946, 93.54528497071394
-462.03199789503515, 94.84186202371458
-462.03199499356094, 110.65717928763888
Holes:
Exterior:
-12.86565696454042, -273.1311279067183
-16.26370506442666, -272.58185381545155
-16.263714509628727, -279.3647733954097
-16.26372775736334, -282.1653175972927
-6.156789590307653, -283.854251691123
-3.317382105218485, -284.32088727724505
-3.317353065921452, -276.01021295469855
-3.317353065921452, -274.6979187395864
-12.86565696454042, -273.1311279067183
Holes:
Exterior:
-12.86565696454042, -262.55674680039186
-3.317353065921452, -269.0884330152771
-3.317382105218485, -252.1943000077755
-3.317382105218485, -247.39707296339628
-12.312282129355964, -241.24391694416616
-16.263746719257, -238.54084349812518
-16.26373366673525, -253.5874481280589
-16.26370506442666, -260.2321985231229
-12.86565696454042, -262.55674680039186
Holes:
Exterior:
-330.28446360357134, -169.12645360920797
-330.28428427126016, -169.05831019024222
-330.2839490877833, -168.7814274255945
-330.291477671399, -166.45547043748502
-330.32172147694973, -148.8397639543629
-332.0075996855595, -147.780897770177
-343.6002862599627, -140.49967803798228
-353.5880870292657, -134.2265294510056
-353.5881057950904, -148.05093395745968
-353.5881057950904, -154.77822221753158
-333.2893040604753, -167.52756821953807
-330.91806864184844, -169.0169535121999
-333.28000952978175, -169.8941508208472
-353.5881057950904, -177.43714599535835
-353.58807349733763, -186.15477908606152
-353.58807349733763, -193.38235928885874
-332.15207515034797, -185.42046902194286
-330.3153649101213, -184.73827803029405
-330.28385118753704, -169.41529043250486
-330.28446360357134, -169.12645360920797
Holes:
Exterior:
-451.23055836743504, 232.56883138352714
-456.25811325032396, 231.8468408023281
-456.25811325032396, 229.0936545947281
-456.25809090638984, 227.6878309284782
-456.25809329551953, 224.47777815652123
-456.25808617687414, 222.95830057843082
-442.79532965195415, 224.87004978034568
-442.75471757782316, 224.8756906000513
-442.7547174799694, 224.95749870759818
-442.7547525260019, 233.80155965539115
-451.23055836743504, 232.56883138352714
Holes:
Exterior:
-451.23055836743504, -214.25422872159362
-448.9861041543571, -214.58524836220704
-442.7547525260019, -215.4869440251262
-442.7547174799694, -206.64275905455816
-442.75471757782316, -206.5890105522867
-442.75471757782316, -206.56094979066322
-454.18638851496996, -204.9315381962485
-456.25808617687414, -204.64357658063045
-456.25809090638984, -209.3731507174234
-456.25811325032396, -210.77901893575677
-456.25811325032396, -213.5322405433363
-454.942427448251, -213.72864246527467
-451.23055836743504, -214.25422872159362
Holes:
Exterior:
-454.18638851496996, 118.12884790470153
-456.2580913531997, 117.94287114907462
-456.25808478513306, 95.54667674975599
-456.2580847057036, 95.39395448490012
-455.6980902595441, 95.44748298233657
-452.23428973781483, 95.77854501712827
-450.76613588207056, 95.92030854987959
-442.7547429038102, 96.69380405703745
-442.75471665798, 110.09829092652518
-442.75469960588623, 112.52422822239376
-442.7547134534311, 117.38505348938489
-442.7547138703503, 119.15511584928089
-454.18638851496996, 118.12884790470153
Holes:
Exterior:
-454.18638851496996, 218.29672165363775
-456.2580913531997, 217.12267472815128
-456.2580913531997, 200.5032793548045
-456.25807387579005, 197.77572246957868
-444.68196446977413, 204.33625688239144
-442.75476454408806, 205.42845067585714
-442.75471757782316, 224.715031280326
-442.75471757782316, 224.7752590798158
-454.18638851496996, 218.29672165363775
Holes:
Exterior:
-454.18638851496996, -180.63512158111058
-456.25807387579005, -179.46104393378673
-456.25807387579005, -195.31273300497136
-456.2580913531997, -198.80794443692056
-442.79279803912493, -206.43893785365043
-442.75471757782316, -206.46051815167715
-442.75476454408806, -189.4423991935353
-442.75476454408806, -187.11377674028589
-454.18638851496996, -180.63512158111058
Holes:
Exterior:
-454.18638851496996, -107.00136296514142
-456.2580984810028, -107.69972964154519
-456.2580984810028, -120.85959309658571
-456.25807387579005, -123.13698250448914
-444.68196446977413, -119.2346616805857
-442.75476454408806, -118.58500056491329
-442.7547138703503, -104.17499017331849
-442.7547138703503, -103.14773314107094
-454.18638851496996, -107.00136296514142
Holes:
Exterior:
-454.18638851496996, 140.75332402272468
-456.25807387579005, 141.45169229582973
-456.25807387579005, 128.8032593827112
-456.2580984810028, 126.0144212862063
-443.61541498792974, 121.75253485472274
-442.7547138703503, 121.46240043245768
-442.75476454408806, 135.04165710428708
-442.75476454408806, 136.8996745004845
-454.18638851496996, 140.75332402272468
Holes:
Exterior:
241.99253831306888, 100.2652730503001
250.849601291962, 100.2652730503001
250.849601291962, 109.82492567971497
250.849601291962, 116.26525779151103
241.3367352045291, 116.26525779151103
232.37449839388566, 116.26525779151103
232.37449839388566, 109.27158827694771
232.37449839388566, 100.2652730503001
241.99253831306888, 100.2652730503001
Holes:
Exterior:
241.99253831306888, -197.05055336571553
250.849601291962, -197.05055336571553
250.849601291962, -187.49090073630066
250.849601291962, -181.0505686245046
241.3367352045291, -181.0505686245046
232.37449839388566, -181.0505686245046
232.37449839388566, -188.04423813906794
232.37449839388566, -197.05055336571553
241.99253831306888, -197.05055336571553
Holes:
Exterior:
241.99253831306888, -296.1505899868093
250.849601291962, -296.1505899868093
250.849601291962, -286.5909373573944
250.849601291962, -280.15060524559834
241.3367352045291, -280.15060524559834
232.37449839388566, -280.15060524559834
232.37449839388566, -287.1442747601617
232.37449839388566, -296.1505899868093
241.99253831306888, -296.1505899868093
Holes:
Exterior:
241.99253831306888, 348.0152501621165
250.849601291962, 348.0152501621165
250.849601291962, 357.5749255835411
250.849601291962, 364.0152730503001
241.3367352045291, 364.0152730503001
232.37449839388566, 364.0152730503001
232.37449839388566, 357.02158686151336
232.37449839388566, 348.0152501621165
241.99253831306888, 348.0152501621165
Holes:
Exterior:
241.99253831306888, -48.400574728020224
250.849601291962, -48.400574728020224
250.849601291962, -38.84092209860535
250.849601291962, -32.40058998680929
241.3367352045291, -32.40058998680929
232.37449839388566, -32.40058998680929
232.37449839388566, -39.39425950137262
232.37449839388566, -48.400574728020224
241.99253831306888, -48.400574728020224
Holes:
Exterior:
241.99253831306888, 248.91528983496806
250.849601291962, 248.91528983496806
250.849601291962, 258.47494246438293
250.849601291962, 264.915274576179
241.3367352045291, 264.915274576179
232.37449839388566, 264.915274576179
232.37449839388566, 257.92160506161565
232.37449839388566, 248.91528983496806
241.99253831306888, 248.91528983496806
Holes:
Exterior:
241.99253831306888, 149.81529136084697
250.849601291962, 149.81529136084697
250.849601291962, 159.37492119825214
250.849601291962, 165.81523795508525
241.3367352045291, 165.81523795508525
232.37449839388566, 165.81523795508525
232.37449839388566, 158.8215851147453
232.37449839388566, 149.81529136084697
241.99253831306888, 149.81529136084697
Holes:
Exterior:
241.99253831306888, -147.50053505516865
250.849601291962, -147.50053505516865
250.849601291962, -137.9409735937926
250.849601291962, -131.50070290184834
241.3367352045291, -131.50070290184834
232.37449839388566, -131.50070290184834
232.37449839388566, -138.49430571951814
232.37449839388566, -147.50053505516865
241.99253831306888, -147.50053505516865
Holes:
Exterior:
241.99253831306888, -246.60064797020772
250.849601291962, -246.60064797020772
250.849601291962, -237.04099534079285
250.849601291962, -230.60066322899678
241.3367352045291, -230.60066322899678
232.37449839388566, -230.60066322899678
232.37449839388566, -237.59433274356013
232.37449839388566, -246.60064797020772
241.99253831306888, -246.60064797020772
Holes:
Exterior:
241.99253831306888, 50.71525473975321
250.849601291962, 50.71525473975321
250.849601291962, 60.27490736916809
250.849601291962, 66.71523948096416
241.3367352045291, 66.71523948096416
232.37449839388566, 66.71523948096416
232.37449839388566, 59.721569966400814
232.37449839388566, 50.71525473975321
241.99253831306888, 50.71525473975321
Holes:
Exterior:
241.99253831306888, -345.70068459130147
250.849601291962, -345.70068459130147
250.849601291962, -336.1409407938478
250.849601291962, -329.7005472621999
241.3367352045291, -329.7005472621999
232.37449839388566, -329.7005472621999
232.37449839388566, -336.6942834736568
232.37449839388566, -345.70068459130147
241.99253831306888, -345.70068459130147
Holes:
Exterior:
241.99253831306888, 413.5652532138743
232.37449839388566, 413.5652532138743
232.37449839388566, 404.5589379872267
232.37449839388566, 397.5652684726634
241.99253831306888, 397.5652684726634
250.849601291962, 397.5652684726634
250.849601291962, 407.12492110207825
250.849601291962, 413.5652532138743
241.99253831306888, 413.5652532138743
Holes:
Exterior:
241.99253831306888, 1.1493672885813453
250.849601291962, 1.1493672885813453
250.849601291962, 10.718546978051762
250.849601291962, 17.165297464362595
241.3367352045291, 17.165297464362595
232.37449839388566, 17.165297464362595
232.37449839388566, 10.164658124424136
232.37449839388566, 1.1493672885813453
241.99253831306888, 1.1493672885813453
Holes:
Exterior:
241.99253831306888, 298.4652318515696
250.849601291962, 298.4652318515696
250.849601291962, 308.0249072729942
250.849601291962, 314.4652547397532
241.3367352045291, 314.4652547397532
232.37449839388566, 314.4652547397532
232.37449839388566, 307.4715685509665
232.37449839388566, 298.4652318515696
241.99253831306888, 298.4652318515696
Holes:
Exterior:
241.99253831306888, -97.9506693325124
250.849601291962, -97.9506693325124
250.849601291962, -88.39101670309753
250.849601291962, -81.95068459130147
241.3367352045291, -81.95068459130147
232.37449839388566, -81.95068459130147
232.37449839388566, -88.94435410586479
232.37449839388566, -97.9506693325124
241.99253831306888, -97.9506693325124
Holes:
Exterior:
241.99253831306888, 199.36523337744853
250.849601291962, 199.36523337744853
250.849601291962, 208.9249087988731
250.849601291962, 215.36525626563213
241.3367352045291, 215.36525626563213
232.37449839388566, 215.36525626563213
232.37449839388566, 208.37157007684542
232.37449839388566, 199.36523337744853
241.99253831306888, 199.36523337744853
Holes:
Exterior:
82.61219764958014, -145.97521831636624
82.61222080433703, -162.194355868727
88.66340639077765, -163.11659048211845
95.58068198776738, -164.1708949635155
95.58072033473226, -150.6969363267166
95.58072170551546, -140.96122796370918
92.26366616159447, -140.47945164734455
82.61219764958014, -139.15719110827578
82.61219764958014, -145.97521831636624
Holes:
Exterior:
82.61220610421984, -298.9351831430086
89.4766017616615, -300.1279789520905
95.58074985495432, -301.1769960589527
95.58074985495432, -297.1775206460491
95.58068168857335, -291.30920560162843
88.09930867671707, -290.02549783452804
82.6122350110789, -289.0966969610117
82.6122350110789, -294.1341376918643
82.61220610421984, -298.9351831430086
Holes:
Exterior:
82.61220610421984, 267.86731755226555
90.60598070181521, 264.602017749683
95.58072298909403, 262.5699491391129
95.58068168857335, 271.9501896475234
95.58068168857335, 279.09840276992
88.09930867671707, 282.15445347507114
82.6122350110789, 284.3957786083147
82.6122350110789, 276.01498935028104
82.61220610421984, 267.86731755226555
Holes:
Exterior:
82.61221915061645, 223.66034406916197
82.61221915061645, 211.92547370749276
82.61222080433703, 200.9460156465996
88.39193305740912, 205.18252683425547
95.58068198776738, 210.451898430353
95.58072195518349, 225.2519180491676
95.58072298909403, 233.1662804083186
88.09930867671707, 227.68239562376993
82.61221915061645, 223.66034406916197
Holes:
Exterior:
82.61222080433703, -182.63135271335602
82.61222080433703, -193.4468898557485
82.61221915061645, -205.34575561016334
90.6059591425022, -211.20517752887324
95.58072298909403, -214.85169194931999
95.58068168857335, -201.9606636919781
95.58068198776738, -192.1372718243817
88.39193305740912, -186.86785793639655
82.61222080433703, -182.63135271335602
Holes:
Exterior:
241.3367352045291, -379.2506418666921
232.37449839388566, -379.2506418666921
232.37449839388566, -388.25691414784114
232.37449839388566, -395.2505503139577
241.3367352045291, -395.2505503139577
250.849601291962, -395.2505503139577
250.849601291962, -385.69094326856225
250.849601291962, -379.2506418666921
241.3367352045291, -379.2506418666921
Holes:
