Exterior:
97.97912861938687, 11.033745838564393
96.13663694281252, 11.033745838564393
92.53066456079762, 11.033745838564393
78.52953458853165, 11.033745838564393
78.52953458853165, -2.6592672896153178
78.52953458853165, -11.366309093076232
83.2920269187232, -11.366309093076232
96.13663694281252, -11.366309093076232
100.78960990515509, -11.366309093076232
104.30701617958869, -11.366309093076232
104.30025538461246, -4.519942790471124
104.3214120783374, -0.16620533331060697
104.33608945939034, 5.059280210997268
104.30701617958869, 11.033745838564393
100.78960990515509, 11.033745838564393
97.97912861938687, 11.033745838564393
Holes:
Exterior:
12.212780972889504, 11.033745838564393
9.105692336690026, 11.033745838564393
-5.596703398347472, 11.033745838564393
12.212780972889504, 17.331539492761014
12.212780972889504, 25.300311939134083
12.212780972889504, 33.009190458913196
4.6491988187956395, 30.334551468975103
-5.596703398347472, 26.711388660830018
-11.017408975522358, 24.79453922245084
-14.964074003816222, 23.398934437197205
-14.964074003816222, 30.539835911359305
-14.964074003816222, 53.36971385614252
-11.017408975522358, 52.101560828806996
-5.596703398347472, 50.35976512567377
12.212780972889504, 44.63737101030164
12.212780972889504, 49.343320163367885
12.212780972889504, 59.85259988367019
6.692516112418389, 61.626323946945284
-5.596703398347472, 65.57499034540034
-5.6990892837047795, 65.60788423892095
-6.159752714753722, 65.75588328973627
-5.828956200717585, 65.76614784281409
-5.596703398347472, 65.77335460321284
12.212780972889504, 66.33704966398942
12.212780972889504, 71.23478502799023
12.212780972889504, 78.07780060228346
12.212780972889504, 83.8714439043369
12.212780972889504, 84.3735763406299
12.212780972889504, 88.0665365967282
0.4152010806976705, 87.63209377659122
-0.7202362121286114, 87.60144561199579
-1.5371649365010853, 87.57371691590552
-13.652574516400591, 87.32805870521167
-13.652574516400591, 82.05684493177469
-13.652574516400591, 81.34011709537128
-13.652574516400591, 77.67279430175714
-13.652574516400591, 74.39745572951232
-18.977247284708255, 74.24349855024907
-21.363915312409972, 74.17484386102534
-21.363915312409972, 79.79633000900155
-21.363915312409972, 80.58544261590815
-22.610114479004096, 80.54982470982186
-32.890655396611464, 80.25601312893595
-34.16451345694122, 80.21961314813471
-34.16451345694122, 78.10543284436825
-34.16451345694122, 73.80931956903315
-37.255910100428764, 73.7216088731734
-40.56435476553497, 73.6277399791894
-40.56435476553497, 61.2502363164781
-40.56435476553497, 53.35109813348627
-40.56435476553497, 34.34003119537916
-40.56435476553497, 7.024761664463526
-40.56435476553497, -5.107817637663739
-40.56435476553497, -22.540015147763732
-40.56435476553497, -34.67259444989101
-40.56435476553497, -53.68366138799811
-40.56435476553497, -66.06125819518516
-40.56435476553497, -73.96045582159185
-37.255910100428764, -74.05424583415233
-34.16451345694122, -74.14188282354498
-34.16451345694122, -76.25608828983394
-34.16451345694122, -80.55225269659185
-32.890655396611464, -80.58865267739309
-22.610114479004096, -80.88239892706255
-21.363915312409972, -80.91800587041998
-21.363915312409972, -75.29651972244378
-21.363915312409972, -74.50740711553716
-18.977247284708255, -74.57611870877186
-13.652574516400591, -74.72998167060334
-13.652574516400591, -78.00532024284817
-13.652574516400591, -81.6726866021053
-13.652574516400591, -82.38948448023183
-13.652574516400591, -87.66069825366881
-1.536597283994979, -87.90630196347342
-0.7195573328910996, -87.93402955022941
0.4159692900313985, -87.96468669993742
12.212780972889504, -88.39917614518534
12.212780972889504, -84.70621588908703
12.212780972889504, -84.20403438225529
12.212780972889504, -78.41032225511883
12.212780972889504, -72.91147577127565
12.212780972889504, -66.66968921244656
6.868156267654285, -66.5005243739119
-5.596703398347472, -66.10599415166998
-5.6990892837047795, -66.10281713707013
-6.159752714753722, -66.08852283819341
-5.828956200717585, -65.98215696721674
-5.596703398347472, -65.90747730596685
12.212780972889504, -60.185086844236714
12.212780972889504, -52.45139918010137
12.212780972889504, -44.96997177942986
4.6491988187956395, -47.400255016055404
-5.596703398347472, -50.69240467413092
-7.120861882665622, -51.18213896607446
-14.964074003816222, -53.70227711065436
-14.964074003816222, -30.872399165871144
-14.964074003816222, -28.096588272138213
-14.964074003816222, -23.731497691709045
-7.120861882665395, -26.504984747125263
-5.596703398347472, -27.043951915341857
12.212780972889504, -33.341753713425035
12.212780972889504, -28.54979396547106
12.212780972889504, -17.664102747272853
6.737469801185625, -15.727922045286846
-5.596703398347472, -11.366309093076232
12.212780972889504, -11.366309093076232
12.212780972889504, 7.7742719083929
12.212780972889504, 11.033745838564393
Holes:
Exterior:
53.70071332454552, 31.306781545711253
55.09976025226865, 30.857245041896167
55.09976025226865, 31.441375119586798
55.09975284391032, 32.4972338540459
55.099557934179415, 46.072573637477085
55.099548104332825, 48.17484824011801
54.09186142125657, 47.81851007726747
53.32897901856063, 47.54873455015346
52.05299790352831, 47.09752330820816
51.984778535246164, 47.07340343133783
40.32635055084211, 50.81934614434489
24.503316514709923, 55.90351062942683
24.503331475365712, 42.83263690785509
24.503331475365712, 40.68827442760439
29.441443574308778, 39.10160167352533
26.517781818121648, 38.067737186117604
24.503331475365712, 37.3553831639044
24.50343252303219, 29.256439906570783
24.50343252303219, 21.677762310050348
40.514440713135855, 27.339546894024227
52.05299790352831, 31.419743091675134
52.669898164152414, 31.637993885439393
53.70071332454552, 31.306781545711253
Holes:
Exterior:
53.70071332454552, -31.639344800223093
52.669898164152414, -31.970557139951232
52.05299790352831, -31.752306346186973
40.514440713135855, -27.672110148536067
34.2013767788917, -25.439714676576198
24.50343252303219, -22.010325564562184
24.503331475365712, -35.47841297008768
24.503331475365712, -37.68794641841624
29.441443574308778, -39.43416492803717
26.517781818121648, -40.373578230627594
24.503331475365712, -41.020848434627055
24.503316514709923, -48.97441927296232
24.503316514709923, -56.23599758999336
40.32635055084211, -51.15187256080686
51.984778535246164, -47.40589039190436
52.05299790352831, -47.430025462397914
53.32897901856063, -47.88123034078294
55.099548104332825, -48.50733891509342
55.099548104332825, -47.74406131967892
55.099557934179415, -46.40507082854811
55.09975284391032, -32.82979710855774
55.09976025226865, -31.189811225420726
53.70071332454552, -31.639344800223093
Holes:
Exterior:
-98.90740935331564, -63.32867717265163
-98.89692250980193, -69.75219450987034
-98.88685402586248, -75.93076927082106
-98.9379959901421, -85.22572695574466
-90.69758365856183, -85.42486165520852
-88.19298209414296, -85.48554102310672
-83.54941323056187, -85.59804066195332
-74.46839964248807, -85.85322692068162
-74.46839964248807, -77.4747411393463
-74.46833631660752, -66.93920951387379
-74.46833631660752, -64.03435530864492
-84.3684946759156, -63.74862927715215
-92.24470686810787, -63.521319874002536
-98.90740935331564, -63.32867717265163
Holes:
Exterior:
-98.90740935331564, 62.99611391813979
-84.3684946759156, 63.416020677969854
-76.9126996281932, 63.63098866875027
-74.46833631660752, 63.70174050804686
-74.46839964248807, 71.28956354004184
-74.46839964248807, 77.14217788483448
-74.46839964248807, 85.52061380491517
-83.54941323056187, 85.26540111349618
-88.19298209414296, 85.15290147464958
-98.9379959901421, 84.89308740728752
-98.93573922989208, 81.14652400690925
-98.88685402586248, 75.59816214092018
-98.89692250980193, 69.41960889127336
-98.90740935331564, 62.99611391813979
Holes:
Exterior:
104.32579480283164, -85.09406703776914
104.3268007656086, -82.33162489610488
104.33151639375114, -69.67212338323243
100.79338002021018, -69.53655096684703
96.02297157669864, -69.37291126541423
92.53307857830089, -69.25796611300426
78.55743662324153, -68.82246629161173
78.55743662324153, -72.17838743431531
78.55753769707667, -88.61166216967007
78.55753769707667, -90.34144573400296
92.53066456079762, -90.74565483995522
95.51710516612502, -90.84702319874906
97.30549826545086, -90.90768387552373
104.35773575960809, -91.16618076894292
104.32579480283164, -85.09406703776914
Holes:
Exterior:
100.79338002021018, 69.20394631955625
104.33151639375114, 69.33951525514951
104.3268007656086, 81.99901676244028
104.35773575960809, 90.83354122048578
98.45553756385334, 90.61811842636473
97.30549826545086, 90.5750652127843
95.51710516612502, 90.51438365029192
92.53066456079762, 90.41305022975752
78.55753769707667, 90.00888247949113
78.55753769707667, 88.27908862544233
78.55743662324153, 71.84584108584887
78.55743662324153, 68.48994963709526
92.53307857830089, 68.92536150852683
96.02297157669864, 69.04031282025265
97.98271762440822, 69.11071624207726
100.79338002021018, 69.20394631955625
Holes:
Exterior:
-96.17884841943896, 11.033745838564393
-98.9379959901421, 11.033745838564393
-98.90480093672568, 7.93469410885494
-98.92054142162465, -0.1663790230541149
-98.90480093672568, -8.267341804467566
-98.9379959901421, -11.366309093076232
-96.17884841943896, -11.366309093076232
-91.32447804955405, -11.366309093076232
-83.54941323056187, -11.366309093076232
-74.4553186996186, -11.366309093076232
-74.4553186996186, -3.610143696319771
-74.4553186996186, 11.033745838564393
-79.9891789539322, 11.033745838564393
-91.32447804955405, 11.033745838564393
-96.17884841943896, 11.033745838564393
Holes:
Exterior:
-82.08134158953021, 39.9719856051472
-74.45034008500829, 42.43111803193298
-74.45034008500829, 49.25090896381632
-74.45587389942057, 57.65758866601868
-80.05265481574565, 55.853990305247386
-84.52832381715325, 54.411720319962676
-84.51961883969011, 41.896421051489035
-84.52063277671937, 39.185914991702894
-82.08134158953021, 39.9719856051472
Holes:
Exterior:
-82.08134158953021, -34.71630340117374
-74.45034008500829, -32.47824183195041
-74.45034008500829, -25.832601573312616
-74.4557368314297, -17.640334395364555
-79.98950579747134, -19.263196910110356
-84.5284000599438, -20.594363799128175
-84.51967801489673, -32.84482241684204
-84.52063277671937, -35.43171710615333
-82.08134158953021, -34.71630340117374
Holes:
Exterior:
86.1584028663666, -43.8127164688239
78.520045548648, -41.111638501616255
78.520045548648, -42.383900442604094
78.53077055323467, -56.79314080885583
83.37174432384256, -58.505008468585224
88.94104234275824, -60.47440839637002
88.93277810918903, -50.072245082051644
88.93488844863828, -44.794517026159724
86.1584028663666, -43.8127164688239
Holes:
Exterior:
86.1584028663666, 36.092884977818706
78.520045548648, 38.54719479590702
78.520045548648, 37.31246467814388
78.530449407383, 23.328697694525204
83.29283154722361, 21.798531497233064
88.94123019599624, 19.983580564565372
88.9329248885249, 30.18128267553381
88.93488844863828, 35.20079233104636
86.1584028663666, 36.092884977818706
Holes:
Exterior:
78.520045548648, 40.77906905577758
79.33126826406635, 41.06592774415366
88.93488844863828, 44.461933815430896
88.93277810918903, 49.739681827539805
88.94104234275824, 60.1418773649111
83.37174432384256, 58.172445214073385
78.53077055323467, 56.46057755434399
78.53077055323467, 50.36653807318
78.520045548648, 40.77906905577758
Holes:
Exterior:
78.520045548648, -38.87975805041886
79.33126826406635, -38.61911014697794
88.93488844863828, -35.5333555855582
88.9329248885249, -30.513845930045658
88.94123019599624, -20.31614381907721
83.29283154722361, -22.131094751744904
78.530449407383, -23.661290604949606
78.530449407383, -29.575509935527364
78.520045548648, -38.87975805041886
Holes:
Exterior:
54.877761876746604, 67.6893288837025
55.09962780394142, 67.69669208040445
55.09962780394142, 67.74884998670026
55.099548104332825, 76.43389608364272
53.32897901856063, 76.37843345848158
44.81987701712228, 76.12609443869268
40.514440713135855, 75.99296052053208
37.36648379371741, 75.90244462664255
24.503393840563604, 75.52270727732407
24.503393840563604, 73.54437418468632
24.50343252303219, 66.72541360361724
40.514440713135855, 67.2275648767191
52.05299790352831, 67.59652637167605
54.702494665644394, 67.68363262189045
54.72921754840013, 67.68451284257043
54.877761876746604, 67.6893288837025
Holes:
Exterior:
54.877761876746604, -68.0218926914515
54.72921754840013, -68.01707609708225
54.702494665644394, -68.01619686668349
40.514440713135855, -67.56016450053113
34.140338015946554, -67.36297220670991
24.50343252303219, -67.05805315207438
24.50343252303219, -71.57398792051023
24.503393840563604, -75.85528779779062
40.514440713135855, -76.32560006898922
44.81987701712228, -76.45873398714981
53.32897901856063, -76.71092924911105
55.099548104332825, -76.76639047302699
55.09962780394142, -68.08141370272114
55.09962780394142, -68.02925533491627
54.976214045678375, -68.02519906282632
54.877761876746604, -68.0218926914515
Holes:
Exterior:
40.514440713135855, 11.033745838564393
34.2013767788917, 11.033745838564393
24.50343252303219, 11.033745838564393
24.50343252303219, 0.20540918133730915
24.50343252303219, -11.366309093076232
40.514440713135855, -11.366309093076232
44.81987701712228, -11.366309093076232
53.32897901856063, -11.366309093076232
55.099548104332825, -11.366309093076232
55.099548104332825, -10.27575121672696
55.099548104332825, 11.033745838564393
54.100659138269634, 11.033745838564393
53.32897901856063, 11.033745838564393
44.81987701712228, 11.033745838564393
40.514440713135855, 11.033745838564393
Holes:
Exterior:
-84.51967801489673, 32.51219616680495
-84.5284000599438, 20.261800544616335
-79.98950579747134, 18.930633655598516
-74.4557368314297, 17.307771140852715
-74.4557368314297, 27.00864403309971
-74.45034008500829, 32.1456364507825
-77.20193512768469, 32.95263686918058
-84.52063277671937, 35.099087569375136
-84.51967801489673, 32.51219616680495
Holes:
Exterior:
-84.51961883969011, -42.229047021871175
-84.52832381715325, -54.744283574474515
-80.05265481574565, -56.18658715420538
-74.45587389942057, -57.99017833987409
-74.45587389942057, -48.035207832433336
-74.45034008500829, -42.7637234131009
-77.20193512768469, -41.87702918979997
-84.52063277671937, -39.518544528481094
-84.51961883969011, -42.229047021871175
Holes:
Exterior:
-57.45983547437072, -11.366309093076232
-56.56325349181634, -11.366309093076232
-56.56325349181634, 8.976087539797389
-56.56325349181634, 11.033745838564393
-65.4080459372849, 11.033745838564393
-69.37851141540409, 11.033745838564393
-69.37851141540409, 5.427427530997201
-69.37851141540409, -11.366309093076232
-57.45983547437072, -11.366309093076232
Holes:
Exterior:
-69.37850701173238, 15.818708307598598
-57.471301454106424, 12.326408245044856
-56.56325349181634, 12.06010104914821
-56.56314399942903, 22.20725889492587
-56.56314399942903, 26.899627195491217
-65.4080459372849, 29.49368179897116
-69.37847754176391, 30.658143426869813
-69.37847754176391, 21.995367134222235
-69.37850701173238, 15.818708307598598
Holes:
Exterior:
-69.37851141540409, -73.1612373338165
-65.4080459372849, -73.26699840508236
-56.56314399942903, -73.51619779988067
-56.56312444802256, -65.20778581091666
-56.56312444802256, -64.55045124566979
-65.4080459372849, -64.28753938345073
-69.37849313692686, -64.17324316637904
-69.37849313692686, -70.79146443361593
-69.37851141540409, -73.1612373338165
Holes:
Exterior:
-69.37851141540409, -59.626386097301825
-57.269810966727846, -63.528475142431944
-56.56312444802256, -63.756201356925075
-56.56314399942903, -53.3432364656866
-56.56314399942903, -48.52797648102695
-65.4080459372849, -45.677634207940734
-69.37847754176391, -44.39814878936728
-69.37847754176391, -53.28793531200424
-69.37851141540409, -59.626386097301825
Holes:
Exterior:
-69.37851141540409, 59.29382284278999
-69.37851141540409, 47.876905280358336
-69.37847754176391, 44.06555377891876
-61.99001735317597, 46.44654551393171
-56.56314399942903, 48.19538910172435
-56.56312444802256, 62.3155300148757
-56.56312444802256, 63.42363810241324
-65.4080459372849, 60.573295163055136
-69.37851141540409, 59.29382284278999
Holes:
Exterior:
-69.37851141540409, 72.82867407930468
-69.37849313692686, 70.45888126898937
-69.37849313692686, 63.8406600017525
-57.30825436556211, 64.1965645227971
-56.56312444802256, 64.21788243948643
-56.56314399942903, 70.32705848277571
-56.56314399942903, 73.18353020705973
-65.4080459372849, 72.93443515057054
-69.37851141540409, 72.82867407930468
Holes:
Exterior:
-69.37850701173238, -16.151271562110438
-69.37850701173238, -27.238447815982028
-69.37847754176391, -30.99073843731833
-61.99001735317597, -28.82383326973043
-56.56314399942903, -27.232214574793808
-56.56325349181634, -13.755818598936226
-56.56325349181634, -12.39266430366005
-65.4080459372849, -14.986820170991429
-69.37850701173238, -16.151271562110438
Holes:
