Exterior:
177.83854059457775, -401.9434140584555
178.0125472201368, -402.0317195385725
178.17417573342283, -402.10139473980746
178.1924884068123, -402.1100760541506
178.25614931261384, -402.13749369720836
178.25947686027695, -402.13907052030515
178.50116653673797, -402.24327152296263
178.54807250958498, -402.26028295676804
178.5640598080122, -402.26667401934645
178.79641826769586, -402.3517283511869
178.80857161183462, -402.3565740075526
178.94888060070804, -402.4079042389622
178.95664014937478, -402.4105063440129
179.04410698245294, -402.44243761576655
179.06471979203752, -402.44934360954636
179.3659386578521, -402.54202475698247
179.39100118009617, -402.54977517408656
179.39230561047225, -402.55021126270475
179.61386776787992, -402.618460944731
179.63396060085427, -402.62401800680874
179.7879991786292, -402.6632881723735
179.7987347616891, -402.6662685604345
180.00584949034072, -402.7190241395386
180.21132049555501, -402.77129675235426
180.22858033130484, -402.7757203651687
180.2395966622106, -402.77818445608307
180.624477208298, -402.85739522991696
180.64507376939105, -402.8620142783931
180.6706077054763, -402.86730949240894
180.87319027444875, -402.90902908513584
180.87455128068189, -402.9092683843425
181.10728042771615, -402.94643647103294
181.12968395129377, -402.95036371631596
181.29678732587723, -402.97700395206215
181.30523887158, -402.9784853299209
181.53904444872217, -403.01587833039935
181.57180016215955, -403.02010542690607
181.9826444977612, -403.067374817695
182.06459736785928, -403.0768920606072
182.21619185660035, -403.0943328196494
182.22033625646588, -403.09469211240514
182.6442525427002, -403.1254522001753
182.67270575060064, -403.12787055535296
182.89479561726517, -403.14386870648156
183.01250308356913, -403.1475071088179
183.02921541270132, -403.1482091640142
183.35502783038334, -403.15803284271317
183.37081701121292, -403.1587080972951
183.56571046871267, -403.16467558042206
183.70505552495314, -403.1635118288413
183.72117288736052, -403.16351190520606
184.05583413982305, -403.1603095966956
184.07181284900128, -403.16030961496983
184.15556036023958, -403.1595814715209
184.17085908523478, -403.15892934724525
184.40856052619137, -403.147569319369
184.75426935226187, -403.13102820327543
184.77050596059837, -403.1303439924701
184.80082264552732, -403.1288864820682
184.82768004084892, -403.12659832970235
185.37033579822003, -403.0786441048473
185.45041260863042, -403.0715699305056
185.45712279332213, -403.0706947149066
185.46113904661877, -403.07035161581064
186.08177161325193, -402.98956103929794
186.10923248439445, -402.9848146137753
186.13868860395542, -402.9810141722871
186.3019146545783, -402.9525440611093
186.3092683827693, -402.95124923331764
186.7425128607386, -402.875802862392
186.76215608093236, -402.872368190041
186.76916760886462, -402.8709074380151
186.77050924626656, -402.8706697175093
186.79913987270317, -402.8643153580569
187.1976756931286, -402.77626177226387
187.21519423763067, -402.77233149325303
187.39192143541487, -402.73322889050337
187.42905910320457, -402.72314058717484
187.43849395706934, -402.7210300377578
187.64173547324543, -402.6659054229876
187.6505521832849, -402.6634655132082
187.999126585773, -402.5688974328025
188.03585753120734, -402.55682522258456
188.0524803089068, -402.5522217510704
188.07471604754426, -402.5449804417143
188.07566730430597, -402.5446560039812
188.46642654598304, -402.41667037103804
188.48296371301882, -402.41113928203464
188.5906938798003, -402.37593674027363
188.63007455099762, -402.36049223228554
188.63637046492346, -402.3583780658219
188.86375592154656, -402.26957598011995
188.87324664917378, -402.26578402058
189.1248648022114, -402.16765618334506
189.17306623843325, -402.14553433331724
189.18561894248796, -402.14052182849707
189.2461150339562, -402.1126174999546
189.2486011348375, -402.1114355372388
189.59222883431556, -401.95332340168693
189.60623883740453, -401.9466876582239
189.60785077303723, -401.94588170173193
189.61155861995888, -401.9441276068722
189.69435333741387, -401.8992133399359
189.92713965936946, -401.7732185759201
189.9364771642256, -401.7679801497452
190.0474619060309, -401.70787012930725
190.05642102420262, -401.7028437708387
190.15948912896727, -401.6370149623638
190.24395518176863, -401.5831970968291
190.24728456586115, -401.58097652244055
190.4476441390151, -401.4530752945553
190.52658044422992, -401.39350846205326
190.53787140482848, -401.38598115898446
190.57615928850402, -401.3570085408181
190.57782644774704, -401.35590102269185
190.79807208215993, -401.1895053941509
190.81568465880918, -401.1763692375733
190.8241350299469, -401.1696218787847
190.9418368174844, -401.06300170436396
190.94763309318455, -401.05836872849505
191.04098003931523, -400.97382744065703
191.04448072805627, -400.97042560660526
191.1491422938235, -400.8753787563017
191.15760550280652, -400.8671503728749
191.26109300994602, -400.75243235962046
191.26623130875902, -400.7467801810599
191.2664682170311, -400.74655771617114
191.42886768837622, -400.5663894504049
191.44913503277076, -400.53775165323134
191.45592967236098, -400.529496932939
191.52920924269023, -400.42647989911353
191.5324611462887, -400.42253398498895
191.61632131661605, -400.3047466748426
191.6192619623663, -400.30010400191765
191.66288366578038, -400.2387104963126
191.66787107606655, -400.2308323726125
191.74365795549141, -400.08865706725516
191.75482144373598, -400.06765186572653
191.75519184147765, -400.0668255869985
191.83833832375637, -399.9109613543761
191.86419619498344, -399.8393395433137
191.8681896521386, -399.83051188787454
191.89713140554449, -399.7502975677662
191.89851614674149, -399.74722443459126
191.95272977779013, -399.59707035815677
191.95434463423857, -399.5912370707169
191.96257238013078, -399.56824356797756
191.96453788722505, -399.56118308345435
191.99568544844124, -399.40030163808
192.00523584044691, -399.3512269032737
192.00541688178885, -399.34933162110747
192.02804466026447, -399.23251903899416
192.0345099489765, -399.11577824887564
192.0353691748204, -399.10677903003017
192.03845483988368, -399.05270667107527
192.0386526649291, -399.05063233891553
192.038822227453, -399.04886606666514
192.04117320056372, -399.0029486230952
192.04117320056372, -398.88671736102947
192.04117320056372, -398.88202121530685
192.04117320056372, -398.8708399839211
192.04117320056372, -398.86474589033674
192.04117320056372, -398.8499462770118
192.04117320056372, -398.8417120483447
192.04117320056372, -398.82120211232547
192.04117320056372, -398.69744249187
192.04117320056372, -398.68672934000887
192.04117320056372, -398.6590683588275
192.04117320056372, -398.64257898222274
192.04117320056372, -398.59759720530496
192.04117320056372, -398.5689948864061
192.04117320056372, -398.483200283539
192.04117320056372, -398.42182709132237
192.04117320056372, -398.19585567065235
192.04117320056372, -397.98032144006817
192.04117320056372, -397.78785636300415
192.04117320056372, -397.40283570805616
192.04117320056372, -388.05934423584864
192.04117320056372, -381.40292726079053
185.24362230246942, -381.40292726079053
182.78147602688375, -381.40292726079053
180.24217247688767, -381.40292726079053
179.55980384800932, -381.40292726079053
178.6110636262818, -381.40292726079053
178.29609842202228, -381.40292726079053
177.8020992698237, -381.40292726079053
177.6214168956156, -381.40292726079053
177.31881084567556, -381.40292726079053
177.20177528372062, -381.40292726079053
176.99748520417313, -381.40292726079053
176.91554638208322, -381.40292726079053
176.7683883886885, -381.40292726079053
176.70783473624158, -381.40292726079053
176.59679688477445, -381.40292726079053
176.55018534753629, -381.40292726079053
176.46343504987817, -381.40292726079053
176.42651655890444, -381.40292726079053
176.3568689711413, -381.40292726079053
176.32688161047201, -381.40292726079053
176.2697346437211, -381.40292726079053
176.24489504865903, -381.40292726079053
176.19716134168527, -381.40292726079053
176.17624917889077, -381.40292726079053
176.1357803596719, -381.40292726079053
176.11793287183713, -381.40292726079053
176.0831881451208, -381.40292726079053
176.0677777798985, -381.40292726079053
175.40115855212622, -381.40292726079053
175.40115855212622, -382.0102647077039
175.40115855212622, -398.37627015629835
175.40115855212633, -398.83632412255696
175.40115855212622, -398.8630255273921
175.40115855212622, -398.9952730154984
175.40115855212622, -399.0029486230952
175.40119203348974, -399.00556435461806
175.4050859219654, -399.05063233891553
175.4095567251734, -399.1031280244786
175.40989148490888, -399.10617433110303
175.42950574566413, -399.3358481458566
175.43092791255953, -399.34916218144076
175.43107213451987, -399.3502438497012
175.43137328833916, -399.3530755413486
175.443199583933, -399.4004526233898
175.48834433296298, -399.57994907344556
175.49122718574927, -399.59033153024075
175.51300677649613, -399.67636819753824
175.5389706066499, -399.7386824359828
175.54136644926842, -399.74730991703973
175.5738219507582, -399.8250583546753
175.57584909687205, -399.82953391022136
175.64826681968782, -400.0028597738734
175.67798749046568, -400.0535018316507
175.68383174894495, -400.066443223458
175.69638292702228, -400.08757815177387
175.69694883491474, -400.0888223069219
175.8143977561527, -400.28829626755453
175.82161290566762, -400.29970020826744
175.8445549798268, -400.33851422220084
175.84884473891094, -400.3452932269916
175.9085815422979, -400.4226329379565
175.98521231646157, -400.5222087603073
175.9898628354344, -400.52785639346456
176.08714125407994, -400.654144771842
176.16509491470072, -400.73491543276526
176.174890676066, -400.74680135452456
176.17950973854397, -400.75142037813725
176.179790008451, -400.7516882809867
176.37946523106234, -400.95858074148447
176.3914525028996, -400.9702314627181
176.3920300171431, -400.9708811705471
176.39702023635772, -400.9757359975098
176.49433304883934, -401.05839352311125
176.63052033281042, -401.17428905421264
176.6385836071275, -401.18073070342865
176.73347737587852, -401.2616144806816
176.74530534586756, -401.2710622755895
176.86475529999245, -401.3558467179804
176.90274917278407, -401.3828612229147
176.90497543095967, -401.3843440367403
177.1201339231617, -401.5372231947469
177.175927494451, -401.57061403681837
177.19139327702527, -401.5809125116585
177.27940824266904, -401.6335918116448
177.28399636971773, -401.63665996027987
177.49143902181197, -401.7608360029941
177.50338584767724, -401.76753610255787
177.56251485499007, -401.8028838145437
177.57509140881007, -401.80993770329536
177.7497354581888, -401.8984883821309
177.83375686009504, -401.9411497475568
177.83854059457775, -401.9434140584555
Holes:
Exterior:
-350.8716792869399, -189.7427123315841
-350.8860852869149, -182.30784332709268
-365.42189249929805, -187.7068448345867
-374.0786207104715, -190.92219590791603
-374.0786095663486, -193.9301566999734
-374.0786095663486, -206.86740422045503
-365.44091000837096, -203.65913675719207
-350.88769796429716, -198.25365629969764
-350.8716792869399, -189.7427123315841
Holes:
Exterior:
188.6576465812289, 416.36111425310145
188.64698995835323, 416.36527330145105
188.63735166974817, 416.36903427107194
188.4889466804483, 416.4187585639318
188.48727046036066, 416.41941130593904
188.4826834694503, 416.4209132979715
188.0947187276867, 416.55078362459926
188.07790713002044, 416.55628984909
188.05581802626523, 416.56371377503837
188.05485999531453, 416.5640257625186
187.66941788417859, 416.6707304221831
187.46717898263603, 416.7267327846843
187.46557382011196, 416.7272604277662
187.45032781198216, 416.73139975696904
187.44142935842626, 416.73381318616293
187.22615037515408, 416.7820418510719
187.22451534933077, 416.78248763336126
187.21673102368055, 416.78420995275656
186.81953039562507, 416.8732833040153
186.80179174173452, 416.87719913696424
186.8005161874267, 416.87748059984904
186.7704236671567, 416.8827028964726
186.77011104857428, 416.8827745374745
186.33005355847826, 416.95990055774246
186.3105230885625, 416.96329990370845
186.1476166357071, 416.9918738130604
186.14022152063006, 416.99316033098137
185.49126219246688, 417.07695879990547
185.48999936774942, 417.07717882454057
185.46141731553712, 417.0808977675613
185.3743466448406, 417.0883359133401
184.80130019066115, 417.137121743742
184.8009860316593, 417.1371627313316
184.79723624801574, 417.1374957129
184.77178963955663, 417.139742763447
184.77036705187982, 417.1398111580842
184.42464044760766, 417.15441700191366
184.4082829453393, 417.1551980293538
184.087154194297, 417.1687795538164
184.0758108668564, 417.1693217527804
184.07181284900122, 417.1693582611574
183.73741667095072, 417.1693586572533
183.72131145324266, 417.16950765993
183.38690124173843, 417.1695092170621
183.3801409146816, 417.1695710824601
183.37067855985902, 417.16928487472256
183.35484689298715, 417.16880581513
183.02990711203802, 417.15505570391315
183.02414306575423, 417.1548793848462
182.68311764816605, 417.1404839948033
182.67215285791957, 417.1396905141275
182.09686502795228, 417.09071934216337
182.07565796380226, 417.0891807749998
181.99270902009334, 417.0820991972541
181.9851027057067, 417.0812222155528
181.9809885277067, 417.0807480469391
181.96034054077268, 417.07836676535385
181.31426639095565, 416.9949218237287
181.30234557658378, 416.9930188661419
181.13672471680485, 416.96398706155804
181.12816904435306, 416.962623035095
180.69118334908455, 416.8860186850166
180.67915392934316, 416.88409763736854
180.65275630267007, 416.8794925926027
180.642269434573, 416.8773346749451
180.64094696836986, 416.8770604043655
180.2436250492321, 416.7879502148735
180.2235178685376, 416.7838120892543
180.01287901609902, 416.73666138640755
180.01197282224558, 416.7364310242854
180.00117955391556, 416.73368121820243
179.99028981943223, 416.7309072710067
179.78690093487126, 416.67455093447376
179.77876354269108, 416.672476382706
179.39971611127032, 416.5675363580448
179.3879167901634, 416.563903502044
179.36343474934722, 416.5556823137324
179.36209867881098, 416.55527105974016
178.97808567588942, 416.42672170521723
178.9618924975677, 416.42173929565433
178.81770999127548, 416.37342569158926
178.81299221889356, 416.3716994673569
178.80542152964603, 416.36893367422874
178.58035639600268, 416.2790514219054
178.5677556035593, 416.2744390381637
178.27331666704993, 416.15677332802403
178.2707574177674, 416.15584129722953
178.25756192804312, 416.1501521946335
178.1966541977299, 416.1212896022064
178.19317220385824, 416.11978403776345
177.85866805823332, 415.9612454952357
177.77193783223385, 415.9201209644172
177.76302342248692, 415.91628045516876
177.753419036264, 415.9114143828233
177.74877915692298, 415.90905850089143
177.73912922089255, 415.9041656211164
177.5122662079192, 415.7769639751885
177.508983784308, 415.77499775457653
177.29392648576788, 415.65431855563827
177.28235882368278, 415.64739204179017
177.2001319629972, 415.5925498714184
177.1952133954843, 415.58960804033995
176.91870519743463, 415.4053427694306
176.8791356194909, 415.37895119464497
176.87599878359418, 415.3770740590163
176.86389469184223, 415.3684714905471
176.86175615097778, 415.36695295574066
176.6522006684337, 415.19967597773706
176.6454481404262, 415.1948831867264
176.5029427945277, 415.0809666358397
176.49756260174564, 415.07638483995004
176.4898383276937, 415.0698113779636
176.48431601989518, 415.0651165631179
176.39652368360305, 414.9797795287788
176.39649085251335, 414.97974259404776
176.1857448118168, 414.77495222644603
176.17434597903576, 414.76314531409315
176.1694383468485, 414.75841807084873
176.16917451428577, 414.7581439300036
175.99772945586068, 414.55011355233717
175.99326260524725, 414.54548965004557
175.9876862081017, 414.5382523092597
175.9065897515057, 414.439731367809
175.9021889801832, 414.4340190168447
175.82759306258305, 414.3162444675034
175.82415666729833, 414.31179338261916
175.6987924361905, 414.11361327955507
175.6974694688081, 414.11137295411265
175.69069546477255, 414.0998699522336
175.68088563774847, 414.07823045446673
175.6801613968891, 414.0770067313105
175.578900741648, 413.8528114161716
175.5438543873259, 413.7753990136276
175.5421351137809, 413.7724676060696
175.5379449431481, 413.76244076184173
175.53606665555043, 413.75794327665375
175.49467209922375, 413.6089146856482
175.4449172299793, 413.42979598294846
175.4434119752682, 413.4261814433037
175.442149165532, 413.4211929059386
175.43953135486066, 413.4107864345943
175.43433935100995, 413.3619309035847
175.4336534250113, 413.3591809353375
175.4091361448003, 413.12965667232163
175.40336757090625, 413.077198917031
175.40335920118065, 413.077136144815
175.4022208930187, 413.06380910098295
175.4019614186376, 413.0607602655277
175.40173542268042, 413.0581424691669
175.40115855212622, 413.01296629389697
175.40115855212633, 412.88075486017675
175.40115855212622, 412.8730813451665
175.40115855212633, 412.413063433294
175.40115855212622, 412.3863641210454
175.40115855212633, 411.43648346953114
175.40115855212633, 395.41298307856493
180.24217247688767, 395.41298307856493
182.78147602688375, 395.41298307856493
185.24362230246942, 395.41298307856493
192.04117320056372, 395.41298307856493
192.04117320056372, 404.7565191042666
192.04117320056372, 411.4129678197759
192.04117320056372, 412.04561380153893
192.04117320056372, 412.28173541866767
192.04117320056372, 412.52929116481937
192.04117320056372, 412.59652659816686
192.04117320056372, 412.69051612509713
192.04117320056372, 412.7218504786879
192.04117320056372, 412.7711288224497
192.04117320056372, 412.78919323040384
192.04117320056372, 412.8194963316338
192.04117320056372, 412.8312327817334
192.04117320056372, 412.8517412508711
192.04117320056372, 412.85997489062186
192.04117320056372, 412.8747734454706
192.04117320056372, 412.88086710320226
192.04117320056372, 412.8920475349004
192.04117320056372, 413.01296629389697
192.04108277333376, 413.0147366895082
192.03667469775394, 413.06069098290095
192.03153199752506, 413.1146159919218
192.03141327956018, 413.116693565831
192.00907987579365, 413.35064439068935
192.0088309763808, 413.35514020383897
192.00795980025458, 413.35963891000506
192.00325802614213, 413.40889719453367
192.00289026076655, 413.4107869268745
192.00169072556292, 413.4169825872499
191.9507068010273, 413.60005578067546
191.95038948029492, 413.60093549985675
191.90851903067966, 413.75214729222233
191.9064255415954, 413.7579497197877
191.8705795806693, 413.8375005536399
191.86946070593598, 413.84060017277613
191.7661959859928, 414.06894265525256
191.76519346693163, 414.07172385187323
191.76196906592372, 414.07776528047543
191.75242120429243, 414.0990641796393
191.7519880864811, 414.09988196602256
191.74904716004914, 414.1053975710581
191.62081976380148, 414.3079112842089
191.61912081573735, 414.3103052568028
191.5436374013895, 414.4294413040979
191.54036384276822, 414.43403627813547
191.45710435994152, 414.5351360176767
191.4542365563048, 414.53916618177675
191.28070516259987, 414.7499515279193
191.27990822134376, 414.75107767365853
191.27351984326407, 414.75816344744004
191.26750059228186, 414.7637789112365
191.26729835766525, 414.76400570094455
191.26322428211154, 414.76852037305156
191.04890788958159, 414.97689318541626
191.04476264581956, 414.98065326210906
190.9564137142217, 415.06647054726517
190.9527065018458, 415.06983091127785
190.80685151216585, 415.1865213151483
190.80215724383737, 415.19077371467904
190.59032905081045, 415.3597684255067
190.5896225743744, 415.36029975149506
190.58078339126007, 415.36697327193497
190.53926974639637, 415.39466111528367
190.53773061155636, 415.3958257868508
190.2570526777791, 415.58294450872665
190.25385596710373, 415.5853599573135
190.24573688687587, 415.5905398969015
190.16362454351827, 415.64523272799266
190.16019247781298, 415.6474209647529
189.94044941296215, 415.77074223306914
189.93623553927227, 415.7734321749488
189.70807885775798, 415.9014332706259
189.70351316199606, 415.9039061071026
189.69393178462337, 415.9090950195268
189.60410401432205, 415.95170097835256
189.60068587333808, 415.95355073162534
189.2615827027841, 416.1141692513003
189.20199149767546, 416.142427899578
189.20192425691414, 416.1424599923169
189.18758423181646, 416.1490613052644
189.1850575371315, 416.15022523834324
188.88474927887052, 416.2702169520924
188.6596866610053, 416.3601763012203
188.6576465812289, 416.36111425310145
Holes:
Exterior:
-97.02522653797996, 296.72873794514015
-97.33390950710412, 296.67859847299815
-97.25538293297967, 285.5543361506642
-97.29151552052366, 273.91376938948724
-76.57360847733867, 277.2394489723821
-71.75675232267616, 278.0126699602986
-70.99315008475872, 278.13977661644117
-66.75094849459589, 278.83937151859385
-66.75090700336722, 301.6409792094336
-66.75090714448368, 301.67005164077943
-66.75090714448368, 301.68762780247675
-66.75090714448368, 301.70520575061147
-66.80860595754069, 301.6955953339287
-66.84940232209505, 301.68858239375345
-66.86797461937539, 301.68552877780786
-76.25628032405734, 300.14202520861284
-97.02522653797996, 296.72873794514015
Holes:
Exterior:
-97.33561464366045, -209.81571523209485
-97.33347572618891, -218.84631696477868
-80.00640370373316, -211.92485414067338
-72.21397112869431, -217.25542680214457
-66.75095719652717, -220.99250528614283
-66.75096459908013, -218.20262356930758
-66.75091551368047, -206.62981214227187
-66.7508893278553, -199.30127083541748
-66.75089444704253, -190.24655181268216
-69.4000544869146, -191.3047918003929
-70.43420062976861, -191.71788855450546
-75.10756947521753, -193.58470521489213
-93.86081454693516, -180.75613542359494
-97.01469894604384, -178.5986549398402
-97.33198743667504, -178.3816087760906
-97.33160527204575, -178.93605424882716
-97.32720179371836, -200.07632582862325
-95.1269481373269, -201.5814550928218
-96.67919621317031, -202.20151135013276
-97.3271945707665, -202.46036527483918
-97.33561464366045, -209.81571523209485
Holes:
Exterior:
-97.33561464366045, 223.82579207858086
-97.32784446170649, 217.31537721984523
-97.3271945707665, 216.47045334088654
-95.1269481373269, 215.5915490575688
-96.67919621317031, 214.5297049354921
-97.32720179371836, 214.0864178318144
-97.26091862304605, 200.09112964530493
-97.33160527204575, 192.9462215837028
-97.33198743667504, 192.391776108694
-93.86081454693516, 194.76628832699302
-75.10756947521753, 207.5947228856938
-70.43420062976861, 205.72791542181076
-66.75089444704253, 204.25657922595377
-66.75089444704253, 205.65131122128915
-66.7508893278553, 213.3113095893544
-66.75091551368047, 220.63986796004622
-66.75095719652717, 235.00257147652542
-70.95764972573505, 232.12489456787281
-72.21397112869431, 231.26547580108013
-80.00640370373316, 225.93490995844772
-97.33347572618891, 232.85637278255302
-97.33275634293767, 231.07196736544591
-97.33561464366045, 223.82579207858086
Holes:
Exterior:
-490.3550175679782, -131.28927044058295
-490.3311430900015, -140.1534668733434
-487.9284109969987, -139.34351449454414
-481.4145935773641, -137.14770004297154
-481.4145935773641, -131.63921791681258
-481.4352340142778, -121.71731632536878
-486.52025427277755, -123.43153671079932
-490.3400629812882, -124.71921097165477
-490.3550175679782, -131.28927044058295
Holes:
Exterior:
-486.52103549641, 192.14070326219962
-490.3400260928873, 189.9764454832789
-490.3590309717534, 181.71372828382815
-490.3311329639228, 170.63414079146543
-487.9284109969987, 171.9958286089616
-481.4145935773641, 175.6873707896579
-481.4145935773641, 182.5909208862669
-481.4404404527564, 195.019956623789
-486.52103549641, 192.14070326219962
Holes:
Exterior:
72.86985897970325, -193.01135327535295
82.33756123026208, -199.95120285410454
82.33753812591863, -192.7397019077863
82.33753859809303, -177.2368736406484
78.6207157808494, -174.5124110168873
69.36903927415608, -167.73097032809625
69.36903927415608, -171.39854392040388
69.36903662701954, -190.4452458903684
72.86985897970325, -193.01135327535295
Holes:
Exterior:
41.69258764948174, -292.36061116801943
51.24142312030335, -293.97771460092946
51.24142312030335, -287.5698538023234
51.24142312030338, -268.6127428393018
51.24130747790747, -268.6127813867671
51.2413870135627, -252.7226577163449
51.24142312030338, -245.50903040795245
51.24142312030335, -146.12844473507653
51.24142312030335, -135.6400070813982
43.531887596092986, -134.62025524457565
25.641179304079344, -132.25383363286088
25.641179304079344, -153.90629737684472
25.641179304079344, -169.72308717289994
25.641179304079373, -223.33856892002697
25.641179304079344, -262.5038488916499
25.641179304079344, -278.1832876017392
25.641179304079344, -289.6368750146968
28.730875573587355, -290.1604700051318
34.662881672186245, -291.1683661991047
41.69258764948174, -292.36061116801943
Holes:
Exterior:
106.82878130392925, -210.36587626976117
106.83253712562214, -217.90604668466554
118.81458472411418, -226.68890053683143
121.05499075743643, -228.33111818901898
121.0842486061373, -210.94912962794393
121.04842714672805, -205.61175484122967
116.87529374481238, -202.55288961957504
106.86062013331872, -195.21219423774764
106.82878130392925, -210.36587626976117
Holes:
Exterior:
-490.20128657858555, 89.0648390495987
-481.40225638527505, 89.90051955293026
-481.40225532615347, 95.67356653405628
-481.43413894309737, 112.63081025928598
-495.3242541569105, 111.38383629629577
-503.511992299027, 110.64877612527698
-503.51054230964024, 108.82619758607656
-503.5294308456101, 87.83908624448932
-490.20128657858555, 89.0648390495987
Holes:
Exterior:
140.60146968429905, -156.73444813252925
140.60713029673258, -149.7847687028987
140.60745008500896, -149.5875238476975
140.60851505345283, -148.09783032429547
121.63771895813488, -145.39568768779137
106.80153319923772, -143.27072224197272
106.80049080686342, -147.26487223309348
106.85465800447218, -166.5141627759594
116.88637647040639, -168.0432131195368
121.10493943150334, -168.68619645555293
121.10307079522443, -168.67567030798327
121.09906111016005, -168.6516731288341
121.0611943544688, -168.310422119671
121.04441495189212, -167.94266494892088
124.95368038691748, -168.5079833773584
125.38852080271454, -168.5692047801171
132.96648484454522, -169.66211786267237
133.4682077268062, -169.73444168134793
140.6113047673141, -170.82790287389312
140.60146968429905, -156.73444813252925
Holes:
Exterior:
78.15230732215912, -288.79752843378895
69.36906201511178, -287.3107822352494
69.36906201511178, -289.40632087445294
69.3690157434468, -297.0914300049825
72.37528699424072, -297.6138165234553
82.33757625956562, -299.32586736218224
82.33757625956562, -292.79851409945917
82.33753812591863, -289.5156604239169
78.15230732215912, -288.79752843378895
Holes:
Exterior:
78.15230732215912, 312.6084708945158
69.3690157434468, 311.1015153386877
69.3690157434468, 308.85368994005944
69.36906201511178, 301.32079990605115
72.05285633256184, 301.7814072786073
82.33753812591868, 303.52570413066127
82.33757625956562, 306.808595066794
82.33757625956562, 313.3359483295171
78.15230732215912, 312.6084708945158
Holes:
Exterior:
78.15230732215912, 288.15879230282076
69.36906201511178, 291.74651677267974
69.36906201511178, 288.2601695071589
69.3690157434468, 275.21806283171327
72.86990001022497, 273.7880204198827
82.33756123026208, 269.9206970351225
82.33753812591863, 275.16819257641635
82.33753812591863, 286.44917596250735
78.15230732215912, 288.15879230282076
Holes:
Exterior:
78.15230732215912, -257.6201725517424
69.3690157434468, -261.20798612905
69.3690157434468, -264.9476612278979
69.36906201511178, -277.7364830092124
72.05285633256184, -276.64018504848457
82.33753812591868, -272.4391080337029
82.33756123026208, -266.2244813623319
82.33756123026208, -255.91058414915474
78.15230732215912, -257.6201725517424
Holes:
Exterior:
78.15230732215912, 210.89342488255707
69.36903662701954, 204.45526356117009
69.36903662701954, 199.31603004723564
69.36903927415608, 181.7410384645324
78.62071578084934, 188.52248870097725
82.33753859809303, 191.24692945842276
82.33755926257936, 198.89903292562815
82.33756123026208, 213.96122052490622
78.15230732215912, 210.89342488255707
Holes:
Exterior:
140.60741016308185, 163.79398809384938
140.6017120451516, 170.86404934624312
140.6113047673141, 184.83799683864012
133.4682077268062, 183.74454954040885
132.96648484454522, 183.67219695365725
132.3372311514829, 183.5857321760148
124.95368038691748, 182.51803919513276
122.13328250588506, 182.12094939947065
121.04441495189212, 181.95272076669522
121.0436851263774, 182.11099862790857
121.04759765092291, 182.68750591479835
117.73180413919732, 182.18211631175464
114.13755205168655, 181.63426113579587
106.85465800447218, 180.52421859373374
106.85330006302257, 166.70393771702592
106.80153319923772, 157.28080888588983
136.66572735977115, 161.5451968265577
140.6088037567854, 162.1085765674715
140.60773229860803, 163.59691062641258
140.60741016308185, 163.79398809384938
Holes:
Exterior:
-393.4532267530704, -125.59774100683131
-392.7211386547262, -126.0575541723957
-379.69805438369673, -134.23706552807627
-379.69804462880944, -131.8448576659655
-379.69804462880944, -113.68550331150247
-381.4304220861629, -112.59743199739813
-390.15273549084253, -107.119098525439
-379.69804462880944, -108.22467990836954
-379.6980493333362, -104.67041686909948
-379.69806361454965, -89.89921090367486
-379.69806361454965, -85.75815273589448
-385.44141859211044, -85.18277649615366
-393.4532238517614, -84.38559072438787
-393.453181312224, -95.59242890801707
-393.453181312224, -115.31402781637068
-393.4532267530704, -125.59774100683131
Holes:
Exterior:
-393.4532267530704, 138.71234319118307
-393.453181312224, 129.32406451651843
-393.453181312224, 109.6024656081648
-393.4532238517614, 98.39568813714011
-392.68692196540934, 98.47586414478398
-385.44141859211044, 99.19287046090066
-379.69806361454965, 99.76824670064148
-379.69806361454965, 103.90928372280888
-379.69804462880944, 122.23466831272697
-381.4304220861629, 122.05147169998567
-390.15273549084253, 121.12907804926803
-379.69804462880944, 127.6954961561241
-379.69805438369673, 130.79793338211297
-379.69805438369673, 148.24712134585062
-381.4304220861629, 147.15904557198934
-393.4532267530704, 139.6078333094157
-393.4532267530704, 138.71234319118307
Holes:
Exterior:
-393.4532267530704, 212.12832534562202
-392.7211386547262, 211.85641154752125
-379.69805438369673, 207.0194434164253
-379.6980462821952, 208.97584002049106
-379.6980462821952, 222.96465517509233
-381.4304220861629, 223.6080869825188
-393.4532003998193, 228.07356495724972
-393.4532003998193, 227.92226844243945
-393.4532267530704, 212.12832534562202
Holes:
Exterior:
-393.4532267530704, -198.81308002004616
-393.4532003998192, -214.0634717164216
-393.32648580421557, -214.01640719278328
-379.6980462821952, -208.95459467689068
-379.69805438369673, -206.54754620659855
-379.69805438369673, -193.00938759865096
-381.4304220861629, -193.65283028062672
-393.4532267530704, -198.1183060126577
-393.4532267530704, -198.81308002004616
Holes:
Exterior:
-393.4532267530704, 236.93038970008791
-393.4532003998193, 228.4346589584491
-393.3333503878028, 228.45281587180847
-379.69803922477917, 230.4712551293754
-379.6980579288667, 232.6481297099304
-379.6980579288667, 239.34758141027334
-392.17201815309414, 237.50847206718262
-393.4532189469016, 237.31785872483988
-393.4532267530704, 236.93038970008791
Holes:
Exterior:
-393.4532189469016, -223.30776732009394
-392.17201815309414, -223.49838520875826
-382.53867890578687, -224.94467621895146
-379.6980579288667, -225.33756373947165
-379.6980579288667, -218.6381120391287
-379.69803922477917, -216.4612330040802
-381.4304220861629, -216.19927274966545
-393.4532003998193, -214.42456535566154
-393.45319881054587, -214.55701956822756
-393.4532189469016, -223.30776732009394
Holes:
Exterior:
-490.3400629812882, 138.7292505554361
-487.47061909712744, 137.76196332365024
-481.4352340142778, 135.7274079589755
-481.4352340142778, 142.97434766170204
-481.4145935773641, 151.15785668965103
-485.49104154176865, 152.53199603810296
-490.3311430900015, 154.16360945748673
-490.31839697382753, 148.55543734505164
-490.3400629812882, 138.7292505554361
Holes:
Exterior:
-503.53579098334416, -82.21147939951193
-503.511992299027, -96.63871724720244
-502.55317136776904, -96.72479718711834
-481.43413894309737, -98.62069372489732
-481.40225532615347, -81.66348236456477
-481.40225638527505, -75.89045007590873
-490.20164630628284, -75.05510490394894
-503.5295091670717, -73.82906210908337
-503.53579098334416, -82.21147939951193
Holes:
Exterior:
116.86764359460051, 216.55730492944522
121.08899093174142, 219.6515349520806
121.08908833356747, 219.67703117213506
121.09089588441992, 220.0583188274653
121.09811202286062, 221.38218330477739
121.10518063619116, 222.35530578182383
121.09323525467613, 224.96083612297022
121.05499075743643, 242.34113585982067
110.47515285356513, 234.58610077320688
106.83253712562208, 231.91606435546723
106.86706802251553, 218.97499808225444
106.86062013331872, 209.22222912467436
116.86764359460051, 216.55730492944522
Holes:
Exterior:
-490.3400260928873, -175.9663458965517
-487.4715246985966, -177.59193016544194
-481.4404404527564, -181.00982684523925
-481.4404404527564, -171.92809111145448
-481.4145935773641, -161.67722775499126
-485.4979578514979, -159.36310210560924
-490.3311329639228, -156.62401212711626
-490.31493028199515, -163.66118042772996
-490.3400260928873, -175.9663458965517
Holes:
Exterior:
-495.7318240531043, -222.0865779952269
-481.41076159982896, -224.03984425744852
-481.4027120840297, -208.03129758149404
-481.4083014442302, -201.76908384388776
-503.3717100409653, -198.63600200709482
-503.4566976065984, -198.6240657034898
-503.4813266063648, -198.6205522079878
-503.5067548956153, -198.6169246245335
-503.5070983158948, -198.71405898107218
-503.639017062551, -221.02144437405937
-495.7318240531043, -222.0865779952269
Holes:
Exterior:
-495.7318240531043, 236.09666084549133
-503.639017062551, 235.03152685349113
-503.587645653115, 220.502511553242
-503.5067548956153, 212.62694246126932
-503.4813266063648, 212.63057017235778
-503.3717100409653, 212.6460199108862
-491.651938406499, 214.33611803890574
-481.40829540317173, 215.7791796693521
-481.4121010218424, 236.42277339596362
-481.41076159982896, 238.0499052844779
-495.7318240531043, 236.09666084549133
Holes:
Exterior:
-456.7949567682712, -194.97682970128244
-453.42838961856324, -196.88467219934978
-453.4284237656448, -184.51155507883456
-453.4284237656448, -177.5377560542428
-461.739848936506, -172.8274141377788
-466.93184009577254, -169.88497853414796
-466.93184009577254, -180.47248735654466
-466.93188389709377, -189.23207372889976
-456.7949567682712, -194.97682970128244
Holes:
Exterior:
116.73760874473425, -295.32650216408746
111.5055951890389, -294.4448024668889
109.76320427585034, -294.15363424472895
108.77708495882086, -293.9866295017442
106.83932022303861, -293.65842487331025
106.83932022303861, -295.2987023061872
106.82939285291366, -299.3297551145913
106.84477353124936, -317.0753903971464
111.55459393321428, -317.8902171008584
140.74413872509587, -323.0206558293966
140.62927622623658, -301.58689069213045
140.62941492808977, -299.4171826790126
116.73760874473425, -295.32650216408746
Holes:
Exterior:
-22.92016437279986, -250.9759153419221
-16.726412128508542, -255.2128611473759
-16.72643096559341, -244.25404842612355
-16.72643096559341, -233.52147414340268
-22.561203591518705, -229.53007165891603
-29.672781859923532, -224.66526319627755
-29.67277449769125, -233.1522514473285
-29.672717659586795, -246.35660577108564
-22.92016437279986, -250.9759153419221
Holes:
Exterior:
-22.92016437279986, 264.9859678660955
-29.672717659586795, 260.3666990232985
-29.672723891216663, 250.3267409906384
-29.672781859923532, 238.6753190140519
-24.273056897511623, 242.36913195566848
-16.72643096559341, 247.53154923364073
-16.726412128508542, 259.6430667386871
-16.726412128508542, 269.22292586956974
-22.92016437279986, 264.9859678660955
Holes:
Exterior:
-22.92016437279986, -271.9891764248512
-29.672717659586795, -270.89766669299837
-29.672723891216663, -275.3728112187069
-29.672747733591848, -280.41304094434304
-23.078882386115453, -281.5149180718573
-16.72643096559341, -282.5588964044826
-16.726412128508542, -277.1679643307462
-16.726412128508542, -273.00551548783557
-22.92016437279986, -271.9891764248512
Holes:
Exterior:
-71.75675232267616, -264.00262736343154
-76.57360847733867, -263.22943130158035
-92.06850747847875, -260.77213052601655
-97.29151552052366, -259.90373024764125
-97.33527050100389, -281.8512060389706
-97.33348969775227, -282.6690369604987
-96.97738412693394, -282.726883142305
-75.33648396477355, -286.28323020356123
-66.86797426382492, -287.67547628000546
-66.84949552970187, -287.6785142437142
-66.75090714448368, -287.69514983359056
-66.75090714448368, -287.67757208394886
-66.75090714448368, -287.65999592225154
-66.75095411002138, -265.7822026108454
-66.75094849459583, -264.82934190256765
-69.14190742819159, -264.43792669433134
-70.99315008475872, -264.12974836293154
-71.75675232267616, -264.00262736343154
Holes:
Exterior:
108.77708495882086, 307.99665246121293
109.76320427585034, 308.16365662538476
110.55484943029023, 308.29775261132863
111.5055951890389, 308.4548361104088
140.62941492808977, 313.4272801596009
140.74488412220597, 330.6104671421338
140.76631464847077, 331.7747505239431
140.74413872509587, 337.03069466624237
121.222314281183, 333.57281428422334
111.55459393321428, 331.9002454914421
106.84477353124936, 331.0854266135439
106.85620294427878, 328.82147444764956
106.83932022303861, 309.30872640309894
106.83932022303861, 307.668448970222
108.77708495882086, 307.99665246121293
Holes:
Exterior:
-350.8860852869149, 196.31790884039944
-350.9049334994542, 206.3184661146075
-350.88769796429716, 212.26375026444464
-358.13552882975335, 214.9557664946765
-374.0786095663486, 220.87746723440483
-374.0786207104715, 217.1766127248216
-374.0786207104715, 204.93225172569038
-365.42189249929805, 201.71691482898845
-350.8860852869149, 196.31790884039944
Holes:
Exterior:
-350.8860820372557, -152.33346817919687
-350.90822667734625, -139.42696874028456
-350.8844440950191, -131.78282509801704
-357.04176008183646, -127.91549284739236
-374.0786142354496, -117.21496727336016
-374.0786207104715, -121.98498526979327
-374.0786207104715, -137.76655273448884
-365.41953210097, -143.2051849349457
-350.8860820372557, -152.33346817919687
Holes:
Exterior:
-350.8860820372557, 166.34351429365023
-365.41953210097, 157.21522657220336
-374.0786207104715, 151.77660855226318
-374.0786142354496, 148.09858264556192
-374.0786142354496, 131.2249672779512
-365.42937316249385, 136.65742890919083
-350.8844440950191, 145.7928809157914
-350.86704179921816, 155.92894815585328
-350.8860820372557, 166.34351429365023
Holes:
Exterior:
-365.4326370494228, 232.5887696947447
-353.5323038407541, 234.31889991119124
-350.84230402984457, 234.71593645993693
-350.89725447367647, 248.40369036781652
-350.93748282200687, 251.45046586084996
-350.92349092421586, 252.94132503103137
-350.88558690995006, 256.98255637904833
-367.9765786671415, 254.40205667375483
-374.07861404293914, 253.50267691929957
-374.07861404293914, 250.70548853482163
-374.07861404293914, 247.9086681298719
-374.07861404293914, 244.1860912273814
-374.0786170461899, 231.3067382022492
-365.4326370494228, 232.5887696947447
Holes:
Exterior:
-410.31103563656, 234.86664419604236
-414.60020372944774, 234.2442689804129
-422.3589602271, 233.11594676997558
-422.3589602271, 174.91054082495268
-422.3589602271, 164.6409328129475
-422.35869862560816, 131.25000395258834
-422.3589602271, 131.25008570305454
-422.3589602271, 115.94018539899577
-422.3589602271, 95.53013243159225
-414.16123397182747, 96.33960836869251
-396.75872303967066, 98.05805601557662
-396.75872303967066, 134.96061220356407
-396.75872303967066, 137.5317040868657
-396.75872303967066, 208.4172871871063
-396.75872303967066, 213.35606016596725
-396.75872303967066, 235.29906902629156
-396.75872303967066, 236.82788995667818
-397.1117670084688, 236.77696541988672
-402.78678109658216, 235.9595569813542
-410.31103563656, 234.86664419604236
Holes:
Exterior:
-410.31103563656, -220.856611860519
-402.78678109658216, -221.9495195230226
-397.1117670084688, -222.76687145513972
-396.75872303967066, -222.81779350725148
-396.75872303967066, -200.87485597151309
-396.75872303967066, -199.34604249516556
-396.75872303967066, -128.46038807033904
-396.75872303967066, -123.52161012211869
-396.75872303967066, -86.61905393413124
-396.75872303967066, -84.04796205082963
-399.31539848900894, -83.79550376019695
-422.3589602271, -81.52003846684525
-422.3589602271, -96.82993877090401
-422.3589602271, -117.24001353518695
-422.35869862560816, -117.239948134814
-422.35889869421675, -142.77678035706776
-422.3589602271, -150.6308606450799
-422.3589602271, -208.83624479322336
-422.3589602271, -219.1058691553218
-410.31103563656, -220.856611860519
Holes:
Exterior:
28.730875573587383, 304.1705007357707
25.641179304079344, 303.6468926854985
25.641179304079344, 287.96749806360765
25.641179304079344, 276.51394285639697
25.641179304079344, 237.34863067902705
25.641179304079344, 183.73310484370162
25.641179304079344, 162.0806851879162
25.641179304079344, 146.26392759760787
34.96674782766243, 147.49743546926624
51.24142312030338, 149.65012955625156
51.24142312030338, 249.03068671902113
51.24142312030335, 259.5191050989668
51.24130747790747, 282.62287535151415
51.24142312030335, 282.62283680404886
51.24142312030335, 289.03069760265487
51.24142312030338, 307.9878085656765
47.347045068685105, 307.3272527962381
34.662881672186245, 305.1784220168791
28.730875573587383, 304.1705007357707
Holes:
Exterior:
-365.43838890102455, -109.7326116316625
-350.85486895697426, -111.27475193934438
-350.84524609353133, -106.85686743037522
-350.87567232329087, -97.9079838918449
-350.92349152752075, -88.76599596882483
-370.51891535111196, -86.71582741249146
-374.07863008006603, -86.33347361119972
-374.07863008006603, -97.72939338360638
-374.0786221374755, -103.35797513470273
-374.0786087789766, -108.81893917216844
-369.77182195480276, -109.27437143613989
-365.43838890102455, -109.7326116316625
Holes:
Exterior:
-365.43838890102455, 123.74264785758963
-374.0786087789766, 122.82892195523185
-374.07860801751184, 119.52809187368756
-374.0786221374755, 117.36796387823688
-374.07863008006603, 111.73942915701693
-374.07863008006603, 100.34356757594672
-365.4176242411717, 101.24734445970135
-350.92349152752075, 102.77600218786378
-350.84524609353133, 120.86696976346029
-350.85486895697426, 125.28488405106404
-365.43838890102455, 123.74264785758963
Holes:
Exterior:
-457.3827864051148, -100.77991902640508
-453.4283869230248, -101.13490620501152
-453.42834441281997, -81.37393590754397
-453.4283449458406, -78.55936930396479
-462.5042077886083, -77.68545345114005
-466.93187594200054, -77.27393115071827
-466.93187904292375, -89.33710584326164
-466.93188389709377, -99.92269059501672
-457.3827864051148, -100.77991902640508
Holes:
Exterior:
-367.995183646283, -240.3889540500219
-350.88515508918675, -242.97209313138683
-350.92327157029007, -238.9309879163581
-350.937352668359, -237.44024401462045
-350.8971479360359, -234.3935088192179
-350.84230402984457, -220.70591522572983
-353.5323038407541, -220.30888224038955
-374.0786170461899, -217.2967205314475
-374.0786116027628, -223.51507888234974
-374.07861404293914, -230.17600711299153
-374.07861404293914, -233.89858401548202
-374.07861404293914, -236.6953884213218
-374.07861404293914, -239.49257680579976
-367.995183646283, -240.3889540500219
Holes:
Exterior:
-461.739848936506, -204.57882727683423
-466.9318709243534, -203.85714714587786
-466.93187867025773, -211.6031473556094
-466.93188496261513, -212.77403325647677
-458.38951957776186, -213.9956599999268
-453.42838777367143, -214.71355096447496
-453.42838096763313, -212.99598535045737
-453.42838961856324, -208.24425871934213
-453.42838961856324, -205.76349995098857
-461.739848936506, -204.57882727683423
Holes:
Exterior:
-461.739848936506, -115.07805375667344
-466.93190176056424, -116.82827783914671
-466.93190176056424, -126.55802915124988
-466.93184009577254, -132.26554917125947
-459.2000356227705, -129.6591483034804
-453.4284237656448, -127.71353189474505
-453.4283869230248, -117.23665447241734
-453.4283869230248, -112.27625096815065
-461.739848936506, -115.07805375667344
Holes:
Exterior:
-461.739848936506, 206.18457564165786
-466.93188389709377, 203.24221703210688
-466.93188389709377, 190.73082230083781
-466.93184009577254, 183.895107041025
-459.2000356227705, 188.27695655014492
-453.4284237656448, 191.5478775192817
-453.42838961856324, 205.57029217393904
-453.42838961856324, 210.89483195969774
-461.739848936506, 206.18457564165786
Holes:
Exterior:
-461.739848936506, 114.39882189300768
-466.93188389709377, 113.93273293504846
-466.9318789525292, 97.07245478934085
-466.93187594200054, 91.28399858389942
-455.62202872331846, 92.36507917675881
-453.4283449458406, 92.56939847390419
-453.4283849098113, 106.59772481357108
-453.4283869230248, 115.14497565456871
-461.739848936506, 114.39882189300768
Holes:
Exterior:
-461.739848936506, 144.52547046996952
-466.93184009577254, 146.27569855404414
-466.93184009577254, 137.82767800205337
-466.93190176056424, 130.83838174330734
-457.5845276996186, 127.68735398071462
-453.4283869230248, 126.28635719049254
-453.4284237656448, 136.15923054525888
-453.4284237656448, 141.72365335978395
-461.739848936506, 144.52547046996952
Holes:
Exterior:
-26.67380052581882, 139.59039264491037
-16.72645296958254, 140.84298205363152
-16.72647106697923, 148.28072568751475
-16.726456297287086, 163.488870471603
-22.561203591518705, 162.77106573452065
-29.672723891216663, 161.89617189295961
-29.672674902847064, 146.2271623838932
-29.67268159954432, 139.20391033172604
-26.67380052581882, 139.59039264491037
Holes:
Exterior:
211.23663362232583, 98.11298765620162
226.63328187680634, 98.11298765620162
226.63328187680634, 102.91744083083537
226.63328187680634, 114.11297239741256
221.85234250114308, 114.11297239741256
208.15817897873, 114.11297239741256
208.15817897873, 111.87450233763036
208.15817897873, 98.11298765620162
211.23663362232583, 98.11298765620162
Holes:
Exterior:
211.23663362232583, -199.202838759814
226.63328187680634, -199.202838759814
226.63328187680634, -194.39838558518025
226.63328187680634, -183.20285401860306
221.85234250114308, -183.20285401860306
208.15817897873, -183.20285401860306
208.15817897873, -185.44132407838526
208.15817897873, -199.202838759814
211.23663362232583, -199.202838759814
Holes:
Exterior:
211.23663362232583, -298.3028753809077
226.63328187680634, -298.3028753809077
226.63328187680634, -293.498422206274
226.63328187680634, -282.3028906396968
221.85234250114308, -282.3028906396968
208.15817897873, -282.3028906396968
208.15817897873, -284.541360699479
208.15817897873, -298.3028753809077
211.23663362232583, -298.3028753809077
Holes:
Exterior:
211.23663362232583, 345.86296476801806
226.63328187680634, 345.86296476801806
226.63328187680634, 350.66742939737173
226.63328187680634, 361.86298765620165
221.85234250114308, 361.86298765620165
208.15817897873, 361.86298765620165
208.15817897873, 359.62451225948587
208.15817897873, 345.86296476801806
211.23663362232583, 345.86296476801806
Holes:
Exterior:
211.23663362232583, -50.55286012211868
226.63328187680634, -50.55286012211868
226.63328187680634, -45.74840694748494
226.63328187680634, -34.55287538090774
221.85234250114308, -34.55287538090774
208.15817897873, -34.55287538090774
208.15817897873, -36.791345440689945
208.15817897873, -50.55286012211868
211.23663362232583, -50.55286012211868
Holes:
Exterior:
211.23663362232583, 246.7630044408696
226.63328187680634, 246.7630044408696
226.63328187680634, 251.56745761550334
226.63328187680634, 262.76298918208056
221.85234250114308, 262.76298918208056
208.15817897873, 262.76298918208056
208.15817897873, 260.52451912229833
208.15817897873, 246.7630044408696
211.23663362232583, 246.7630044408696
Holes:
Exterior:
211.23663362232583, 147.6630059667485
226.63328187680634, 147.6630059667485
226.63328187680634, 152.46744768666233
226.63328187680634, 163.66295256098678
221.85234250114308, 163.66295256098678
208.15817897873, 163.66295256098678
208.15817897873, 161.4244878381382
208.15817897873, 147.6630059667485
211.23663362232583, 147.6630059667485
Holes:
Exterior:
211.23663362232583, -149.65282044926713
226.63328187680634, -149.65282044926713
226.63328187680634, -144.84841309351305
226.63328187680634, -133.6529882959468
221.85234250114308, -133.6529882959468
208.15817897873, -133.6529882959468
208.15817897873, -135.89143700799463
208.15817897873, -149.65282044926713
211.23663362232583, -149.65282044926713
Holes:
Exterior:
211.23663362232583, -248.7529333643062
226.63328187680634, -248.7529333643062
226.63328187680634, -243.94848018967244
226.63328187680634, -232.75294862309525
221.85234250114308, -232.75294862309525
208.15817897873, -232.75294862309525
208.15817897873, -234.99141868287745
208.15817897873, -248.7529333643062
211.23663362232583, -248.7529333643062
Holes:
Exterior:
211.23663362232583, 48.56296934565476
226.63328187680634, 48.56296934565476
226.63328187680634, 53.3674225202885
226.63328187680634, 64.56295408686569
221.85234250114308, 64.56295408686569
208.15817897873, 64.56295408686569
208.15817897873, 62.32448402708349
208.15817897873, 48.56296934565476
211.23663362232583, 48.56296934565476
Holes:
Exterior:
211.23663362232583, -347.8529699853999
226.63328187680634, -347.8529699853999
226.63328187680634, -343.0484709918865
226.63328187680634, -331.85283265629835
221.85234250114308, -331.85283265629835
208.15817897873, -331.85283265629835
208.15817897873, -334.09132406381497
208.15817897873, -347.8529699853999
211.23663362232583, -347.8529699853999
Holes:
Exterior:
211.23663362232583, 411.4129678197759
208.15817897873, 411.4129678197759
208.15817897873, 397.65145313834716
208.15817897873, 395.41298307856493
211.23663362232583, 395.41298307856493
226.63328187680634, 395.41298307856493
226.63328187680634, 400.2174362531987
226.63328187680634, 411.4129678197759
211.23663362232583, 411.4129678197759
Holes:
Exterior:
211.23663362232583, -1.0029181055171197
226.63328187680634, -1.0029181055171197
226.63328187680634, 3.8063231420417765
226.63328187680634, 15.01301207026413
221.85234250114308, 15.01301207026413
208.15817897873, 15.01301207026413
208.15817897873, 12.772311172237192
208.15817897873, -1.0029181055171197
211.23663362232583, -1.0029181055171197
Holes:
Exterior:
211.23663362232583, 296.3129464574712
226.63328187680634, 296.3129464574712
226.63328187680634, 301.11741108682486
226.63328187680634, 312.3129693456548
221.85234250114308, 312.3129693456548
208.15817897873, 312.3129693456548
208.15817897873, 310.074493948939
208.15817897873, 296.3129464574712
211.23663362232583, 296.3129464574712
Holes:
Exterior:
211.23663362232583, -100.10295472661088
226.63328187680634, -100.10295472661088
226.63328187680634, -95.29850155197713
226.63328187680634, -84.10296998539994
221.85234250114308, -84.10296998539994
208.15817897873, -84.10296998539994
208.15817897873, -86.34144004518214
208.15817897873, -100.10295472661088
211.23663362232583, -100.10295472661088
Holes:
Exterior:
211.23663362232583, 197.21294798335006
226.63328187680634, 197.21294798335006
226.63328187680634, 202.0174126127037
226.63328187680634, 213.21297087153366
221.85234250114308, 213.21297087153366
208.15817897873, 213.21297087153366
208.15817897873, 210.97449547481784
208.15817897873, 197.21294798335006
211.23663362232583, 197.21294798335006
Holes:
Exterior:
-456.87714241732607, 228.2219841597829
-458.38951957776186, 228.00569168584605
-465.1117243613392, 227.03299379904809
-466.93188496261513, 226.7840832003333
-466.93188876487324, 221.6753404676415
-466.9318709243534, 217.8672746766925
-457.0187682530869, 219.27496307135476
-453.42838961856324, 219.7736492129922
-453.42838096763313, 227.00603238356746
-453.42838777367143, 228.72357391201305
-456.87714241732607, 228.2219841597829
Holes:
Exterior:
106.83253712562208, -245.90490047216232
106.85791097537015, -255.49783012693027
106.85791097537015, -262.4229580598899
117.1231641119831, -258.229882775633
121.0826071886749, -256.612495198065
121.05452930463423, -242.2638531738176
121.05499118999097, -240.0953302836001
110.47513551320787, -244.41698330201834
106.83253712562208, -245.90490047216232
Holes:
Exterior:
106.83253712562208, 265.07541062602587
106.83253712562214, 259.9149657831532
118.81458472411418, 255.020527485644
121.05499118999097, 254.10535776836838
121.0835972285605, 266.75584170084517
121.0826071886749, 270.6225510158394
117.1231641119831, 272.2399385934074
106.85791097537015, 276.43303604190044
106.83253712562208, 265.07541062602587
Holes:
Exterior:
-16.726456297287086, -170.26375837455535
-22.561203591518705, -172.59449561497223
-29.672723891216663, -175.43532357042739
-29.672723891216663, -183.0184152457018
-29.672781859923532, -191.81863518446085
-24.273056897511623, -189.66169761571678
-16.72643096559341, -186.64714212885187
-16.726456297287086, -178.11221000143914
-16.726456297287086, -170.26375837455535
Holes:
Exterior:
-16.726456297287086, -149.47877490850786
-16.726435162160556, -134.53616736302288
-16.72645296958254, -126.83290602148537
-23.093623342504202, -126.0135202211136
-29.67268159954432, -125.1938450728918
-29.67269468025205, -127.73012708046554
-29.672723891216663, -147.88610125281122
-22.77012225490884, -148.7352702465292
-16.726456297287086, -149.47877490850786
Holes:
Exterior:
-16.726456297287086, 184.273890486275
-16.72643096559341, 192.55099231366958
-16.72643096559341, 200.6571786741625
-22.561203591518705, 202.98794763388145
-29.672781859923532, 205.82871885330107
-29.672781859923532, 199.8479809665724
-29.672723891216663, 189.44539421057578
-22.77012225490884, 186.68809231595085
-16.726456297287086, 184.273890486275
Holes:
Exterior:
-16.72643096559341, 291.9056268947669
-16.72643096559341, 296.56891407528434
-22.561203591518705, 295.59195130395966
-29.672747733591848, 294.42310021386965
-29.67274039161248, 289.7657058494136
-29.672717659586795, 284.9077599452113
-22.28797581309047, 286.11694861638966
-16.726412128508542, 287.0155970574109
-16.72643096559341, 291.9056268947669
Holes:
Exterior:
-97.28712673411945, 153.57805248133903
-97.27957388666317, 148.68204457404096
-97.20077499340931, 130.96442508406201
-77.53178128025871, 133.32357159627145
-66.7509165501462, 134.60247901559143
-66.75098692589489, 142.4829574000897
-66.75094449905919, 157.33475663781007
-86.74749610965165, 154.8747308330019
-97.28712673411945, 153.57805248133903
Holes:
Exterior:
-97.28712673411945, -139.56799666356468
-92.46254755082191, -140.1615092416784
-66.75094449905919, -143.32464259691204
-66.75088571630016, -124.74293065622129
-66.7509165501462, -120.59238377811103
-80.1114740377862, -118.97929214699994
-97.20077499340931, -116.95431584787475
-97.21889991810144, -126.8218951302288
-97.28712673411945, -139.56799666356468
Holes:
Exterior:
221.85234250114308, -381.40292726079053
208.15817897873, -381.40292726079053
208.15817897873, -395.16437632214115
208.15817897873, -397.40283570805616
221.85234250114308, -397.40283570805616
226.63328187680634, -397.40283570805616
226.63328187680634, -392.59840544286226
226.63328187680634, -381.40292726079053
221.85234250114308, -381.40292726079053
Holes:
Exterior:
78.62071578084934, 176.22090407113174
69.36903927415608, 174.8107872161629
69.36901919650188, 160.7471109298549
69.36900967461207, 152.098281819504
74.32618719792549, 152.7822014936028
82.33752954355748, 153.87749958175954
82.33755976484989, 160.30315001771862
82.33753859809303, 176.78741266593013
78.62071578084934, 176.22090407113174
Holes:
Exterior:
73.00452968848606, -138.5815648991891
69.36900967461207, -138.08819147407976
69.36901919650188, -146.73700813803256
69.36903927415608, -160.8007375577195
71.42101026429717, -161.1134694423643
82.33753859809303, -162.77732460936497
82.33755842475202, -155.8108388710245
82.33755976484989, -146.29306694588573
82.33752954355748, -139.86741867436325
73.00452968848606, -138.5815648991891
Holes:
