Exterior:
-90.89755827804396, -1.3356690373485178
-90.89503163048983, -1.108434166204166
-90.89755827804396, -0.8812020038808606
-90.92147372895045, 5.291559730280209
-98.66223957668325, 5.291559730280209
-109.80069156256002, 5.291559730280209
-110.78701543270398, 5.291559730280209
-112.18975093276339, 5.291559730280209
-112.18975093276339, -4.565996022746482
-112.18975093276339, -7.508504356633853
-110.78701543270398, -7.508504356633853
-109.80069156256002, -7.508504356633853
-98.66223957668325, -7.508504356633853
-98.15959647639323, -7.508504356633853
-90.92147372895045, -7.508504356633853
-90.89755827804396, -1.3356690373485178
Holes:
Exterior:
-134.69415574334073, 237.92905255301403
-137.38881419421455, 237.17943049630267
-151.0951709326772, 233.36635831426457
-151.0951709326772, 236.0575606173023
-151.0951709326772, 239.23019651006535
-151.0951709326772, 244.05096746012114
-151.0951709326772, 245.09395841192082
-137.38881419421455, 245.09395841192082
-115.45325245761433, 245.09395841192082
-115.45325245761433, 256.1418633132289
-115.45325245761433, 257.89398435186223
-134.87679875795823, 257.89398435186223
-137.38881419421455, 257.89398435186223
-141.5449149272372, 257.89398435186223
-151.0951709326772, 257.89398435186223
-151.0951709326772, 262.6320074518869
-151.0951709326772, 268.21762326787785
-151.0951709326772, 276.704958790766
-151.0951709326772, 278.5412240369208
-141.5449149272372, 273.7660960342008
-137.38881419421455, 271.68804566768944
-115.45325245761433, 260.7202647993894
-115.45325245761433, 276.34431928007785
-115.45321003844026, 278.822143923133
-118.0363286232996, 280.1136878092969
-120.19322391119283, 281.19213346074895
-115.45321003844026, 281.19213346074895
-115.45321003844026, 287.03021789568226
-115.45321003844026, 293.992197547663
-118.0363286232996, 293.992197547663
-120.19322391119283, 293.992197547663
-115.45321003844026, 296.36218708527895
-115.45321003844026, 304.6184382251922
-115.45325245761433, 314.4640662090226
-134.87679875795823, 304.7522930588506
-137.38881419421455, 303.49626842088196
-141.5449149272372, 301.4182231848778
-151.0951709326772, 296.64310697149114
-151.0951709326772, 301.3811300715158
-151.0951709326772, 306.96674588750676
-151.0951709326772, 315.4540814103949
-151.0951709326772, 317.29034665654973
-141.5449149272372, 317.29034665654973
-137.38881419421455, 317.29034665654973
-115.45325245761433, 317.29034665654973
-115.45325245761433, 319.04246769518306
-115.45325245761433, 330.09037259649114
-134.87679875795823, 330.09037259649114
-137.38881419421455, 330.09037259649114
-141.5449149272372, 330.09037259649114
-151.0951709326772, 330.09037259649114
-151.0951709326772, 334.8283606814908
-151.0951709326772, 340.41393521856145
-151.0951709326772, 348.90130210319666
-151.0951709326772, 350.7375741345771
-141.5449149272372, 345.96244613185706
-137.38881419421455, 343.8843957653457
-115.45325245761433, 332.9166478223013
-115.45325245761433, 348.5407023029897
-115.45321003844026, 351.0185321677619
-118.0363286232996, 352.3100760539258
-120.19322391119283, 353.38852170537785
-115.45321003844026, 353.38852170537785
-115.45321003844026, 359.2265887415508
-115.45321003844026, 366.18854764531926
-118.0363286232996, 366.18854764531926
-120.19322391119283, 366.18854764531926
-115.45321003844026, 368.55855458169555
-115.45321003844026, 376.8148057216088
-115.45325245761433, 386.6604544536515
-134.87679875795823, 376.94868130347953
-137.38881419421455, 375.69267358535143
-151.0951709326772, 368.83949521612004
-151.0951709326772, 377.7667294693292
-151.0951709326772, 381.22658017705754
-144.49196780576926, 383.06357929452815
-121.40355105963033, 389.48673490117864
-121.26140992625824, 389.48673490117864
-115.45331749675523, 389.48673490117864
-115.45331749675523, 396.77589915146325
-115.45325245761433, 400.62416528056565
-115.45325245761433, 402.1279623444318
-129.94282180752168, 398.09701157762527
-137.38881419421455, 396.02556086739645
-151.0951709326772, 392.2124886853583
-151.0951709326772, 398.9351283903633
-151.0951709326772, 406.86039212774114
-158.37624316021368, 404.83482692847116
-163.89515872564596, 403.29948667119817
-165.21433755276053, 403.30957605840615
-165.21433755276053, 403.29948667119817
-176.94592257197496, 403.29948667119817
-179.12850018342886, 403.29948667119817
-179.12850018342886, 403.3185467039847
-179.12850018342886, 403.6014401264199
-179.12850018342886, 403.8858628485258
-186.29017825689596, 404.40258267949895
-193.90869702754753, 405.2433184592112
-193.90869702754753, 404.26437100667096
-193.90869702754753, 403.5357765819401
-193.90869702754753, 403.31440186215883
-193.90869702754753, 403.29948667119817
-201.52903819563232, 403.29948667119817
-207.822815609886, 403.29948667119817
-207.822815609886, 403.3104998964896
-207.822815609886, 403.4739607378033
-207.822815609886, 404.01194744992915
-207.822815609886, 405.50417266912376
-207.822815609886, 405.67708392746795
-207.822815609886, 405.8485045961012
-207.822815609886, 407.0806938135642
-217.7614306983022, 408.56937650274114
-222.60296840567491, 409.4962676464641
-222.60296840567491, 408.3938535668635
-222.60296840567491, 408.22733520170704
-222.60296840567491, 408.0534451592204
-222.60296840567491, 407.8760988065358
-222.60296840567491, 405.18117107960137
-222.60296840567491, 404.67443866643964
-222.60296840567491, 403.7438126977476
-222.60296840567491, 403.40829738901573
-222.60296840567491, 403.30635506701634
-222.60296840567491, 403.29948667119817
-226.11211967989038, 403.29948667119817
-236.51713103634324, 403.29948667119817
-236.51713103634324, 403.3024530889946
-236.51713103634324, 403.3464813491866
-236.51713103634324, 403.49138834190126
-236.51713103634324, 403.8933199585984
-236.51713103634324, 404.71431447052635
-236.51713103634324, 405.5282315602901
-236.51713103634324, 406.5707028872612
-236.51713103634324, 407.2443379440906
-236.51713103634324, 407.8894157574679
-236.51713103634324, 408.49301208698205
-236.51713103634324, 412.16007301041867
-238.7801074561147, 412.59330991338567
-251.29728383213205, 415.5201640961199
-251.29728383213205, 412.6865527148722
-251.29728383213205, 412.07486122551563
-251.29728383213205, 411.2862904783989
-251.29728383213205, 410.3239793780839
-252.49310489263814, 411.16142514776067
-252.62344085339487, 411.23836583068675
-253.8605975684194, 411.96869138311223
-254.16940885173335, 412.1231127732155
-255.3566455420522, 412.71679166387395
-255.88953515252172, 412.94243187553667
-256.97125430670064, 413.40046170781926
-257.77261474824695, 413.68654774050685
-258.69320865240377, 414.01520017217473
-259.80452528111505, 414.3463001314844
-260.51083560552877, 414.55673459600285
-261.9686329773199, 414.9130798634913
-262.4116229590444, 415.021364722956
-264.2460716693911, 415.3792444583936
-264.38282962408346, 415.40592435430364
-265.2114024144705, 415.5292797300349
-265.2114024144705, 415.86956016880697
-265.2114024144705, 416.22035089209726
-265.2114024144705, 417.29961873008347
-265.2114024144705, 417.68759241603664
-265.2114024144705, 418.0420793119445
-265.2114024144705, 418.35501169744055
-265.2114024144705, 419.1338807469186
-272.4628161963491, 421.16108182500676
-279.9915992585893, 423.6652552935742
-279.9915992585893, 423.65114626193446
-279.9915992585893, 423.6292310528184
-280.27162987186773, 423.7262933690476
-280.4606995369493, 423.79582475450525
-280.60935301019833, 423.8486187781028
-281.1171594816625, 424.0122555997855
-281.1834352568601, 424.03043354789077
-281.22853274908346, 424.04281561624964
-281.6527194399141, 424.14425938723036
-282.0245837744741, 424.233295181242
-282.12941187389833, 424.25487770841306
-282.2818071229847, 424.286283244693
-282.61297082206556, 424.3381633401577
-282.8444385108022, 424.3745313293409
-283.10299019501986, 424.4068872652456
-283.4756835215883, 424.45369675597857
-283.59897117029186, 424.4632707180121
-283.6859607275991, 424.47007322531937
-284.09975840957225, 424.48959424215843
-284.5473193701772, 424.51091980751625
-284.6060226183072, 424.5119652477072
-284.6880414127895, 424.5134713043042
-285.1154275122767, 424.5010857403961
-285.42653079595846, 424.49225310601224
-285.6290138525718, 424.4806310888884
-285.90747843580914, 424.464853063172
-286.1453673086926, 424.44021620129297
-286.3214587744741, 424.4220549835353
-286.6636811390665, 424.3771304356596
-287.12540869102895, 424.3168935633753
-287.1848897739933, 424.3063478048023
-287.2298144873647, 424.2984055345761
-287.70539953429557, 424.20111537073126
-288.1494617041616, 424.1105681342189
-288.2283820852821, 424.0923411626262
-288.33085228976506, 424.0687444469573
-288.7495031693552, 423.95237884263696
-289.07811160650533, 423.8612757279085
-289.27131314009694, 423.80247557682134
-289.5158890661269, 423.72821998152625
-289.79129642112366, 423.631172546257
-290.01332278814596, 423.55311122682485
-290.30942464199336, 423.44088086381953
-290.6734560801615, 423.30325203941084
-290.82616967552417, 423.23784994876655
-290.95311160650533, 423.1835793326737
-291.3383338898685, 423.0081497369597
-291.7966381920087, 422.7998558801649
-291.8496152455234, 422.77301565462164
-291.8951892432241, 422.74996008822995
-292.3534266974491, 422.50507814047023
-292.8371142920522, 422.24701048440676
-292.85659476063097, 422.23606246286005
-292.8786579347534, 422.22368475873407
-293.3503605888112, 421.9328641051117
-293.7769031104116, 421.67019020560946
-293.84251927072035, 421.62786862615303
-293.91394177593156, 421.5818625240328
-294.32483043668117, 421.2930004338882
-294.7121142920522, 421.0210395193237
-294.8040812438155, 420.95368498736195
-294.8999076502736, 420.88357609592293
-295.27283169746045, 420.5871921172461
-295.64076419439596, 420.29498312382896
-295.8335567509164, 420.13584055485217
-296.56041141119283, 419.4864524770512
-296.71269254587105, 419.34540594346544
-297.46876712408346, 418.5886086861389
-297.5362056006974, 418.5187204401495
-297.93647838850313, 418.0705166825933
-298.30248421695387, 417.66069342129873
-298.3636951025991, 417.5865165294573
-299.010737521769, 416.77614371429786
-299.24290652838033, 416.46088360898324
-299.66328295967423, 415.87125239011374
-300.10426517095846, 415.1986667826366
-300.26188370873047, 414.9504276910321
-300.5479513703318, 414.458493962398
-300.805441115421, 414.0158149125349
-300.94578738775533, 413.7507039343302
-301.29494656104146, 413.070190495618
-301.460885958008, 412.7125991968085
-301.7363195883677, 412.1179328270757
-301.7459464041417, 412.09475730298834
-301.76548953619283, 412.04760939378434
-302.0075204819176, 411.4461594573074
-302.12331661712255, 411.1577708875539
-302.25620461502865, 410.7842304562163
-302.4655926498119, 410.1941310409253
-302.49210536770215, 410.10840041201874
-302.5616931494741, 409.88277357692397
-302.7581842376052, 409.22598047994234
-302.8983272663951, 408.67513549343295
-303.0049413172969, 408.25473043777305
-303.0739560591654, 407.92494912306756
-303.2082460503186, 407.2809564512688
-303.2297832437272, 407.14943098947833
-303.33226199713033, 406.52155588712833
-303.36082130137083, 406.34120274966494
-303.3666552878947, 406.3042033800585
-303.4594062457144, 405.48977644914817
-303.47820410991903, 405.3241319044587
-303.52823981621066, 404.5975805113205
-303.5458387453532, 404.3408628583084
-303.5627041291715, 403.59500926047673
-303.5666311511652, 403.29948667119817
-303.57022971540835, 37.75056691677334
-303.56591531551817, -405.5706656641196
-303.55732375568266, -406.11197321755196
-303.5458387453532, -406.5577636290669
-303.4926267892607, -407.3307685075944
-303.47820410991903, -407.5410772183104
-303.37263912968433, -408.46829086211363
-303.3666552878947, -408.5209989496602
-303.33226199713033, -408.7383734293346
-303.2082460503186, -409.49785065184324
-303.1632750234405, -409.7128881176859
-303.0049413172969, -410.4716321911291
-302.84989198582844, -411.081572830954
-302.7581842376052, -411.44288695932335
-302.7051008061038, -411.6206876382984
-302.5616931494741, -412.09970595370913
-302.4655926498119, -412.4110802715574
-302.39235753247203, -412.61708640151386
-302.12331661712255, -413.3746773669349
-301.76548953619283, -414.2645865874333
-301.7363195883677, -414.3349101704043
-301.70190701016134, -414.4091188369079
-301.29494656104146, -415.2871351219717
-301.1661132990308, -415.5384429395196
-300.94578738775533, -415.96764856068387
-300.8581497599698, -416.13327023677914
-300.805441115421, -416.23275317686347
-300.53174298341446, -416.7035808963814
-300.26188370873047, -417.16729602344043
-300.1976285916693, -417.26855745647595
-300.10426517095846, -417.4155556515712
-299.84597089279896, -417.8097279617435
-299.66328295967423, -418.088157956927
-299.48412053301547, -418.33949854430045
-299.24290652838033, -418.6778015883699
-299.1111812309193, -418.85674204708204
-299.010737521769, -418.9930883406515
-298.7237750176687, -419.3525835707942
-298.3636951025991, -419.8033912957736
-298.33000773801155, -419.84421300579777
-298.30248421695387, -419.8775617537071
-297.91932497557946, -420.3066666248779
-297.5362056006974, -420.7356240449151
-297.5043824570271, -420.768599284901
-297.46876712408346, -420.80551836013717
-297.07377190008515, -421.20089629764146
-296.71269254587105, -421.56228706615894
-296.6387281701059, -421.6307627496263
-296.56041141119283, -421.70333427170016
-296.19043045828766, -422.03384693783687
-295.8335567509164, -422.35278518120583
-295.73745228945995, -422.43207688882563
-295.64076419439596, -422.5119117381291
-294.8999076502736, -423.10047486115025
-294.7121142920522, -423.2379312480264
-293.91394177593156, -423.79879038109306
-293.7769031104116, -423.8871348319631
-292.8786579347534, -424.44055646373886
-292.8371142920522, -424.4638788168151
-292.5524640825158, -424.61590522698083
-291.8951892432241, -424.9669047145836
-291.7966381920087, -425.01680050651856
-290.95311160650533, -425.4004665051995
-290.6734560801615, -425.520143074817
-290.01332278814596, -425.77003401948605
-289.5158890661269, -425.94514675107376
-289.07811160650533, -426.0781920642178
-288.33085228976506, -426.28564347519693
-288.1494617041616, -426.3274688525905
-287.5631954863911, -426.4472138023761
-287.2298144873647, -426.5152804510987
-287.12540869102895, -426.53376189578364
-286.3214587744741, -426.63887296362134
-285.90747843580914, -426.6816803940765
-285.42653079595846, -426.7091514668789
-284.6880414127895, -426.73035184792764
-284.5473193701772, -426.7277881399246
-284.2022724346406, -426.7114880512996
-283.6859607275991, -426.6870360307084
-283.4756835215883, -426.6706699972466
-282.8444385108022, -426.5914759556946
-282.2818071229847, -426.50317551376133
-282.0245837744741, -426.4501468554949
-281.47129027295136, -426.3177800459228
-281.22853274908346, -426.25969135041055
-281.1171594816625, -426.22913495924996
-280.60935301019833, -426.0654955473929
-280.46025987331916, -426.0129564266848
-279.9915992585893, -425.8477782916824
-279.9915992585893, -425.86861113173745
-279.9915992585893, -425.882054716421
-275.141171272694, -424.267405203381
-272.4628161963491, -423.3779501574151
-268.79493418457673, -422.35255916577887
-265.2114024144705, -421.35074907932693
-265.2114024144705, -420.2589476443529
-265.2114024144705, -419.904460748445
-265.2114024144705, -419.51652554503426
-265.2114024144705, -418.0864947140915
-265.2114024144705, -417.74622435638855
-264.48822421791147, -417.63855980453246
-264.38282962408346, -417.6228689806573
-262.75904700213005, -417.30605633997664
-262.4116229590444, -417.238271202337
-261.07579489020816, -416.911740218183
-260.51083560552877, -416.77364107538386
-259.44631291797396, -416.4564379793903
-258.69320865240377, -416.2320303576104
-257.87871738318483, -415.941274657296
-256.97125430670064, -415.6173300402276
-256.381299814366, -415.36755485470013
-255.3566455420522, -414.9337362902276
-254.96255506689022, -414.73668100393235
-253.8605975684194, -414.18567415643855
-253.63121647104072, -414.0502389771505
-252.49310489263814, -413.37825533319636
-252.3960186753203, -413.310267870433
-251.29728383213205, -412.5408466662518
-251.29728383213205, -413.5031273169319
-251.29728383213205, -414.29183103074104
-251.29728383213205, -414.90348799956723
-251.29728383213205, -415.3655845596964
-251.29728383213205, -417.7370448410687
-245.74734865337564, -416.4393313888129
-238.7801074561147, -414.8102163927667
-237.45143915966912, -414.5558462677579
-236.51713103634324, -414.3769753827048
-236.51713103634324, -410.1062840898762
-236.51713103634324, -409.46120627649896
-236.51713103634324, -408.7876435314539
-236.51713103634324, -408.1006196697934
-236.51713103634324, -406.9312712831136
-236.51713103634324, -406.1101587427119
-236.51713103634324, -405.70822516362944
-236.51713103634324, -405.5633340524364
-236.51713103634324, -405.5192933300838
-236.51713103634324, -405.51631685663386
-234.39282443647767, -405.51631685663386
-222.60296840567491, -405.51631685663386
-222.60296840567491, -405.5232085351497
-222.60296840567491, -405.62517971183416
-222.60296840567491, -405.96065824874773
-222.60296840567491, -406.89128876111494
-222.60296840567491, -407.3980940235497
-222.60296840567491, -407.90045782351507
-222.60296840567491, -410.2703321579662
-222.60296840567491, -410.4442035341154
-222.60296840567491, -410.6107218992719
-222.60296840567491, -410.7665382292427
-222.60296840567491, -411.71314476581983
-220.60405760401318, -411.3304584385699
-217.7614306983022, -410.7862448351495
-212.3601558219974, -409.9772000802909
-207.822815609886, -409.29756214597256
-207.822815609886, -407.89397089485965
-207.822815609886, -407.72103477830797
-207.822815609886, -406.22880227349395
-207.822815609886, -405.6908745236542
-207.822815609886, -405.5273674148924
-207.822815609886, -405.51631685663386
-199.93607144867815, -405.51631685663386
-193.90869702754753, -405.51631685663386
-193.90869702754753, -405.53128260756387
-193.90869702754753, -405.75271998726595
-193.90869702754753, -406.48123455948
-193.90869702754753, -407.46018679161955
-189.9793632662852, -407.0265681863533
-186.29017825689596, -406.6194510119073
-183.2543946197992, -406.4004491518221
-179.12850018342886, -406.10280654480664
-179.12850018342886, -405.81841499487194
-179.12850018342886, -405.535441499701
-179.12850018342886, -405.51631685663386
-165.4792584982929, -405.51631685663386
-165.21433755276053, -405.51631685663386
-165.21433755276053, -405.52644044515444
-164.11419763396475, -405.5179977961185
-163.89515872564596, -405.51631685663386
-158.37624316021368, -407.0516735615726
-156.13158929785664, -407.676133986266
-151.0951709326772, -409.0772604601495
-151.0951709326772, -404.66023132229475
-151.0951709326772, -401.75334688593074
-151.0951709326772, -395.7321423434781
-151.0951709326772, -394.429433311712
-141.5449149272372, -397.0862774761928
-137.38881419421455, -398.24248857390955
-115.45325245761433, -404.3448740455299
-115.45331749675523, -398.99278704658343
-115.45331749675523, -391.703603233587
-120.2728417911004, -391.703603233587
-121.26140992625824, -391.703603233587
-121.40355105963033, -391.703603233587
-130.34271663284596, -389.2167550908145
-151.0951709326772, -383.44348665643855
-151.0951709326772, -380.6009669226342
-151.0951709326772, -377.2499441759698
-151.0951709326772, -372.15805092253936
-151.0951709326772, -371.05640169550105
-137.38881419421455, -377.90958006473244
-115.45325245761433, -388.87732800777684
-115.45325245761433, -373.253306452344
-115.45321003844026, -370.77548180928886
-118.0363286232996, -369.48392995314674
-120.19322391119283, -368.4054922716729
-115.45321003844026, -368.4054922716729
-115.45321003844026, -362.5674078367396
-115.45321003844026, -355.60542818475886
-118.0363286232996, -355.60542818475886
-120.19322391119283, -355.60542818475886
-115.45321003844026, -353.2354038496223
-115.45321003844026, -344.9791701084693
-115.45325245761433, -335.13351615470964
-134.87679875795823, -344.84527136181754
-137.38881419421455, -346.10126409775404
-141.5449149272372, -348.1793144642654
-151.0951709326772, -352.9544424669854
-151.0951709326772, -348.2164543819858
-151.0951709326772, -342.6308798449151
-151.0951709326772, -334.1435129602799
-151.0951709326772, -332.3072409288995
-141.5449149272372, -332.3072409288995
-137.38881419421455, -332.3072409288995
-115.45325245761433, -332.3072409288995
-115.45325245761433, -330.55512511198316
-115.45325245761433, -319.50725313593074
-134.87679875795823, -319.50725313593074
-137.38881419421455, -319.50725313593074
-141.5449149272372, -319.50725313593074
-151.0951709326772, -319.50725313593074
-151.0951709326772, -314.76923003590605
-151.0951709326772, -309.1836142199151
-151.0951709326772, -300.6962473352799
-151.0951709326772, -298.8599753038995
-141.5449149272372, -303.6351033066195
-137.38881419421455, -305.7131536731309
-115.45325245761433, -316.6809674666866
-115.45325245761433, -301.05688006074246
-115.45321003844026, -298.5790969141119
-118.0363286232996, -297.2875838404796
-120.19322391119283, -296.2091421740167
-115.45321003844026, -296.2091421740167
-115.45321003844026, -290.3710229415627
-115.45321003844026, -283.4090017931573
-118.0363286232996, -283.4090017931573
-120.19322391119283, -283.4090017931573
-115.45321003844026, -281.03904705306206
-115.45321003844026, -272.78277851438844
-115.45325245761433, -262.9371765004874
-134.87679875795823, -272.64896759372346
-137.38881419421455, -273.9049902940431
-141.5449149272372, -275.9830406605545
-151.0951709326772, -280.7581686632745
-151.0951709326772, -276.0201455632498
-151.0951709326772, -270.43452974725886
-151.0951709326772, -261.94716286262366
-151.0951709326772, -260.11089083124324
-141.5449149272372, -260.11089083124324
-137.38881419421455, -260.11089083124324
-115.45325245761433, -260.11089083124324
-115.45325245761433, -249.06301885519082
-115.45325245761433, -247.3109030382745
-134.69415574334073, -247.3109030382745
-137.38881419421455, -247.3109030382745
-151.0951709326772, -247.3109030382745
-151.0951709326772, -244.6197182427493
-151.0951709326772, -241.44710298944636
-151.0951709326772, -236.6262379541494
-151.0951709326772, -235.58322664667293
-137.38881419421455, -239.3962819088705
-115.45325245761433, -245.49866738049082
-115.45326672361057, -227.2437443227629
-115.45326672361057, -211.21265169550105
-117.94857082394418, -211.21265169550105
-120.02354617681783, -211.21265169550105
-115.45326672361057, -208.92752902306984
-115.45326672361057, -200.83481257918672
-115.45325245761433, -190.82564438315057
-134.87679875795823, -200.5373637041303
-137.38881419421455, -201.79332647568376
-141.5449149272372, -203.8713768421951
-151.0951709326772, -208.6465048449151
-151.0951709326772, -203.9085167599155
-151.0951709326772, -198.3229422228448
-151.0951709326772, -189.83563806170372
-151.0951709326772, -187.9993796007745
-141.5449149272372, -187.9993796007745
-137.38881419421455, -187.9993796007745
-115.45325245761433, -187.9993796007745
-115.45325245761433, -186.2472533404241
-115.45325245761433, -175.19931551386043
-134.87679875795823, -175.19931551386043
-137.38881419421455, -175.19931551386043
-141.5449149272372, -175.19931551386043
-151.0951709326772, -175.19931551386043
-151.0951709326772, -170.46129241383574
-151.0951709326772, -164.8756765978448
-151.0951709326772, -156.38837243670372
-151.0951709326772, -154.5521139757745
-141.5449149272372, -159.3272419784945
-137.38881419421455, -161.40529234500585
-115.45325245761433, -172.3730402880503
-115.45325245761433, -156.7489528821062
-115.45321003844026, -154.27115929204163
-118.0363286232996, -152.9796541883875
-120.19322391119283, -151.90120455194636
-115.45321003844026, -151.90120455194636
-115.45321003844026, -146.06315491453373
-115.45321003844026, -139.1012167589776
-118.0363286232996, -139.1012167589776
-120.19322391119283, -139.1012167589776
-115.45321003844026, -136.73122722136168
-115.45321003844026, -128.4749238851674
-115.45325245761433, -118.62923887841708
-134.81962970209145, -128.3124305495956
-137.38881419421455, -129.59705267197282
-151.0951709326772, -136.45023104120418
-151.0951709326772, -131.68149976420798
-151.0951709326772, -126.05968233514947
-151.0951709326772, -117.5172442226686
-151.0951709326772, -115.66905733514947
-137.38881419421455, -115.66905733514947
-115.45325245761433, -115.66905733514947
-115.45325245761433, -113.9169519616672
-115.45325245761433, -102.86914583612604
-134.81962970209145, -102.86914583612604
-137.38881419421455, -102.86914583612604
-141.5449149272372, -102.86914583612604
-151.0951709326772, -102.86914583612604
-151.0951709326772, -87.89244024141296
-151.0951709326772, -82.08804842401666
-141.5449149272372, -86.86317642673666
-137.38881419421455, -88.94122679324802
-115.45325245761433, -99.90897473629248
-115.45325245761433, -84.51602262489064
-115.45321003844026, -82.07484399190604
-118.0363286232996, -80.78330010574213
-120.19322391119283, -79.7048544542901
-115.45321003844026, -79.7048544542901
-115.45321003844026, -73.86677001935679
-115.45321003844026, -66.90479036737604
-118.0363286232996, -66.90479036737604
-120.19322391119283, -66.90479036737604
-115.45321003844026, -64.53480082976012
-115.45321003844026, -56.278532291086506
-115.45325245761433, -46.4328783373268
-134.87679875795823, -56.1446335444347
-137.38881419421455, -57.40062628037124
-141.5449149272372, -59.478676646882604
-151.0951709326772, -64.2538046496026
-151.0951709326772, -49.373596320930304
-151.0951709326772, -43.60660311151666
-137.38881419421455, -43.60660311151666
-115.45325245761433, -43.60660311151666
-115.45325245761433, -41.85448729460033
-115.45325245761433, -30.806615318547916
-134.87679875795823, -30.806615318547916
-137.38881419421455, -30.806615318547916
-141.5449149272372, -30.806615318547916
-151.0951709326772, -30.806615318547916
-151.0951709326772, -26.06859221852324
-151.0951709326772, -20.48297640253229
-151.0951709326772, -11.99573496488535
-151.0951709326772, -10.159490074407291
-141.5449149272372, -14.93459449846058
-137.38881419421455, -17.012634603957586
-115.45325245761433, -27.98035053617183
-115.45325245761433, -12.356263130227742
-115.45321003844026, -9.878459096729117
-118.0363286232996, -8.586946023096765
-120.19322391119283, -7.508504356633853
-115.45321003844026, -7.508504356633853
-115.45321003844026, -1.670419921700546
-115.45321003844026, 5.291559730280209
-118.0363286232996, 5.291559730280209
-120.19322391119283, 5.291559730280209
-115.45321003844026, 7.66154926789614
-115.45321003844026, 15.91781780656974
-115.45325245761433, 25.763471760329455
-134.87679875795823, 16.051716553221556
-137.38881419421455, 14.795723817285005
-141.5449149272372, 12.717673450773642
-151.0951709326772, 7.942545448053647
-151.0951709326772, 12.680533533053271
-151.0951709326772, 18.26610807012396
-151.0951709326772, 26.75347495475916
-151.0951709326772, 28.589746986139584
-141.5449149272372, 28.589746986139584
-137.38881419421455, 28.589746986139584
-115.45325245761433, 28.589746986139584
-115.45325245761433, 30.34186280305592
-115.45325245761433, 41.38973477910834
-134.87679875795823, 41.38973477910834
-137.38881419421455, 41.38973477910834
-151.0951709326772, 41.38973477910834
-151.0951709326772, 46.127757879133014
-151.0951709326772, 51.71337369512396
-151.0951709326772, 60.200740579759156
-151.0951709326772, 62.03701261113959
-141.5449149272372, 57.26186102975288
-137.38881419421455, 55.18380040222716
-115.45325245761433, 44.21602044835251
-115.45325245761433, 59.840107854296605
-115.45321003844026, 62.31793249735178
-118.0363286232996, 63.609476383515684
-120.19322391119283, 64.68792203496771
-115.45321003844026, 64.68792203496771
-115.45321003844026, 70.52597167238035
-115.45321003844026, 77.48790982793646
-118.0363286232996, 77.48790982793646
-120.19322391119283, 77.48790982793646
-115.45321003844026, 79.8578993655524
-115.45321003844026, 87.99206340420406
-115.45325245761433, 97.69210640388415
-134.81962970209145, 88.00892083058555
-137.38881419421455, 86.72434154099916
-141.5449149272372, 84.64629630499498
-143.8650815627808, 83.48621809755181
-151.0951709326772, 79.87118009160834
-151.0951709326772, 84.63987635357947
-151.0951709326772, 90.26165250371771
-151.0951709326772, 98.80402789270445
-151.0951709326772, 100.6522012097724
-141.5449149272372, 100.6522012097724
-137.38881419421455, 100.6522012097724
-115.45325245761433, 100.6522012097724
-115.45325245761433, 102.40432747012278
-115.45325245761433, 113.45226529668646
-134.81962970209145, 113.45226529668646
-137.38881419421455, 113.45226529668646
-151.0951709326772, 113.45226529668646
-151.0951709326772, 118.22097906617012
-151.0951709326772, 123.8427758557685
-151.0951709326772, 132.38515124475524
-151.0951709326772, 134.23332456182317
-115.45325245761433, 116.41236532429174
-115.45325245761433, 132.03645273023582
-115.45321003844026, 134.514282595008
-118.0363286232996, 135.80582648117192
-120.19322391119283, 136.88427213262395
-115.45321003844026, 136.88427213262395
-115.45321003844026, 142.72233916879694
-115.45321003844026, 149.68429807256535
-118.0363286232996, 149.68429807256535
-120.19322391119283, 149.68429807256535
-115.45321003844026, 152.0542876101813
-115.45321003844026, 160.3105561488549
-115.45325245761433, 170.15619965918054
-134.87679875795823, 160.44440856594449
-137.38881419421455, 159.1884197053059
-141.5449149272372, 157.11035907778017
-151.0951709326772, 152.33520749639348
-151.0951709326772, 157.07323059641817
-151.0951709326772, 162.6588464124091
-151.0951709326772, 171.1462132970443
-151.0951709326772, 172.98248532842473
-141.5449149272372, 172.98248532842473
-137.38881419421455, 172.98248532842473
-115.45325245761433, 172.98248532842473
-115.45325245761433, 174.73459592362406
-115.45325245761433, 185.78243497442082
-134.87679875795823, 185.78243497442082
-137.38881419421455, 185.78243497442082
-141.5449149272372, 185.78243497442082
-151.0951709326772, 185.78243497442082
-151.0951709326772, 200.66269828729028
-151.0951709326772, 206.42971280645207
-141.5449149272372, 201.65456122506538
-137.38881419421455, 199.57650059753965
-115.45325245761433, 188.608720643665
-115.45325245761433, 204.2328080496091
-115.45326672361057, 206.71063959786125
-117.94857082394418, 207.95826138913782
-120.02354617681783, 208.99574521612004
-115.45326672361057, 208.99574521612004
-115.45326672361057, 225.02687195172675
-115.45325245761433, 239.59463137500376
-115.45325245761433, 243.2818319733381
-134.69415574334073, 237.92905255301403
Holes:
Exterior:
720.9031200829479, 427.4486184461005
726.8505276097301, 428.3891910097724
745.8591697575462, 431.3953760065766
745.8593309099721, 445.2718221135071
745.8593014061295, 454.42006635470574
745.8593047712022, 482.8965732546868
688.4879097198511, 466.93597598079754
680.7459948204522, 464.78220701934356
671.283297163127, 462.14973258400335
671.2210461998836, 458.0474061353687
671.2832971631271, 454.298251808743
671.283297163127, 418.3118581766834
687.0447872697878, 421.3718082809706
693.6170101586315, 422.64774564336614
706.5993561158207, 424.93193315834844
720.9031200829479, 427.4486184461005
Holes:
Exterior:
720.9031200829479, -429.66548677850886
706.5993561158207, -427.1488414851198
698.0710339059423, -425.4417923764201
687.0447872697878, -423.5887343119914
671.283297163127, -420.5287396124188
671.283297163127, -456.5151648397875
671.283297163127, -464.36663906338435
680.7459948204522, -466.9991134987246
745.8593047712023, -485.11345671383356
745.8593309099721, -447.48869044591544
745.8591697575462, -433.612382412331
730.119077055751, -431.0422731669384
726.8505276097301, -430.60609224716643
720.9031200829479, -429.66548677850886
Holes:
Exterior:
-62.07622949006918, 246.81636179065
-55.72701597358429, 248.31646704365266
-55.72701597358429, 250.71933990474417
-55.72701597358429, 253.9552526379759
-55.72701597358429, 256.1065030641781
-55.72701597358429, 272.1307962064087
-61.83461561121135, 269.07699638759516
-70.50712472104323, 264.7407418326792
-70.50712472104323, 258.9430087319518
-70.50712472104323, 244.82302357035869
-62.07622949006918, 246.81636179065
Holes:
Exterior:
61.10766661716798, -426.9771299241878
61.10766661716798, -436.48624890486207
86.65081811406952, -428.5877331698439
101.43184991609957, -424.0170990797713
112.8130391684258, -420.49779068994957
112.8130391684258, -413.6292934274179
112.8130391684258, -405.44774186182457
101.43184991609957, -408.9670502516463
86.65081811406947, -413.5376451920111
61.10766661716798, -421.43612378279175
61.10766661716798, -426.9771299241878
Holes:
Exterior:
61.10766661716798, -442.477665406937
61.10766661716798, -449.2188085640089
61.10766661716798, -460.78752563642917
62.57421976293034, -461.19555177102006
66.1901538064393, -462.20149029683387
106.0138319538616, -473.2803164417525
106.26561220117787, -473.35036492926935
107.06044632986357, -473.571514715165
108.55449567380316, -473.9872143707766
110.95598977753951, -474.65519904080134
112.8130391684258, -475.171808622182
112.8130391684258, -466.8156081672981
112.8130391684258, -456.86198986782756
101.43184991609957, -453.69580883949794
86.65081811406947, -449.5837443851567
61.10766661716798, -442.477665406937
Holes:
Exterior:
61.10766661716798, 458.57068539317066
61.10766661716798, 451.8295422360988
61.10766661716798, 440.2608251636785
86.65081811406952, 447.3668389085109
101.43184991609957, 451.4788552835813
112.8130391684258, 454.6450800602815
112.8130391684258, 463.0012979245693
112.8130391684258, 472.9549576991775
101.43184991609957, 469.78872444263646
86.65081811406947, 465.6766991380031
61.10766661716798, 458.57068539317066
Holes:
Exterior:
61.10766661716798, 434.2693183230833
61.10766661716798, 428.72834027083707
61.10766661716798, 419.2192694949583
86.65081811406947, 411.320758287484
101.43184991609957, 406.7501437722653
112.8130391684258, 403.23083538244356
112.8130391684258, 410.099350054379
112.8130391684258, 418.2809223575412
101.43184991609957, 421.800212888237
86.65081811406947, 426.37082568772774
61.10766661716798, 434.2693183230833
Holes:
Exterior:
-98.18704280563429, -79.7048544542901
-91.03984229148574, -79.7048544542901
-91.03879102816143, -79.14790005259604
-91.01879696059711, -66.90479036737604
-98.68198480111812, -66.90479036737604
-109.80069156256002, -66.90479036737604
-110.78701543270398, -66.90479036737604
-112.18975093276339, -66.90479036737604
-112.18975093276339, -76.76234612040273
-112.18975093276339, -79.7048544542901
-110.78701543270398, -79.7048544542901
-109.80069156256002, -79.7048544542901
-98.68623809783242, -79.7048544542901
-98.18704280563429, -79.7048544542901
Holes:
Exterior:
-92.46415758271257, -93.56927969206208
-101.94507393794993, -88.82889129393891
-109.80069156256002, -84.90108248163385
-110.78701543270398, -84.40792416697586
-112.18975093276339, -83.70656156584644
-112.18975093276339, -97.44096938238728
-112.18975093276339, -101.54072248396376
-109.80069156256002, -102.7352499621026
-109.70801862197288, -102.7815996374319
-109.53297610845846, -102.86914583612604
-109.70801862197288, -102.86914583612604
-109.80069156256002, -102.86914583612604
-111.56004399275514, -102.86914583612604
-112.18975093276339, -102.86914583612604
-112.18975093276339, -103.60967456952969
-112.18975093276339, -115.66905733514947
-109.80069156256002, -115.66905733514947
-109.77597853606989, -115.66905733514947
-109.53297610845846, -115.66905733514947
-109.70801862197288, -115.75660353384362
-109.80069156256002, -115.80295320917291
-111.56004399275514, -116.68263104952331
-112.18975093276339, -116.99748510123749
-112.18975093276339, -134.05224170786383
-112.18975093276339, -135.09950964742129
-109.80069156256002, -133.90498873163386
-101.94507393794987, -129.97716052456184
-94.16765721554287, -126.088446399147
-91.11858634045814, -124.56384986324163
-91.1153809589868, -121.50219741145
-91.11455858945521, -120.71352593832368
-91.1129922687204, -120.12996365954398
-91.10898220107714, -117.45318239937733
-91.07035272419125, -94.2661892909533
-92.46415758271257, -93.56927969206208
Holes:
Exterior:
84.16475811988244, 281.1498701970495
87.69724060800951, 281.9746594491437
87.78035667746451, 281.9940672892358
92.86742064416075, 283.1812882631615
100.80639245891257, 285.0335186800118
104.15435565790244, 285.8145260811597
112.73934697675844, 287.8171556730438
112.73298479361966, 289.8270747850085
112.8130391684258, 306.7848615256536
101.43184991609957, 303.618671567761
86.65081811406947, 299.50663561783665
73.94820330216737, 295.97280263671547
61.044930216377566, 292.38313942219287
61.026259105148085, 279.83165458729565
61.03866811003138, 275.76507353090426
69.53495313099506, 277.74302672533423
71.19207799115543, 278.1287832502026
78.4962698135945, 279.82960265337283
84.16475811988244, 281.1498701970495
Holes:
Exterior:
798.5996014668417, -647.6459044187858
788.9468319487876, -644.9605335913235
788.9467837339223, -651.583781052229
788.9467837339223, -655.9463592275345
794.0326763652808, -657.3612463020232
801.7519377260702, -659.508824250621
801.7519097130337, -651.2278909934015
801.7519097130337, -648.5228714547668
798.5996014668417, -647.6459044187858
Holes:
Exterior:
798.5996014668417, -633.2406350843813
801.7519097130338, -635.965271825949
801.7519377260702, -620.5581516507517
801.7519377260702, -610.4027058656562
794.0326763652808, -603.7306194327685
788.9468042372392, -599.3346997838928
788.9468461591919, -614.8411358807882
788.9468319487876, -624.8973738921906
798.5996014668417, -633.2406350843813
Holes:
Exterior:
798.5996014668417, 645.4289597924324
801.7519097130337, 646.3059268284132
801.7519377260702, 652.9274390851931
801.7519377260702, 657.2919099341453
794.0326763652808, 655.1444239614792
788.9467837339223, 653.7295217436553
788.9468319487876, 646.5102609111291
788.9468319487876, 642.74358896497
798.5996014668417, 645.4289597924324
Holes:
Exterior:
-112.18975093276339, 112.71172773543135
-112.18975093276339, 100.6522012097724
-109.80069156256002, 100.6522012097724
-109.77600286548852, 100.6522012097724
-109.53297610845846, 100.6522012097724
-109.70801862197288, 100.56470489495216
-109.80069156256002, 100.51838162969428
-111.56004399275514, 99.63870703984952
-112.18975093276339, 99.32385415155544
-112.18975093276339, 82.52139641366877
-112.18975093276339, 81.4896169394928
-109.80069156256002, 82.68413785528021
-101.94507393794987, 86.61195636496875
-96.08561377481249, 89.5416936797602
-91.07035272419125, 92.04937672636973
-91.10898220107714, 115.23624464152951
-91.1129922687204, 117.91301903319034
-91.11455858945521, 118.49659502041204
-91.1153809589868, 119.28527931285603
-91.11858634045814, 122.34695747564896
-92.64328426087826, 123.1092712901266
-101.94507393794987, 127.76023529297517
-109.80069156256002, 131.6880441052802
-110.78701543270398, 132.1812024199382
-112.18975093276339, 132.88256502106762
-112.18975093276339, 118.94192604281945
-112.18975093276339, 114.78061456186629
-109.80069156256002, 113.58608487676459
-109.70801862197288, 113.5397616115067
-109.53297610845846, 113.45226529668646
-109.70801862197288, 113.45226529668646
-109.80069156256002, 113.45226529668646
-111.56004399275514, 113.45226529668646
-112.18975093276339, 113.45226529668646
-112.18975093276339, 112.71172773543135
Holes:
Exterior:
-112.18975093276339, -365.46298393778557
-112.18975093276339, -368.4054922716729
-109.80069156256002, -368.4054922716729
-92.57673759497186, -368.4054922716729
-91.50448492109206, -368.4054922716729
-77.73585525829867, -368.4054922716729
-77.73585525829867, -362.76286206199313
-77.73585525829867, -355.60542818475886
-92.57673759497186, -355.60542818475886
-101.94507393794987, -355.60542818475886
-109.80069156256002, -355.60542818475886
-110.78701543270398, -355.60542818475886
-112.18975093276339, -355.60542818475886
-112.18975093276339, -365.46298393778557
Holes:
Exterior:
-112.18975093276339, -211.21265169550105
-112.18975093276339, -238.69112395660267
-112.18975093276339, -244.84815790817842
-112.18975093276339, -246.406560595527
-109.80069156256002, -247.0711874621026
-109.50457204593101, -247.1535900412584
-108.93925662603658, -247.3109030382745
-109.76367769406983, -247.3109030382745
-109.80069156256002, -247.3109030382745
-111.56004399275514, -247.3109030382745
-112.18975093276339, -247.3109030382745
-112.18975093276339, -259.3703576839139
-112.18975093276339, -260.11089083124324
-109.80069156256002, -260.11089083124324
-111.56004399275514, -260.9905686715936
-112.18975093276339, -261.3054227233078
-112.18975093276339, -278.36010744991455
-112.18975093276339, -279.4073534369177
-109.80069156256002, -278.21285005975886
-101.94507393794993, -274.2850412474538
-78.89874454107564, -262.7618765490167
-77.73587518523038, -263.3433088802588
-77.73587518523038, -261.95050238344123
-77.73583858520419, -245.33343751308075
-89.28102000332717, -242.5724131640292
-90.39576898326749, -242.3052588407184
-91.28875172971493, -242.09489860844175
-91.28609332533046, -241.31248737634346
-91.28659563725216, -240.69808747107786
-91.28876628413411, -226.58741535729632
-92.5217275839226, -226.24440983492607
-92.9614735839724, -226.12207565886075
-95.23659646854355, -225.48914340036526
-100.54371829595846, -224.0127157824151
-95.36838866128994, -224.0127157824151
-92.95029074493374, -224.0127157824151
-91.28294210306342, -224.0127157824151
-91.28154186715506, -223.2736329617976
-91.25600579968352, -211.21265169550105
-98.72987834149728, -211.21265169550105
-109.80069156256002, -211.21265169550105
-110.77749604181679, -211.21265169550105
-112.18975093276339, -211.21265169550105
Holes:
Exterior:
-112.18975093276339, -207.29578330558016
-109.80069156256002, -206.1012625353448
-101.94507393794987, -202.17345372303976
-96.19663916861816, -199.29923633837385
-91.23794768456804, -196.8198905963488
-91.23122613405144, -192.89463862919297
-91.1893924231785, -166.40309736592113
-92.76130153797374, -165.61713499709634
-101.94507393794987, -161.0252038871838
-109.80069156256002, -157.0973562853448
-110.78701543270398, -156.60420521151482
-112.18975093276339, -155.902852908186
-112.18975093276339, -169.84349188643415
-112.18975093276339, -174.0047880357216
-111.56004399275514, -174.31964092401566
-109.80069156256002, -175.19931551386043
-112.18975093276339, -175.19931551386043
-112.18975093276339, -175.93985307511554
-112.18975093276339, -187.9993796007745
-109.80069156256002, -187.9993796007745
-112.18975093276339, -189.1939026649876
-112.18975093276339, -206.24851551157477
-112.18975093276339, -207.29578330558016
Holes:
Exterior:
-112.18975093276339, -318.3127212438662
-109.80069156256002, -319.50725313593074
-112.18975093276339, -319.50725313593074
-112.18975093276339, -320.2477862832601
-112.18975093276339, -332.3072409288995
-111.56004399275514, -332.3072409288995
-109.80069156256002, -332.3072409288995
-111.56004399275514, -333.18691551874423
-112.18975093276339, -333.50176840703836
-112.18975093276339, -350.5563812536255
-112.18975093276339, -351.6036623178858
-109.80069156256002, -350.4091238634698
-101.94507393794987, -346.48133444593174
-78.89874454107564, -334.9582266466729
-77.73587518523038, -335.53966367127606
-77.73587518523038, -333.2632146365632
-77.73587518523038, -316.27483039355417
-78.28291249614335, -316.5483525334787
-78.89874454107564, -316.8562674181573
-101.94507393794987, -305.33310271972016
-109.80069156256002, -301.4052939074151
-110.78701543270398, -300.91214283358516
-112.18975093276339, -300.2107905302563
-112.18975093276339, -314.15142950850446
-112.18975093276339, -318.3127212438662
Holes:
Exterior:
-112.18975093276339, 284.1346417946363
-112.18975093276339, 281.19213346074895
-109.80069156256002, 281.19213346074895
-92.57673759497186, 281.19213346074895
-91.50448492109206, 281.19213346074895
-77.73585525829867, 281.19213346074895
-77.73585525829867, 288.3495673379832
-77.73585525829867, 293.992197547663
-92.57673759497186, 293.992197547663
-101.94507393794987, 293.992197547663
-109.80069156256002, 293.992197547663
-110.78701543270398, 293.992197547663
-112.18975093276339, 293.992197547663
-112.18975093276339, 284.1346417946363
Holes:
Exterior:
-112.18975093276339, 245.8344937662131
-112.18975093276339, 245.09395841192082
-109.80069156256002, 245.09395841192082
-109.76367769406983, 245.09395841192082
-108.93925662603658, 245.09395841192082
-109.50457204593101, 244.93672051659016
-109.80069156256002, 244.85435727666692
-111.56004399275514, 244.36491076466638
-112.18975093276339, 244.18972820312845
-112.18975093276339, 236.4742759414343
-112.18975093276339, 208.99574521612004
-110.77749604181679, 208.99574521612004
-109.80069156256002, 208.99574521612004
-98.72987834149728, 208.99574521612004
-98.23696120075084, 208.99574521612004
-91.25600579968352, 208.99574521612004
-91.25737571334201, 209.71885932132994
-91.28294210306342, 221.7958093030341
-92.3109277699246, 221.7958093030341
-92.95029074493374, 221.7958093030341
-95.23659646854355, 221.7958093030341
-100.54371829595846, 221.7958093030341
-95.39017809084464, 223.22947684948767
-92.9614735839724, 223.90513499553228
-91.28876628413411, 224.3704780380031
-91.28659563725216, 238.4812191386695
-91.28609332533046, 239.09561681696425
-91.28875172971493, 239.87802694473143
-90.39576898326749, 240.08839331739918
-89.28102000332717, 240.35554483162085
-77.73583858520419, 243.11653005809254
-77.73583858520419, 254.14754163638722
-77.73587518523038, 261.12636894726614
-78.28291249614335, 260.85284794512916
-78.89874454107564, 260.544931922663
-101.94507393794987, 272.06809662110015
-109.80069156256002, 275.9959054334052
-110.78701543270398, 276.4890637480632
-112.18975093276339, 277.1904263491926
-112.18975093276339, 263.2498167486028
-112.18975093276339, 259.08851403696394
-109.80069156256002, 257.89398435186223
-111.56004399275514, 257.89398435186223
-112.18975093276339, 257.89398435186223
-112.18975093276339, 245.8344937662131
Holes:
Exterior:
-112.18975093276339, 67.63041283022649
-112.18975093276339, 64.68792203496771
-110.78701543270398, 64.68792203496771
-109.80069156256002, 64.68792203496771
-98.68198480111812, 64.68792203496771
-98.18217820748225, 64.68792203496771
-91.01879696059711, 64.68792203496771
-91.01981613182778, 65.22783948780955
-91.03984229148574, 77.48790982793646
-98.68623809783242, 77.48790982793646
-109.80069156256002, 77.48790982793646
-110.78701543270398, 77.48790982793646
-112.18975093276339, 77.48790982793646
-112.18975093276339, 67.63041283022649
Holes:
Exterior:
-112.18975093276339, -405.2527672605661
-109.80069156256002, -405.9173941271417
-109.59601891219461, -405.974349543813
-101.61889435967345, -408.19362724307865
-100.13872822311123, -408.6054023051796
-100.13872822311123, -421.677675694009
-100.1387337130979, -422.6428137237596
-100.13873584561986, -422.8291920341038
-100.138736521706, -423.2532414232799
-99.9437325111416, -423.30749093690713
-77.73587616382213, -429.48561188397866
-77.73586479637527, -426.32500910609093
-77.7358945485309, -425.76464071514516
-77.73589454853084, -422.16167009287597
-77.73585747441234, -416.5996991168468
-77.73585525829867, -414.83772310678285
-77.73585525829867, -401.5270109215399
-77.73587518523038, -390.94236995276134
-77.73587518523038, -388.47111358398706
-78.28291249614335, -388.7446274749771
-78.89874454107564, -389.05254122186824
-101.94507393794993, -377.52949032178776
-109.80069156256002, -373.6017202990167
-110.78701543270398, -373.1085619843587
-112.18975093276339, -372.4071993832293
-112.18975093276339, -386.3477796061607
-112.18975093276339, -390.5090757554481
-109.80069156256002, -391.703603233587
-110.85136637464745, -391.703603233587
-112.18975093276339, -391.703603233587
-112.18975093276339, -402.99073709669733
-112.18975093276339, -404.6171840252843
-112.18975093276339, -405.2527672605661
Holes:
Exterior:
-112.18975093276339, 331.28490007463
-109.80069156256002, 330.09037259649114
-112.18975093276339, 330.09037259649114
-112.18975093276339, 329.3498372421989
-112.18975093276339, 317.29034665654973
-111.56004399275514, 317.29034665654973
-109.80069156256002, 317.29034665654973
-111.56004399275514, 316.41067044145217
-112.18975093276339, 316.095816971448
-112.18975093276339, 299.0411681848511
-112.18975093276339, 297.99390465921937
-109.80069156256002, 299.18842557500676
-101.94507393794987, 303.11622468992834
-78.89874454107564, 314.6393609387763
-77.73587518523038, 314.05792860753417
-77.73587518523038, 316.3343706022055
-77.73587518523038, 333.32275484521455
-78.28291249614335, 333.04923618975806
-78.89874454107564, 332.7413201672919
-101.94507393794987, 344.26448486572906
-109.80069156256002, 348.1922936780341
-110.78701543270398, 348.6854519926921
-112.18975093276339, 349.3868145938215
-112.18975093276339, 335.44620499323173
-112.18975093276339, 331.28490007463
Holes:
Exterior:
-112.18975093276339, -30.806615318547916
-112.18975093276339, -31.5471484658773
-112.18975093276339, -43.60660311151666
-109.80069156256002, -43.60660311151666
-112.18975093276339, -44.8011305896555
-112.18975093276339, -61.855815316262266
-112.18975093276339, -62.903083255819695
-109.80069156256002, -61.70856234003229
-101.94507393794987, -57.78075352772724
-96.02759391459597, -54.822013516050276
-90.99953319895815, -52.308014819940595
-90.99426495788305, -49.22137455485148
-90.95157103172409, -22.129248486553024
-92.15849170919967, -21.525791365292267
-101.94507393794993, -16.632464902337347
-109.80069156256002, -12.704656090032291
-110.78701543270398, -12.211505016202317
-112.18975093276339, -11.510152712873467
-112.18975093276339, -25.45079169112164
-112.18975093276339, -29.612092254334804
-111.56004399275514, -29.9269439792088
-109.80069156256002, -30.806615318547916
-112.18975093276339, -30.806615318547916
Holes:
Exterior:
-112.18975093276339, 9.293266841836548
-109.80069156256002, 10.487787757623959
-101.94507393794987, 14.415596569929013
-96.00805718415575, 17.3841049468261
-90.95157103172409, 19.91231589193912
-90.99426495788305, 47.00444292659334
-90.9987006234519, 50.09066247069643
-90.99953319895815, 50.09108316411377
-92.31334962292925, 50.747987938499136
-101.94507393794993, 55.5638851953189
-109.80069156256002, 59.49169400762396
-110.78701543270398, 59.98485232228195
-112.18975093276339, 60.68621492341137
-112.18975093276339, 46.745575945163196
-112.18975093276339, 42.5842666711729
-111.56004399275514, 42.269412619458734
-109.80069156256002, 41.38973477910834
-111.56004399275514, 41.38973477910834
-112.18975093276339, 41.38973477910834
-112.18975093276339, 40.64920163177895
-112.18975093276339, 28.589746986139584
-111.56004399275514, 28.589746986139584
-109.80069156256002, 28.589746986139584
-112.18975093276339, 27.395219508000746
-112.18975093276339, 10.340534781393982
-112.18975093276339, 9.293266841836548
Holes:
Exterior:
-112.18975093276339, 389.48673490117864
-109.80069156256002, 389.48673490117864
-111.56004399275514, 388.6070586860811
-112.18975093276339, 388.2922052160769
-112.18975093276339, 371.23755642948
-112.18975093276339, 370.19028413453395
-109.80069156256002, 371.38481381963567
-101.94507393794987, 375.31261293455725
-78.89874454107564, 386.8357491834052
-77.73587518523038, 386.25431450548257
-77.73587518523038, 388.72557322093735
-77.73585525829867, 412.6208547743745
-77.73585747441234, 414.38283078443845
-77.73589454853084, 423.5477723827368
-77.73586479637527, 424.10812431160315
-77.73587616382213, 427.26873817449905
-79.34951176304372, 426.8198296751771
-100.138736521706, 421.03629679692625
-100.13873584561986, 420.61224740775015
-100.13873371309796, 420.42587545622723
-100.1387337130979, 406.99885615640846
-100.13872822311123, 406.38843184137994
-101.61889435967345, 405.97665346971854
-109.59601891219461, 403.7574296757586
-109.80069156256002, 403.70048764776067
-112.18975093276339, 403.0358585742222
-112.18975093276339, 400.7738384718786
-112.18975093276339, 389.48673490117864
Holes:
Exterior:
-112.18975093276339, 185.78243497442082
-112.18975093276339, 185.0419040340543
-112.18975093276339, 172.98248532842473
-111.56004399275514, 172.98248532842473
-109.80069156256002, 172.98248532842473
-112.18975093276339, 171.78795343636017
-112.18975093276339, 154.7332687097534
-112.18975093276339, 153.68600518412168
-109.80069156256002, 154.8805260999091
-101.94507393794987, 158.80833491221415
-96.16253840193741, 161.6996026802204
-91.1893924231785, 164.18614513109733
-91.23122613405144, 190.67774550230763
-91.23669443901042, 194.60239842617474
-91.23794768456804, 194.60303046826763
-92.96014888166769, 195.46412691621492
-92.96366412157005, 195.46588048244143
-101.94507393794993, 199.9565853906314
-109.80069156256002, 203.88439420293645
-110.77749604181679, 204.3727891525984
-112.18975093276339, 205.07890605830548
-112.18975093276339, 191.2073361824477
-112.18975093276339, 186.97696686648538
-111.56004399275514, 186.6621128147712
-109.80069156256002, 185.78243497442082
-111.56004399275514, 185.78243497442082
-112.18975093276339, 185.78243497442082
Holes:
Exterior:
-112.18975093276339, -296.2091421740167
-109.80069156256002, -296.2091421740167
-92.57673759497186, -296.2091421740167
-91.50448492109206, -296.2091421740167
-77.73585525829867, -296.2091421740167
-77.73585525829867, -289.0516656353656
-77.73585525829867, -283.4090017931573
-92.57673759497186, -283.4090017931573
-101.94507393794987, -283.4090017931573
-109.80069156256002, -283.4090017931573
-110.78701543270398, -283.4090017931573
-112.18975093276339, -283.4090017931573
-112.18975093276339, -293.26661630150073
-112.18975093276339, -296.2091421740167
Holes:
Exterior:
-112.18975093276339, 353.38852170537785
-109.80069156256002, 353.38852170537785
-92.57673759497186, 353.38852170537785
-91.50448492109206, 353.38852170537785
-77.73585525829867, 353.38852170537785
-77.73585525829867, 359.0311350987934
-77.73585525829867, 366.18854764531926
-92.57673759497186, 366.18854764531926
-101.94507393794987, 366.18854764531926
-109.80069156256002, 366.18854764531926
-110.78701543270398, 366.18854764531926
-112.18975093276339, 366.18854764531926
-112.18975093276339, 356.33102126995095
-112.18975093276339, 353.38852170537785
Holes:
Exterior:
-112.18975093276339, 136.88427213262395
-110.78701543270398, 136.88427213262395
-109.80069156256002, 136.88427213262395
-98.7059529530348, 136.88427213262395
-98.20959251677016, 136.88427213262395
-91.13728756348189, 136.88427213262395
-91.13848792209535, 137.51677081351085
-91.15830606151178, 149.68429807256535
-98.71021216090037, 149.68429807256535
-109.80069156256002, 149.68429807256535
-110.78701543270398, 149.68429807256535
-112.18975093276339, 149.68429807256535
-112.18975093276339, 139.82677169719702
-112.18975093276339, 136.88427213262395
Holes:
Exterior:
-112.18975093276339, -139.1012167589776
-112.18975093276339, -148.9587137566876
-112.18975093276339, -151.90120455194636
-110.78701543270398, -151.90120455194636
-109.80069156256002, -151.90120455194636
-98.71021216090037, -151.90120455194636
-98.21446446130074, -151.90120455194636
-91.15830606151178, -151.90120455194636
-91.1570739334669, -151.25192802153217
-91.13728756348189, -139.1012167589776
-98.7059529530348, -139.1012167589776
-109.80069156256002, -139.1012167589776
-110.78701543270398, -139.1012167589776
-112.18975093276339, -139.1012167589776
Holes:
Exterior:
86.65081811406952, -301.7235626748068
101.43184991609957, -305.8355488297323
112.8130391684258, -309.00172985806194
112.84078486735837, -300.35235983060204
112.73934697675844, -290.03398986922514
110.7213363711844, -289.5637871268933
62.19527221045439, -278.2522439229885
61.37344066983928, -278.06019529043294
61.075019152683126, -277.99044453952865
61.03866811003138, -277.98195090704
61.026259105148085, -282.04853228639837
61.044930216377566, -294.60006961989575
86.65081811406952, -301.7235626748068
Holes:
Exterior:
-21.667091898022704, 428.21904632082123
-22.15336795416158, 428.0837655408271
-28.82454255765299, 426.2278659769792
-28.82454255765299, 420.09821905155394
-28.82454255765299, 411.87282889091546
-14.353473996110779, 419.1083471065375
-14.044433810193937, 419.262866856413
-14.044433810193937, 419.8817237626696
-14.044433810193937, 430.3396506950906
-16.668036632048768, 429.6097709659638
-21.434510208088398, 428.28374996400805
-21.667091898022704, 428.21904632082123
Holes:
Exterior:
671.2832971631271, 625.1751722751355
671.2832971631271, 610.0099609984599
680.7459948204522, 612.6424608210793
745.8591996164148, 630.7567290529823
745.8591996164148, 634.8276682826709
745.8593047712023, 641.7427036257807
745.8593193578778, 650.0902503715765
745.8593920917475, 651.3954821520608
745.8593148332322, 653.5312408109165
745.8593043266062, 653.834265164233
745.8593323467123, 654.5412124443229
745.8593291773673, 655.4908532614411
745.8593344229045, 656.3905715800838
710.0995687725533, 646.4423008826221
702.2516135089198, 644.2590275650874
702.2516304158834, 642.6819362194207
702.2516467672558, 641.9039976532914
702.2516467672558, 636.9351182608042
687.5053318261697, 632.8327355731554
685.9650481869254, 632.4042604311645
683.3406066689467, 631.6741228617269
679.1939350693681, 630.5205493597591
672.7774650447768, 628.7355292530254
671.283297163127, 628.3198462715977
671.2832971631271, 625.1751722751355
Holes:
Exterior:
671.283297163127, 495.4167266152906
709.4113398717457, 528.3722341542766
722.6610691024066, 539.8244959554917
723.342847866151, 540.4137826306709
728.5157122866596, 538.8208254615032
731.423172827906, 537.9254890646714
745.8593119301224, 533.4799710916994
745.8593119301224, 536.5906114642225
745.8591025295507, 548.512890043443
740.0507016873955, 550.30155817844
739.0537023840202, 550.608577129574
736.166448635194, 551.4976907117256
737.9318383991581, 553.0235867338153
739.0537023840202, 553.9932586632868
745.8591025295507, 559.8754294832233
745.859086264267, 562.7230193943365
745.859137710319, 585.4380775301219
726.8224209276956, 568.983920613794
723.150942525073, 565.8105138365762
716.6746033685267, 560.2127799222953
714.3606281701061, 558.2127023084053
686.911326079901, 566.6655614531077
671.235678631389, 571.4927714371629
671.2648760044285, 569.4960218778158
671.2648760044285, 556.4508999605404
701.5370083275768, 547.1287942273506
671.2648760044285, 520.9634068254037
671.2832971631271, 516.5889960460635
671.283297163127, 495.4167266152906
Holes:
Exterior:
671.283297163127, -518.80592756909
671.2648760044285, -523.1803413635982
701.5370083275768, -549.3456625597588
683.3362274688781, -554.9504966403414
671.2648760044285, -558.6678344987348
671.235678631389, -560.1211016161284
671.235678631389, -573.7096470994309
714.3606281701061, -560.4296469347588
716.6746033685267, -562.4296975646955
723.150942525073, -568.0274584629298
745.859137710319, -587.6550221564754
745.8591823816403, -580.8197337438205
745.8591025295507, -562.0923016674744
740.0507016873955, -557.0718750754129
739.0537023840202, -556.2101324806648
737.9318383991581, -555.2404651612218
736.166448635194, -553.7145590441338
739.0537023840202, -552.8254509469518
745.8591025295507, -550.7297583758512
745.8591025295507, -549.2118395833406
745.8593119301224, -535.6968394241077
733.2967803269678, -539.5653951285273
731.423172827906, -540.1423690322314
728.5157122866596, -541.0376937939114
723.342847866151, -542.6306509630791
722.6610691024066, -542.0413857266409
709.4113398717457, -530.5891024866849
680.7459948204522, -505.8125303766976
671.283297163127, -497.63359494769895
671.283297163127, -518.80592756909
Holes:
Exterior:
671.283297163127, -630.5366830086967
672.7774650447768, -630.9523625800787
679.1939350693682, -632.7373974884113
683.3406066689467, -633.8910104190405
685.9650481869254, -634.6211535371237
687.5053318261698, -635.0495622968242
702.2516467672558, -639.1520383545295
702.2516467672558, -644.1209177470167
702.2516304158834, -644.8988726314666
702.2516135089198, -646.4759584458953
741.3211278985914, -657.3449953043286
745.8593344229045, -658.6075162064374
745.8593291773673, -657.7077978877946
745.8593323467123, -656.7581426220079
745.8593043266062, -656.0511964760022
745.8593148332322, -655.7481854372701
745.8593920917475, -653.6124137697985
745.8593193578778, -652.3072114056234
745.8593047712022, -643.9595712979354
745.8593047712023, -639.6032521671675
745.8591996164148, -632.973701950827
688.4879097198511, -617.013192241213
680.7459948204522, -614.8592581687791
671.2832971631271, -612.2268728664959
671.283297163127, -627.3919893572441
671.283297163127, -630.5366830086967
Holes:
Exterior:
927.5152624281415, 702.8915047986396
889.7818661156628, 702.8915047986396
889.7818661156628, 699.8943286489131
889.7818661156628, 696.4294076306709
862.7202126224433, 688.9009356106346
844.9818706932995, 683.9661813123115
844.9818706932995, 677.6477636959034
844.9818706932995, 669.318354163874
844.9818706932995, 659.862583469426
844.9818706932995, 645.5511117322334
844.9818706932995, 568.7392182047987
844.9818706932995, 517.9886269910224
844.9818706932995, 488.306827951079
844.9818706932995, 443.3829141003974
862.1647957095408, 444.728645678702
889.7818661156628, 446.8915582044013
904.0582127928861, 446.8915582044013
939.7485781136487, 446.8915582044013
939.7485781136487, 441.10467338509034
939.7485781136486, 414.89155057500676
954.0822915291102, 414.89155057500676
1003.7485790673229, 414.89155057500676
1003.748579067323, 706.235251285399
1003.748579067323, 734.8915505750068
996.8166787522345, 734.8915505750068
939.7485781136487, 734.8915505750068
939.7485781136486, 725.5491019829818
939.7485781136487, 702.8915047986396
927.5152624281415, 702.8915047986396
Holes:
Exterior:
794.0326763652808, -520.8621588519487
788.9467837339223, -522.4283080805766
788.9467837339223, -531.491465196495
788.9468042372392, -537.4611322334542
795.9862656967551, -535.2934012361322
801.7519377260702, -533.5178967371484
801.7519066065652, -523.2468542058679
801.7519066065652, -518.485063390382
794.0326763652808, -520.8621588519487
Holes:
Exterior:
794.0326763652808, 533.6780969160249
788.9468042372392, 535.244263901046
788.9468042372392, 526.9785923401965
788.9467837339223, 520.2114397481683
797.6965261481084, 517.517008475916
801.7519066065652, 516.2681708911084
801.7519377260702, 525.3288003995547
801.7519377260702, 531.3010284047401
794.0326763652808, 533.6780969160249
Holes:
Exterior:
-63.719509545619246, -248.64324281416845
-70.50712472104323, -247.03994616402153
-70.50712472104323, -259.09178530686523
-70.50712472104323, -266.95767095499997
-65.82930633486438, -269.2965715055327
-55.72701597358429, -274.34769802157103
-55.72701597358429, -258.3234262849361
-55.72701597358429, -256.1721591173569
-55.72701597358429, -252.93625607538462
-55.72701597358429, -250.53337352303367
-63.719509545619246, -248.64324281416845
Holes:
Exterior:
793.3380689722318, 626.4759494167397
788.9468319487876, 622.680429265837
788.9467837339223, 607.2689170634338
788.9468042372392, 597.1178104766686
795.9862656967551, 603.202295932633
801.7519377260702, 608.1857915491805
801.7519097130337, 627.4541419455005
801.7519097130337, 633.7483553780563
793.3380689722318, 626.4759494167397
Holes:
Exterior:
996.8166787522345, -417.1084189074151
939.7485781136487, -417.1084189074151
939.7485781136486, -426.45084522533875
939.7485781136486, -449.108388389837
904.0582127928861, -449.108388389837
889.7818661156628, -449.108388389837
862.1647957095408, -446.94545234834
844.9818706932995, -445.5997061388604
844.9818706932995, -475.28153553226423
844.9818706932995, -520.2054953234307
844.9818706932995, -570.9561168906673
844.9818706932995, -647.7680563585869
844.9818706932995, -657.2238270530349
844.9818706932995, -671.5352987902276
844.9818706932995, -676.8321942397522
844.9818706932995, -686.1831259386651
865.0679357823587, -691.7710098812888
889.7818661156628, -698.6463522570244
889.7818661156628, -702.1112732752666
889.7818661156628, -705.1084494249932
905.70229220153, -705.1084494249932
939.7485781136486, -705.1084494249932
939.7485781136487, -710.8953273458015
939.7485781136486, -737.1084189074151
954.0822915291099, -737.1084189074151
1003.7485790673223, -737.1084189074151
1003.7485790673229, -445.764718197023
1003.748579067323, -417.1084189074151
996.8166787522345, -417.1084189074151
Holes:
Exterior:
799.5253386871241, 438.5954217598885
801.7519449103244, 438.8706016065618
801.7519464565387, 468.14125068645654
801.7519066065652, 498.44573603154004
797.6965261481084, 497.3175478596946
788.9467837339223, 494.8833913725615
788.9467759820357, 446.21317492978477
788.9467983439432, 437.2890677910805
799.5253386871241, 438.5954217598885
Holes:
Exterior:
-18.137144087146226, -332.3072409288995
-14.044433810193937, -332.3072409288995
-14.044433810193937, -330.0314552452087
-14.044433810193937, -319.50725313593074
-22.99360330459774, -319.50725313593074
-28.82454255765299, -319.50725313593074
-28.82454255765299, -325.45007019093885
-28.82454255765299, -332.3072409288995
-18.137144087146226, -332.3072409288995
Holes:
Exterior:
-18.137144087146226, 345.02022689653626
-14.044433810193937, 347.0665858157861
-14.044433810193937, 351.3674117047498
-14.044433810193937, 354.40856473431563
-14.044433810193937, 368.2096576459473
-14.044433810193937, 369.2920424944459
-14.044433810193937, 372.51049031728735
-22.99360330459774, 376.9850915986599
-28.82454255765299, 379.90057199822576
-28.82454255765299, 366.94173138589304
-28.82454255765299, 361.7986373534261
-28.82454255765299, 352.6353379648041
-28.82454255765299, 349.3740241883735
-28.82454255765299, 339.67651778845214
-18.137144087146226, 345.02022689653626
Holes:
Exterior:
-18.137144087146226, 317.29034665654973
-14.044433810193937, 317.29034665654973
-14.044433810193937, 319.5661391226169
-14.044433810193937, 330.09037259649114
-22.99360330459774, 330.09037259649114
-28.82454255765299, 330.09037259649114
-28.82454255765299, 324.14753783049116
-28.82454255765299, 317.29034665654973
-18.137144087146226, 317.29034665654973
Holes:
Exterior:
-18.137144087146226, 302.36046477268206
-28.82454255765299, 307.70418375359685
-28.82454255765299, 294.7453704499691
-28.82454255765299, 285.5820437526421
-28.82454255765299, 280.4389605584429
-28.82454255765299, 267.480150730112
-20.069484631208297, 271.85769449348356
-14.044433810193937, 274.8702300891492
-14.044433810193937, 279.17105254376963
-14.044433810193937, 282.2122146366594
-14.044433810193937, 296.0132784646423
-14.044433810193937, 297.095654249817
-14.044433810193937, 300.31410207265844
-18.137144087146226, 302.36046477268206
Holes:
Exterior:
-18.137144087146226, -376.77374893354187
-14.044433810193937, -374.72739001429204
-14.044433810193937, -370.42657318865224
-14.044433810193937, -356.6254511933719
-14.044433810193937, -353.5842891004821
-14.044433810193937, -352.50189518865955
-14.044433810193937, -349.28345414819444
-22.99360330459774, -344.8088611339072
-28.82454255765299, -341.8933861208605
-28.82454255765299, -354.8522336059173
-28.82454255765299, -364.0155603032443
-28.82454255765299, -369.158665173979
-28.82454255765299, -372.4199720776855
-28.82454255765299, -382.117458041626
-18.137144087146226, -376.77374893354187
Holes:
Exterior:
-18.137144087146226, -391.703603233587
-28.82454255765299, -391.703603233587
-28.82454255765299, -397.64638486661136
-28.82454255765299, -404.5035147326104
-18.137144087146226, -404.5035147326104
-14.044433810193937, -404.5035147326104
-14.044433810193937, -402.22774261367226
-14.044433810193937, -391.703603233587
-18.137144087146226, -391.703603233587
Holes:
Exterior:
-24.256076559350674, -416.373954280469
-28.82454255765299, -414.0897060661829
-28.82454255765299, -423.64141375624325
-28.82454255765299, -428.44473430938757
-22.15336795416158, -430.3006338732354
-21.434510208088398, -430.5006182964164
-20.77546892903632, -430.68396192839873
-14.044433810193937, -432.55651902749895
-14.044433810193937, -426.79087858042453
-14.044433810193937, -422.09866472193767
-14.044433810193937, -421.70152770949335
-14.044433810193937, -421.4798096646083
-24.256076559350674, -416.373954280469
Holes:
Exterior:
-42.654333544208896, -334.9784729165907
-47.99679751959127, -332.3072409288995
-35.84209958060444, -332.3072409288995
-35.84209958060444, -323.27484053520556
-35.84209958060444, -319.50725313593074
-42.654333544208896, -319.50725313593074
-47.99679751959127, -319.50725313593074
-35.84209958060444, -313.4298704815489
-35.84207969913723, -296.3603130177953
-35.84207969913723, -284.2901348514736
-35.84207969913723, -283.2578309493787
-35.84208082514476, -280.4633147714227
-35.84209304516952, -272.5420872618507
-35.84209304516952, -263.4580905339244
-35.84209958060444, -255.23323009738405
-42.654333544208896, -253.6278264381294
-49.093648949195654, -252.1061934936025
-49.093648949195654, -272.7177309328385
-49.093648949195654, -277.6643692782124
-37.60434146490377, -283.4090017931573
-42.654333544208896, -283.4090017931573
-49.093648949195654, -283.4090017931573
-49.093648949195654, -286.97037422434414
-49.093648949195654, -296.2091421740167
-37.60434146490377, -296.2091421740167
-42.654333544208896, -298.73410114025586
-49.093648949195654, -301.9537746889616
-49.093648949195654, -315.019130696514
-49.09362879336834, -319.4131592576528
-49.09362879336834, -331.75882529201095
-49.09362879336834, -332.4013348071774
-49.093648949195654, -349.8607744426129
-37.60434146490377, -355.60542818475886
-42.654333544208896, -355.60542818475886
-49.093648949195654, -355.60542818475886
-49.093648949195654, -364.8441410676872
-49.093648949195654, -368.4054922716729
-37.60434146490377, -368.4054922716729
-42.654333544208896, -370.93048831132546
-49.093648949195654, -374.1501035594168
-49.093648949195654, -387.2155146337135
-49.09362879336834, -391.60950664733775
-49.09362879336834, -403.9550990957219
-49.09362879336834, -404.8588357689727
-49.093648949195654, -422.8059471942293
-40.01275476327021, -425.33221606080247
-35.84210118944918, -426.4924718101852
-35.84207492155463, -422.6064656706251
-35.84207492155463, -410.5809165125571
-42.654333544208896, -407.17478594083354
-47.99679751959127, -404.5035147326104
-35.84209958060444, -404.5035147326104
-35.84209958060444, -395.47116817626954
-35.84209958060444, -391.703603233587
-42.654333544208896, -391.703603233587
-47.99679751959127, -391.703603233587
-35.84209958060444, -385.6262430357974
-35.84207969913723, -368.55666746631766
-35.84207969913723, -367.52435486249044
-35.84207969913723, -355.45424863924796
-35.84209958060444, -351.15832069497094
-35.84209958060444, -338.38460112668906
-42.654333544208896, -334.9784729165907
Holes:
Exterior:
-42.654333544208896, 350.8635256657253
-49.093648949195654, 347.6438679632319
-49.093648949195654, 334.57842935556306
-49.09362879336834, 330.18446512078344
-49.09362879336834, 329.5419556056169
-49.09362879336834, 317.1962527782718
-49.093648949195654, 299.73684067620843
-37.60434146490377, 293.992197547663
-42.654333544208896, 293.992197547663
-49.093648949195654, 293.992197547663
-49.093648949195654, 290.4308463436773
-49.093648949195654, 281.19213346074895
-37.60434146490377, 281.19213346074895
-42.654333544208896, 278.6671374210964
-49.093648949195654, 275.447479718603
-49.093648949195654, 254.83591474599484
-49.093648949195654, 249.88928701422148
-42.3930958342703, 251.46515714909788
-35.84209958060444, 253.0163123897069
-35.84209958060444, 257.00933029054113
-35.84209304516952, 261.2411840545434
-35.84209304516952, 270.3251673928154
-35.84208082514476, 278.2464383745602
-35.84207969913723, 282.07326651906527
-35.84207969913723, 294.14337274230775
-35.84209958060444, 298.4392287435056
-35.84209958060444, 311.212975230464
-42.654333544208896, 314.6190754483266
-47.99679751959127, 317.29034665654973
-35.84209958060444, 317.29034665654973
-35.84209958060444, 326.32277396892016
-35.84209958060444, 330.09037259649114
-42.654333544208896, 330.09037259649114
-47.99679751959127, 330.09037259649114
-35.84209958060444, 336.1677327942807
-35.84207969913723, 353.23734433530007
-35.84207969913723, 365.30741458700294
-35.84207969913723, 366.33972501539705
-35.84209958060444, 370.63561698813453
-35.84209958060444, 383.4093634750929
-42.654333544208896, 386.81548330322147
-47.99679751959127, 389.48673490117864
-35.84209958060444, 389.48673490117864
-35.84209958060444, 398.51913529487257
-35.84209958060444, 402.2867226941474
-42.654333544208896, 402.2867226941474
-47.99679751959127, 402.2867226941474
-35.84207492155463, 408.3640704995229
-35.84210118944918, 414.41960239663445
-35.84210118944918, 424.2756034777768
-42.654333544208896, 422.38046766123614
-49.093648949195654, 420.5890576346199
-49.093648949195654, 408.8224507901858
-49.09362879336834, 402.6420383145671
-49.09362879336834, 401.73830705725885
-49.09362879336834, 389.3926410229007
-49.093648949195654, 371.9332013874652
-37.60434146490377, 366.18854764531926
-42.654333544208896, 366.18854764531926
-49.093648949195654, 366.18854764531926
-49.093648949195654, 356.94986229576307
-49.093648949195654, 353.38852170537785
-37.60434146490377, 353.38852170537785
-42.654333544208896, 350.8635256657253
Holes:
Exterior:
-28.82454255765299, -270.0531000746737
-28.82454255765299, -287.79891208505046
-28.82454255765299, -296.96229339978726
-28.82454255765299, -300.2235456860839
-28.82454255765299, -309.921072521986
-22.99360330459774, -307.00558673590103
-14.044433810193937, -302.5309771874431
-14.044433810193937, -298.2301649236985
-14.044433810193937, -295.18898470416093
-14.044433810193937, -281.38797904347547
-14.044433810193937, -277.0871623041458
-27.981971907004834, -270.1183461338032
-28.82454255765299, -269.6970579598009
-28.82454255765299, -270.0531000746737
Holes:
Exterior:
-28.82454255765299, -256.88646161953824
-28.82454255765299, -263.20631026941027
-28.82454255765299, -269.5986115587282
-27.981971907004834, -269.8330150464641
-14.044433810193937, -273.71044364883915
-14.044433810193937, -264.508005155074
-14.044433810193937, -260.36906112075246
-22.99360330459774, -258.26110870872384
-28.82454255765299, -256.88646161953824
Holes:
Exterior:
-28.82454255765299, 396.3439056391393
-28.82454255765299, 389.48673490117864
-22.99360330459774, 389.48673490117864
-14.044433810193937, 389.48673490117864
-14.044433810193937, 391.76252058486943
-14.044433810193937, 402.2867226941474
-22.99360330459774, 402.2867226941474
-28.82454255765299, 402.2867226941474
-28.82454255765299, 396.3439056391393
Holes:
Exterior:
-28.82454255765299, 267.38170357873133
-28.82454255765299, 267.11397345590666
-28.82454255765299, 254.66960827313287
-24.44098589956519, 255.6999762907176
-22.99360330459774, 256.04428657133747
-14.044433810193937, 258.1521927883441
-14.044433810193937, 269.3673255900656
-14.044433810193937, 271.4934856982269
-20.069484631208297, 269.8173345508845
-28.82454255765299, 267.38170357873133
Holes:
Exterior:
-61.32431823187318, -296.2091421740167
-55.72701597358429, -296.2091421740167
-55.72701597358429, -286.21776697942306
-55.72701597358429, -283.4090017931573
-65.51265257279903, -283.4090017931573
-70.50712472104323, -283.4090017931573
-70.50712472104323, -290.1331029793456
-70.50712472104323, -296.2091421740167
-61.32431823187318, -296.2091421740167
Holes:
Exterior:
-61.32431823187318, 353.38852170537785
-55.72701597358429, 353.38852170537785
-55.72701597358429, 356.1972617796013
-55.72701597358429, 366.18854764531926
-65.51265257279903, 366.18854764531926
-70.50712472104323, 366.18854764531926
-70.50712472104323, 360.11256277407614
-70.50712472104323, 353.38852170537785
-61.32431823187318, 353.38852170537785
Holes:
Exterior:
-61.32431823187318, -419.4033825069642
-55.72701597358429, -420.960555233716
-55.72701597358429, -408.2354186797471
-55.72701597358429, -404.34533938953524
-55.72701597358429, -392.9159404909906
-55.72701597358429, -391.703603233587
-55.72701597358429, -391.040431800686
-55.72701597358429, -377.4667625605053
-61.83461561121135, -380.5205398109881
-70.50712472104323, -384.85676231991783
-70.50712472104323, -388.53532668452294
-70.50712472104323, -389.7724539350124
-70.50712472104323, -393.2483511318844
-70.50712472104323, -406.2589195862396
-70.50712472104323, -416.8487439560184
-61.32431823187318, -419.4033825069642
Holes:
Exterior:
-61.32431823187318, -368.4054922716729
-55.72701597358429, -368.4054922716729
-55.72701597358429, -365.59674382676866
-55.72701597358429, -355.60542818475886
-65.51265257279903, -355.60542818475886
-70.50712472104323, -355.60542818475886
-70.50712472104323, -361.6814311638113
-70.50712472104323, -368.4054922716729
-61.32431823187318, -368.4054922716729
Holes:
Exterior:
-61.32431823187318, 281.19213346074895
-55.72701597358429, 281.19213346074895
-55.72701597358429, 291.18344910275874
-55.72701597358429, 293.992197547663
-65.51265257279903, 293.992197547663
-70.50712472104323, 293.992197547663
-70.50712472104323, 287.26813643980137
-70.50712472104323, 281.19213346074895
-61.32431823187318, 281.19213346074895
Holes:
Exterior:
-65.82930633486438, 380.3010300802996
-55.72701597358429, 375.2498848996595
-55.72701597358429, 385.4075036229024
-55.72701597358429, 388.8235825534461
-55.72701597358429, 389.48673490117864
-55.72701597358429, 390.69906807410814
-55.72701597358429, 402.12853509764994
-55.72701597358429, 418.7436785306269
-65.51265257279903, 416.0213370625112
-70.50712472104323, 414.63187562361003
-70.50712472104323, 406.893358457195
-70.50712472104323, 404.0420946737952
-70.50712472104323, 396.75744047202966
-70.50712472104323, 387.5556411784443
-70.50712472104323, 382.639939273389
-65.82930633486438, 380.3010300802996
Holes:
Exterior:
-65.82930633486438, -341.4929457497785
-55.72701597358429, -346.54409093041863
-55.72701597358429, -336.38645080158
-55.72701597358429, -332.970393276632
-55.72701597358429, -332.3072409288995
-55.72701597358429, -330.7062624892675
-55.72701597358429, -319.50725313593074
-55.72701597358429, -318.8441007881982
-55.72701597358429, -305.27044594560294
-65.82930633486438, -310.32157246164127
-70.50712472104323, -312.660473012174
-70.50712472104323, -316.33902187274623
-70.50712472104323, -317.5761594131964
-70.50712472104323, -321.0520773281735
-70.50712472104323, -334.2383346516338
-70.50712472104323, -339.1540365566891
-65.82930633486438, -341.4929457497785
Holes:
Exterior:
797.0085743811998, -440.32969910844696
793.7366975773646, -440.0983684025382
788.9467983439432, -439.5060124174342
788.946810570859, -454.0335645863884
788.9467837339223, -497.10027485344193
797.6965261481084, -499.534428273214
801.7519066065652, -500.66258019708306
801.75193991843, -443.0116695760453
801.7519449103244, -441.0874771557359
797.0085743811998, -440.32969910844696
Holes:
Exterior:
-55.72701597358429, 313.2110939726779
-55.72701597358429, 316.6271943088172
-55.72701597358429, 317.29034665654973
-55.72701597358429, 328.48938938556705
-55.72701597358429, 330.09037259649114
-55.72701597358429, 330.75351540163945
-55.72701597358429, 344.3271844510376
-61.83461561121135, 341.27338463222407
-70.50712472104323, 336.9371300773081
-70.50712472104323, 333.2585579606865
-70.50712472104323, 332.0214385313053
-70.50712472104323, 318.835181207845
-70.50712472104323, 315.3592529338154
-70.50712472104323, 310.4435587807765
-61.83461561121135, 306.1073122373572
-55.72701597358429, 303.0535180606263
-55.72701597358429, 313.2110939726779
Holes:
