Exterior:
21.7032170553141, 16.63449740437853
21.703296679688037, 22.23925633932594
21.703296679688037, 24.078138174330892
10.55544853803508, 27.347470338665936
8.902942106942646, 27.83212979507818
8.902942106942646, 15.552167283998003
8.902929132743338, 12.992704155109735
15.47363715894221, 11.065625918325562
10.55544853803508, 11.065625918325562
8.902929132743338, 11.065625918325562
8.902929132743338, 8.699494719706003
8.902929132743338, -11.334429013315063
15.47363715894221, -11.334429013315063
10.55544853803508, -12.776862339080928
8.902929132743338, -13.261507250099235
8.902929132743338, -26.533413667098426
8.902942106942646, -28.10094604893276
19.57989834011437, -24.96971087910584
21.703296679688037, -24.346950723531283
21.7032170553141, -16.90330049936803
21.7032170553141, -5.667225234303873
21.7032170553141, 16.63449740437853
Holes:
Exterior:
-54.825507435607506, 11.065625918325562
-57.94717055862134, 11.065625918325562
-62.84599216679385, 11.065625918325562
-62.84599216679385, -5.138963287625571
-62.84599216679385, -11.334429013315063
-54.825507435607506, -11.334429013315063
-48.90544551878088, -11.334429013315063
-42.01013004301717, -11.334429013315063
-36.936561927682305, -11.334429013315063
-36.936561927682305, 7.5386371296741705
-36.936561927682305, 11.065625918325562
-39.81654408187774, 11.065625918325562
-42.01013004301717, 11.065625918325562
-48.90544551878088, 11.065625918325562
-54.825507435607506, 11.065625918325562
Holes:
Exterior:
-54.825507435607506, -71.6580490418057
-48.90544551878088, -71.82055681551319
-42.01013004301717, -72.00014823579622
-36.936561927682305, -72.14096516824478
-36.936611265679176, -64.24786018209095
-36.93664733317246, -63.07671834006823
-39.32866084517764, -63.00617289259928
-41.18382801657299, -62.95003789690323
-44.82274160412226, -62.84425965131401
-46.11893617787655, -62.806079556376766
-46.975723303282166, -62.78083972659691
-54.825507435607506, -62.55583803103887
-57.977129989074, -62.468809349585314
-62.845961785424606, -62.33080488248244
-62.845961785424606, -68.92630615258012
-62.84603098246998, -71.45051460921476
-54.825507435607506, -71.6580490418057
Holes:
Exterior:
-54.825507435607506, 62.28703493604936
-54.8254582229506, 62.28831613606803
-46.11893617787655, 62.53725200029585
-44.82274160412226, 62.575435548298636
-41.18382801657299, 62.68122229550209
-36.93664733317246, 62.807915245078725
-36.936611265679176, 63.97904710838089
-36.936561927682305, 71.87221434155508
-42.01013004301717, 71.73140649506166
-48.90544551878088, 71.55175372052369
-54.825507435607506, 71.3892459468162
-56.78069865135626, 71.33996069272979
-62.84603098246998, 71.18171151422527
-62.84603098246998, 65.5926015283821
-62.845961785424606, 62.06198087418199
-57.977129989074, 62.19999191762354
-54.825507435607506, 62.28703493604936
Holes:
Exterior:
-54.825507435607506, 46.52263246903426
-57.977129989074, 47.44692140912989
-62.845961785424606, 48.87485497839277
-62.846036380158694, 39.34424953787934
-62.846036380158694, 33.896378708917894
-62.845961785424606, 28.290405330242407
-62.84599216679385, 24.116136952627702
-54.825507435607506, 26.700742571127982
-46.975723303282166, 29.230345738390522
-46.73095268480779, 29.309186709341187
-42.01013004301717, 27.924665843289816
-36.936561927682305, 26.436656504778895
-36.936561927682305, 28.773186570510944
-36.936623786354176, 32.465458107761116
-36.936623786354176, 41.50702851068057
-36.93660544747445, 47.69373868646763
-39.842430528271734, 46.75732109827875
-42.01013004301717, 46.05875192517425
-46.975723303282166, 44.458587661096615
-47.36266655199529, 44.33390594762243
-54.825507435607506, 46.52263246903426
Holes:
Exterior:
-54.825507435607506, -26.969569283599423
-57.94717055862134, -25.963608130784813
-62.84599216679385, -24.384940047617203
-62.846036380158694, -34.1651818039074
-62.846036380158694, -39.61305263286885
-62.845961785424606, -45.075935442535815
-62.845961785424606, -49.14367898669321
-54.825507435607506, -46.79145918150571
-47.36266655199529, -44.60270904261194
-46.975723303282166, -44.72739075608612
-42.01013004301717, -46.32755502016376
-36.93660544747445, -47.96254178145714
-36.936561927682305, -45.564822994852726
-36.936623786354176, -41.77586260116647
-36.936623786354176, -32.734292198247026
-36.936561927682305, -26.705459599768396
-39.81654408187774, -27.550109964622226
-42.01013004301717, -28.193468938279317
-46.73095268480779, -29.577989804330688
-46.975723303282166, -29.499148833380023
-54.825507435607506, -26.969569283599423
Holes:
Exterior:
4.23012591849465, -11.334429013315063
6.677730855229811, -11.334429013315063
6.677730855229811, -9.676176789948183
6.677730855229811, 11.065625918325562
-12.991119222806674, 11.065625918325562
-19.18762463406074, 11.065625918325562
-19.18762463406074, 4.5310958257655685
-19.18762463406074, -11.334429013315063
4.23012591849465, -11.334429013315063
Holes:
Exterior:
6.677730855229811, 61.748693241354154
-9.220996431198728, 56.6252491658452
-19.18762463406074, 53.413453573732376
-19.18762463406074, 46.58535591992352
-19.18762463406074, 38.185178782874914
-11.923366755666166, 40.52615824512023
6.677730855229811, 46.520547240015254
6.677730855229811, 58.47888689882757
6.677730855229811, 61.748693241354154
Holes:
Exterior:
6.677730855229811, -86.25246515977484
6.677730855229811, -81.54038202723912
6.677730855229811, -74.731494097387
6.677730855229811, -66.55963316254605
6.677730855229811, -64.3628616498436
0.5193807357827609, -64.1811351062608
-19.18762463406074, -63.59960175710607
-19.18762463406074, -67.40667300030044
-19.18762463406074, -78.12772149262861
-19.18762463406074, -82.49300073984003
-19.18762463406074, -85.51398726825832
-13.966397805454108, -85.61982707418065
-6.254452912822671, -85.84329099974279
0.03532163798104193, -86.007817981071
6.677730855229811, -86.25246515977484
Holes:
Exterior:
6.677730855229811, 81.27150263830431
6.677730855229811, 85.98358577084004
0.03499301077226846, 85.73896867233778
-6.255393670658123, 85.57450284479245
-13.966714480405471, 85.35096971074424
-19.18762463406074, 85.24510787932351
-19.18762463406074, 82.22412135090522
-19.18762463406074, 77.8588421036938
-19.18762463406074, 72.61978462598692
-19.18762463406074, 63.33075523390258
-8.924782597410967, 63.63361424578831
6.677730855229811, 64.09404828446158
6.677730855229811, 71.74195962730582
6.677730855229811, 74.4626147084522
6.677730855229811, 81.27150263830431
Holes:
Exterior:
6.677730855229811, -13.914120508218192
-9.007921960315116, -18.514458865981787
-19.18762463406074, -21.499994580137788
-19.18762463406074, -28.07067525816487
-19.18762463406074, -36.33961399840948
-11.923366755666166, -34.209083521354216
6.677730855229811, -28.753577118620015
6.677730855229811, -17.34038620840963
6.677730855229811, -13.914120508218192
Holes:
Exterior:
6.677730855229811, 28.484756408424918
-5.171013240414823, 31.95984477390033
-19.18762463406074, 36.07074148871367
-19.18762463406074, 34.732708866176154
-19.18762463406074, 21.231191485148283
0.4170253825484451, 15.481477110968143
6.677730855229811, 13.645317413228689
6.677730855229811, 26.38638502600279
6.677730855229811, 28.484756408424918
Holes:
Exterior:
6.677730855229811, -46.78936795021035
-5.171013240414823, -42.97101586634173
-19.18762463406074, -38.454051292570725
-19.18762463406074, -39.85599462729478
-19.18762463406074, -53.68225666872188
0.951226194831861, -60.17210168008488
6.677730855229811, -62.01749633634365
6.677730855229811, -48.92104338972743
6.677730855229811, -46.78936795021035
Holes:
Exterior:
-94.61073373678119, -11.334429013315063
-92.10138782413651, -11.334429013315063
-84.58591990692184, -11.334429013315063
-77.59107058240261, -11.334429013315063
-77.59107058240261, -1.4767407032684463
-77.59107058240261, 11.065625918325562
-87.70044268834044, 11.065625918325562
-92.10138782413651, 11.065625918325562
-97.97694767931011, 11.065625918325562
-98.70391260526435, 11.065625918325562
-99.84895328864604, 11.065625918325562
-102.28047370442187, 11.065625918325562
-102.25261797564735, 1.1343293245661947
-102.24149101087914, -0.13447784144006178
-102.26163260856174, -8.746134714724445
-102.28047370442187, -11.334429013315063
-99.84895328864604, -11.334429013315063
-98.70391260526435, -11.334429013315063
-97.97694767931011, -11.334429013315063
-94.61073373678119, -11.334429013315063
Holes:
Exterior:
27.97302680737971, 43.58529348250035
27.97302680737971, 29.507893193995518
27.97302680737971, 22.239331973013062
27.97302680737971, -12.06460186181916
27.97302680737971, -22.508135068002563
27.97302680737971, -29.776696288985026
27.97302680737971, -53.651781308236934
27.97302680737971, -58.38414695896953
27.97302680737971, -73.92857574183068
31.165619073762173, -74.01908149274215
34.37286811597346, -74.11000274378381
34.37286811597346, -77.66578496349052
34.37286811597346, -80.52037261683068
36.336753455477265, -80.57648984910321
42.227656584886745, -80.74481197044692
47.17346626050471, -80.88612579065881
47.17346626050471, -76.74214470602114
47.17346626050471, -74.475527035776
49.76178514173989, -74.55004410814001
53.573307569098574, -74.65977691370568
53.573307569098574, -54.877207546380646
53.573307569098574, -53.670397030893184
53.573307569098574, -53.00055198445116
53.573307569098574, -51.9471897726475
53.573307569098574, -23.699617611947875
53.573307569098574, -20.989794767719523
53.573307569098574, 23.430814516958375
53.573307569098574, 51.67838667765801
53.573307569098574, 53.40159393590369
53.573307569098574, 73.18401948856875
53.573307569098574, 74.39082123082557
49.76178514173989, 74.28117930128934
47.17346626050471, 74.2067239407865
47.17346626050471, 78.35070502542418
47.17346626050471, 80.61732269566932
42.227656584886745, 80.47596536750784
36.336753455477265, 80.3076104601684
34.37286811597346, 80.25149322789588
34.37286811597346, 76.69575332784616
34.37286811597346, 73.84119964879432
31.165619073762173, 73.75020192908063
27.97302680737971, 73.65962005895057
27.97302680737971, 68.92729002043936
27.97302680737971, 53.38297821324744
27.97302680737971, 43.58529348250035
Holes:
Exterior:
21.70328492748672, -69.52525887214216
21.70328492748672, -58.81886647231375
21.703296679688037, -53.51837293836405
21.703296679688037, -51.631331353083965
10.55544853803508, -48.03899333457805
8.902942106942646, -47.50645998557208
8.903054718188969, -60.37305333759279
8.903051259765789, -62.73461497363458
14.68933540112971, -64.59927581507287
10.381063260422934, -64.47121409594571
8.903053579082325, -64.42862634412754
8.902932188630984, -72.40701123078607
8.902929132743338, -73.39657438791157
10.55544853803508, -73.4406231176698
21.703296679688037, -73.754476448286
21.70328492748672, -69.52525887214216
Holes:
Exterior:
21.70328492748672, 58.55006337732426
21.70328492748672, 69.25637520890318
21.703296679688037, 72.36612328757377
21.703296679688037, 73.48553967382766
10.55544853803508, 73.17175357819231
8.902929132743338, 73.1277111169269
8.902932188630984, 72.13814015583164
8.903053579082325, 64.15982324913804
14.68933540112971, 64.33047272008338
10.381063260422934, 62.9420993928577
8.903051259765789, 62.46581187864508
8.902929132743338, 48.84622362462384
8.902942106942646, 47.23764373171751
19.57989834011437, 50.67824052273868
21.703296679688037, 51.36251880388358
21.70328492748672, 58.55006337732426
Holes:
Exterior:
-77.58382296837772, -38.62656223335952
-87.74793367761004, -41.607454464086146
-87.84557276372016, -41.636091279127285
-87.84805311832542, -56.333591760249064
-87.84797911269402, -56.47644061132986
-87.74862815760548, -56.44730353994762
-77.59053932047118, -53.467996414953724
-77.59053932047118, -45.52658391497749
-77.58382296837772, -38.62656223335952
Holes:
Exterior:
-77.58382296837772, 38.357759138370014
-77.59053932047118, 45.257780819987985
-77.59053932047118, 53.199152491129475
-81.59315028181572, 54.37304035488512
-87.74862815760548, 56.1784241510128
-87.84797911269402, 56.20756122239504
-87.84551510832648, 41.59664084682934
-87.84557276372016, 41.36728818413778
-79.53441264887897, 38.92985252318849
-77.58382296837772, 38.357759138370014
Holes:
Exterior:
-77.58382296837772, 34.59489921729572
-87.75077839864002, 31.318538715202042
-87.84561345081079, 31.287977623537017
-87.84797202479717, 16.19893270595205
-87.84789815296244, 16.059146068467033
-87.75133417544407, 16.090264196384595
-77.59055744474495, 19.36458808097244
-77.58379538658846, 31.674180078979134
-77.58382296837772, 34.59489921729572
Holes:
Exterior:
-77.58382296837772, -34.86370231228523
-77.59070781050605, -27.861039884081613
-77.59055744474495, -19.63339117596194
-81.5083293593757, -18.370877624295222
-87.75133417544407, -16.359067291374096
-87.84789815296244, -16.327949163456534
-87.84555458753402, -31.32090080333972
-87.84561345081079, -31.556856311838196
-79.53441264887897, -34.235114583548054
-77.58382296837772, -34.86370231228523
Holes:
Exterior:
70.14690977505768, -17.10709358469637
70.14710212183854, -29.560455277181923
77.0607329260489, -32.00519987804354
80.7180920580405, -33.29849293990038
80.72235350478968, -19.67043972311901
80.7212601350517, -17.621981354098306
76.88772263096575, -16.26636949837481
70.14894103606082, -13.883416460711965
70.14690977505768, -17.10709358469637
Holes:
Exterior:
96.06247150388162, -5.011158474123109
96.08617033423263, -0.13428220511218145
96.06247150388162, 4.742527671812618
96.13482042439136, 11.065625918325562
92.58765656274034, 11.065625918325562
92.0617751803461, 11.065625918325562
85.05604205844588, 11.065625918325562
78.0968125413483, 11.065625918325562
70.14912826959676, 11.065625918325562
70.14912826959676, 8.388909583441436
70.14912826959676, -11.334429013315063
73.69309085233067, -11.334429013315063
85.05604205844588, -11.334429013315063
92.0617751803461, -11.334429013315063
92.58765656274034, -11.334429013315063
96.13482042439136, -11.334429013315063
96.06247150388162, -5.011158474123109
Holes:
Exterior:
70.14710212183854, 48.07618047907276
77.05608394621152, 45.85623661753335
80.71808827496602, 44.67959202175541
80.72243234652422, 57.89913479590239
80.72141245004786, 59.89365880089763
77.0604943003633, 61.06996107699239
70.14923106893502, 63.29066177371722
70.14923106893502, 50.109170742956934
70.14710212183854, 48.07618047907276
Holes:
Exterior:
70.14710212183854, 29.291652182192422
70.14929237865465, 27.22134024328381
70.14894103606082, 13.614613365722466
71.7291766192817, 14.173416609022208
76.88772263096575, 15.99751772939754
80.7212601350517, 17.35311620640426
80.71727177232515, 30.097435582509984
80.7180920580405, 33.029689844910884
75.5263135148258, 31.19383060153392
70.14710212183854, 29.291652182192422
Holes:
Exterior:
70.14710212183854, -48.34504321789942
70.14923106893502, -50.37802973698335
70.14923106893502, -63.559520767743635
71.85758823560627, -63.01060226507869
77.0604943003633, -61.33879054526298
80.72141245004786, -60.162475822315365
80.71732539528352, -47.72704888190677
80.71808827496602, -44.948395116744905
75.5263135148258, -46.616590011794294
70.14710212183854, -48.34504321789942
Holes:
Exterior:
-87.82620378262641, -61.632629728758566
-92.20643941477124, -61.50577396035182
-102.2144144069016, -61.21566858998985
-102.21305097305753, -62.05081374225055
-102.2621977832489, -78.17129810187004
-102.28047370442187, -83.29500992979044
-94.22963659679885, -83.45881468905387
-91.95250016403838, -83.5129750694001
-87.8158751423, -83.61132182506904
-77.60805524595457, -83.89810371728474
-77.60805524595457, -79.82864007187422
-77.60803632878378, -67.04262767852596
-77.60803632878378, -61.9280320149371
-87.82620378262641, -61.632629728758566
Holes:
Exterior:
-102.21305097305753, 61.78200773962395
-102.2144144069016, 60.946865495000345
-92.20643941477124, 61.2369176721221
-84.52957617999937, 61.458861877041
-77.60803632878378, 61.659186545501335
-77.60803632878378, 66.77378220909021
-77.60805524595457, 79.55986482281558
-77.60805524595457, 83.62932846822612
-87.8158751423, 83.34244243613423
-91.95250016403838, 83.24409568046529
-94.22963659679885, 83.18998448810382
-96.91579330050149, 83.14557607725402
-102.28047370442187, 83.02614408608471
-102.21305097305753, 61.78200773962395
Holes:
Exterior:
80.7920932510649, -88.3057125227023
96.13482042439136, -88.806541128829
96.12362128922052, -71.51398284301624
96.08243690277322, -67.14558724687582
92.301297664098, -67.01404016131961
87.74874816518422, -66.87008404612587
85.56190670707997, -66.79327912317052
78.04519088681354, -66.5622455872065
70.15532039700065, -66.30763412749013
70.15532039700065, -74.03372823023116
70.15532039700065, -76.78852224651602
70.15532039700065, -87.97222297201965
73.92990917929228, -88.08141390849256
80.7920932510649, -88.3057125227023
Holes:
Exterior:
62.940678174567324, 11.065625918325562
67.8390578888201, 12.797782321920177
67.8390570424641, 14.989548949884263
67.8391506254402, 28.475516391203577
66.39361581593653, 27.96434763527559
55.02462580858344, 23.94402928421224
55.02462580858344, 23.431629903508103
55.0246250776695, 21.515035216041237
55.0246250776695, -18.313324195120796
55.0246250776695, -21.783838311030742
55.02462580858344, -24.212832379201743
55.61333423769304, -24.42101129627583
67.8391506254402, -28.744319486193078
67.8390570424641, -15.258352044873762
67.8390578888201, -13.066585416909678
66.52731492139014, -12.602730093515135
62.940678174567324, -11.334429013315063
67.8390578888201, -11.334429013315063
67.8390578888201, -9.428886276470681
67.8390578888201, 11.065625918325562
66.52731492139014, 11.065625918325562
62.940678174567324, 11.065625918325562
Holes:
Exterior:
55.02462557227523, 74.43335590215857
55.02462580858344, 74.14617035639114
55.02463247784749, 72.97267305612581
55.02463247784749, 55.44335906836104
55.02462580858344, 52.93526514202763
55.61333423769304, 52.74610491222941
67.8391506254402, 48.81775565525549
67.83915813472686, 50.246927246779144
67.83915813472686, 64.03291371275532
66.39361581593653, 64.49737393089471
62.377628858161074, 65.78776336949744
67.83915813472686, 65.96044989192119
67.83915813472686, 66.78168728289077
67.83914344127163, 68.10551455696894
67.83914344127163, 74.80746763237465
65.85378837932763, 74.74795410616761
55.02462557227523, 74.43335590215857
Holes:
Exterior:
55.02462580858344, -53.70134930380382
55.02463247784749, -55.71217473982288
55.02463247784749, -73.24161616253359
55.02462557227523, -74.7023080407781
56.03375004090162, -74.73221001760206
67.83914344127163, -75.07621300216734
67.83914344127163, -68.37437537715525
67.83915813472686, -66.22932211454805
62.377628858161074, -66.05664275843225
67.83915813472686, -64.30177876907423
67.8391506254402, -61.96764095250445
67.8391506254402, -49.086623340059916
66.39361581593653, -49.5510957877226
55.02462580858344, -53.20406823701713
55.02462580858344, -53.70134930380382
Holes:
Exterior:
96.13482042439136, 88.53766173989419
73.92990917929228, 87.81259964207895
70.15532039700065, 87.70342962351079
70.15532039700065, 76.51979544547184
70.15532039700065, 73.76500142918698
70.15532039700065, 66.03877423151658
74.35840946430346, 66.16844233745184
85.56190670707997, 66.52442379709674
92.301297664098, 66.74519958294388
96.08243690277322, 66.87678415188633
96.0880124481381, 80.5765061125348
96.13482042439136, 88.53766173989419
Holes:
