Exterior:
76.85058307585871, -192.55543656881085
77.19857472715466, -192.60021046307497
77.33855744314815, -192.61822115758835
77.33855744314815, -199.1877695344993
77.33855744314815, -199.2293204007524
77.43315767099148, -199.24159905607937
90.1385452361169, -200.8906973538774
90.1385452361169, -178.37819386931415
90.1385452361169, -67.34363924840866
90.13854523611678, -10.586123772234105
90.1385452361169, 69.18674100061477
90.1385452361169, 180.22135905432333
90.1385452361169, 202.73387540002884
77.43315767099148, 201.08470137214732
77.33855744314815, 201.07242215295852
77.33855744314815, 194.50298749770252
77.33855744314815, 194.46143735071243
76.85058307585871, 194.3986509064156
47.24227448416377, 190.58902371545852
47.24227448416366, 193.20353331592318
47.24227448416377, 197.19569790979446
36.67822845241278, 195.8460509296459
28.041072091585647, 194.742580539189
28.041072091585647, 189.4035868658132
28.041072091585534, 174.042022320047
28.041072091585534, 170.95658510102268
28.041072091585534, 169.13638699670852
28.041072091585647, 101.60237590763629
28.041072091585647, 64.31378594247762
28.041072091585534, 57.15938150420607
28.041072091585534, 53.20911038538039
28.041072091585534, 46.02493083659389
28.041072091585534, 43.19186548175191
28.041072091585647, 39.241587054727965
28.041072091585534, -55.316210766252816
28.041072091585534, -62.47061520452425
28.041072091585647, -64.29080965473948
28.041072091585647, -101.57946860564527
28.041072091585647, -169.1134796947175
28.041072091585647, -172.19889864324645
28.041072091585647, -187.56043235023813
28.041072091585647, -192.8993643460649
38.00925956905519, -194.17290511766055
47.24227448416366, -195.35251986364304
47.24227448416377, -192.73804045556363
47.24227448416366, -188.7459219632524
55.513341192290795, -189.810108028815
76.85058307585871, -192.55543656881085
Holes:
Exterior:
-11.253987272811855, 83.65218042395979
-18.042384138580132, 83.10130927126363
-18.042354419956723, 68.2774265804724
-18.042354419956723, 60.40823339640174
2.5763461107260355, 62.08142579964064
5.91632723354121, 62.35245658106745
5.91632723354121, 82.698991433284
5.916320652484501, 85.04549403515176
-11.253987272811855, 83.65218042395979
Holes:
Exterior:
-115.21766636520454, -197.4014386386504
-115.21766636520454, -197.36446749547898
-108.26172331857072, -197.36446749547898
-108.26172331857072, -197.15560119399615
-108.26172331857072, -191.93186521451386
-108.26172331857072, -190.50831011597552
-108.26172331857072, -188.63263449584164
-108.26172331857072, -187.99120547907037
-108.26172331857072, -187.0308560639856
-108.26172331857072, -186.66735961216628
-108.26172331857072, -186.0845627047041
-108.26172331857072, -182.4060476956743
-105.20397513261605, -182.78537745865188
-95.46173552560197, -183.99395357946335
-95.46173552560197, -171.64850241645405
-95.46173552560197, -170.80555331090866
-95.46173552560197, -154.57979858915044
-95.46173552560197, -153.31219088415085
-95.46173552560197, -89.2214893714842
-95.46173552560197, -84.21451937536179
-95.46173552560197, -81.20769036640934
-95.46173552560197, -42.719386929072726
-95.46173552560197, -38.767789815305285
-95.46173552560197, -36.394743784879
-95.46173552560197, 44.56256497522415
-95.46173552560197, 47.5693939841766
-95.46173552560197, 86.05769742151321
-95.46173552560197, 91.06467018184956
-95.46173552560197, 155.15540707727493
-95.46173552560197, 156.4230092538466
-95.46173552560197, 172.64869321008743
-95.46173552560197, 173.4916398774329
-95.46173552560197, 185.83705533166946
-105.20397513261605, 184.62853727918647
-108.26172331857072, 184.2492257418257
-108.26172331857072, 187.9277219889524
-108.26172331857072, 188.51051592391644
-108.26172331857072, 188.87401052175795
-108.26172331857072, 189.8343550386752
-108.26172331857072, 190.47578078390103
-108.26172331857072, 192.35144683733634
-108.26172331857072, 193.77499467517225
-108.26172331857072, 198.99870401150423
-108.26172331857072, 199.2075692476851
-114.71625169667664, 199.2075692476851
-115.21766636520454, 199.2075692476851
-115.21766636520454, 199.24465108290192
-115.21766636520454, 199.36158376549596
-120.13184050607072, 199.55356228967727
-125.33601671732777, 199.96826681714998
-127.73376921700822, 200.15933621545852
-129.9979072576532, 200.43537636350564
-129.9979072576532, 200.1305707256916
-129.9979072576532, 199.51219331670475
-129.9979072576532, 199.23838230625253
-129.9979072576532, 199.2075692476851
-135.23483960336762, 199.2075692476851
-137.33023629509626, 199.2075692476851
-137.33023629509626, 199.2352724291274
-137.33023629509626, 199.48144844852038
-137.33023629509626, 200.03741472896877
-137.33023629509626, 201.00607822913778
-137.33023629509626, 201.42570996397697
-142.5322006134926, 202.2917519869429
-147.74331123113188, 203.40838783266267
-149.92874602364884, 203.87668240686477
-152.1103450425553, 204.45777795160996
-152.1103450425553, 203.68346612434206
-152.1103450425553, 201.80035096282842
-152.1103450425553, 200.59910871449227
-152.1103450425553, 199.84963595431066
-152.1103450425553, 199.41947462098608
-152.1103450425553, 199.22900370852494
-152.1103450425553, 199.2075692476851
-152.13508331056596, 199.2075692476851
-152.35385329138012, 199.2075692476851
-152.84102060333748, 199.2075692476851
-153.66764272838373, 199.2075692476851
-154.93678945052625, 199.2075692476851
-156.79915239436855, 199.2075692476851
-159.46602224084972, 199.2075692476851
-161.20814851235866, 199.2075692476851
-161.20814851235866, 192.22553155087675
-161.20814851235866, 186.407619601689
-159.46602224084972, 186.407619601689
-156.79915239436855, 186.407619601689
-154.93678945052625, 186.407619601689
-153.66764272838373, 186.407619601689
-152.84102060333748, 186.407619601689
-152.35385329138012, 186.407619601689
-152.13508331056596, 186.407619601689
-152.1103450425553, 186.407619601689
-152.1103450425553, 183.00763429313028
-152.1103450425553, 180.05763638635696
-152.13508331056596, 180.05763638635696
-152.35385329138012, 180.05763638635696
-152.84102060333748, 180.05763638635696
-153.66764272838373, 180.05763638635696
-154.93678945052625, 180.05763638635696
-156.79915239436855, 180.05763638635696
-159.46602224084972, 180.05763638635696
-161.20814851235866, 180.05763638635696
-161.20814851235866, 173.07553626502155
-161.20814851235866, 167.2575722994429
-159.46602224084972, 167.2575722994429
-156.79915239436855, 167.2575722994429
-154.93678945052625, 167.2575722994429
-153.66764272838373, 167.2575722994429
-152.84102060333748, 167.2575722994429
-152.35385329138012, 167.2575722994429
-152.13508331056596, 167.2575722994429
-152.1103450425553, 167.2575722994429
-152.1103450425553, 163.85760741600063
-152.1103450425553, 160.90762723108352
-152.13508331056596, 160.90762723108352
-152.35385329138012, 160.90762723108352
-152.84102060333748, 160.90762723108352
-153.66764272838373, 160.90762723108352
-154.93678945052625, 160.90762723108352
-156.79915239436855, 160.90762723108352
-159.46602224084972, 160.90762723108352
-161.20814851235866, 160.90762723108352
-161.20814851235866, 153.9255687260995
-161.20814851235866, 148.10763943811477
-159.46602224084972, 148.10763943811477
-156.79915239436855, 148.10763943811477
-154.93678945052625, 148.10763943811477
-153.66764272838373, 148.10763943811477
-152.84102060333748, 148.10763943811477
-152.35385329138012, 148.10763943811477
-152.13508331056596, 148.10763943811477
-152.1103450425553, 148.10763943811477
-152.1103450425553, 144.70763370443962
-152.1103450425553, 141.7576180758101
-152.13508331056596, 141.7576180758101
-152.35385329138012, 141.7576180758101
-152.84102060333748, 141.7576180758101
-153.66764272838373, 141.7576180758101
-154.93678945052625, 141.7576180758101
-156.79915239436855, 141.7576180758101
-159.46602224084972, 141.7576180758101
-161.20814851235866, 141.7576180758101
-161.20814851235866, 134.77553876265037
-161.20814851235866, 128.95759213586868
-159.46602224084972, 128.95759213586868
-156.79915239436855, 128.95759213586868
-154.93678945052625, 128.95759213586868
-153.66764272838373, 128.95759213586868
-152.84102060333748, 128.95759213586868
-152.35385329138012, 128.95759213586868
-152.13508331056596, 128.95759213586868
-152.1103450425553, 128.95759213586868
-152.1103450425553, 125.55760682730997
-152.1103450425553, 122.60760892053665
-152.13508331056596, 122.60760892053665
-152.35385329138012, 122.60760892053665
-152.84102060333748, 122.60760892053665
-153.66764272838373, 122.60760892053665
-154.93678945052625, 122.60760892053665
-156.79915239436855, 122.60760892053665
-159.46602224084972, 122.60760892053665
-161.20814851235866, 122.60760892053665
-161.20814851235866, 115.62555041555262
-161.20814851235866, 109.8076211275679
-159.46602224084972, 109.8076211275679
-156.79915239436855, 109.8076211275679
-154.93678945052625, 109.8076211275679
-153.66764272838373, 109.8076211275679
-152.84102060333748, 109.8076211275679
-152.35385329138012, 109.8076211275679
-152.13508331056596, 109.8076211275679
-152.1103450425553, 109.8076211275679
-152.1103450425553, 106.40763581900919
-152.1103450425553, 103.45763791223587
-152.13508331056596, 103.45763791223587
-152.35385329138012, 103.45763791223587
-152.84102060333748, 103.45763791223587
-153.66764272838373, 103.45763791223587
-154.93678945052625, 103.45763791223587
-156.79915239436855, 103.45763791223587
-159.46602224084972, 103.45763791223587
-161.20814851235866, 103.45763791223587
-161.20814851235866, 96.47555859907615
-161.20814851235866, 90.65761197229446
-159.46602224084972, 90.65761197229446
-156.79915239436855, 90.65761197229446
-154.93678945052625, 90.65761197229446
-153.66764272838373, 90.65761197229446
-152.84102060333748, 90.65761197229446
-152.35385329138012, 90.65761197229446
-152.13508331056596, 90.65761197229446
-152.1103450425553, 90.65761197229446
-152.1103450425553, 87.2576062386193
-152.1103450425553, 84.30759060998977
-152.13508331056596, 84.30759060998977
-152.35385329138012, 84.30759060998977
-152.84102060333748, 84.30759060998977
-153.66764272838373, 84.30759060998977
-154.93678945052625, 84.30759060998977
-156.79915239436855, 84.30759060998977
-159.46602224084972, 84.30759060998977
-161.20814851235866, 84.30759060998977
-161.20814851235866, 77.32553210500575
-161.20814851235866, 71.50760281702102
-159.46602224084972, 71.50760281702102
-156.79915239436855, 71.50760281702102
-154.93678945052625, 71.50760281702102
-153.66764272838373, 71.50760281702102
-152.84102060333748, 71.50760281702102
-152.35385329138012, 71.50760281702102
-152.13508331056596, 71.50760281702102
-152.1103450425553, 71.50760281702102
-152.1103450425553, 68.10759708334587
-152.1103450425553, 65.15758145471634
-152.13508331056596, 65.15758145471634
-152.35385329138012, 65.15758145471634
-152.84102060333748, 65.15758145471634
-153.66764272838373, 65.15758145471634
-154.93678945052625, 65.15758145471634
-156.79915239436855, 65.15758145471634
-159.46602224084972, 65.15758145471634
-161.20814851235866, 65.15758145471634
-161.20814851235866, 58.17552294973231
-161.20814851235866, 52.357593661747586
-159.46602224084972, 52.357593661747586
-156.79915239436855, 52.357593661747586
-154.93678945052625, 52.357593661747586
-153.66764272838373, 52.357593661747586
-152.84102060333748, 52.357593661747586
-152.35385329138012, 52.357593661747586
-152.13508331056596, 52.357593661747586
-152.1103450425553, 52.357593661747586
-152.1103450425553, 48.95762877830531
-152.1103450425553, 46.00764859338821
-152.13508331056596, 46.00764859338821
-152.35385329138012, 46.00764859338821
-152.84102060333748, 46.00764859338821
-153.66764272838373, 46.00764859338821
-154.93678945052625, 46.00764859338821
-156.79915239436855, 46.00764859338821
-159.46602224084972, 46.00764859338821
-161.20814851235866, 46.00764859338821
-161.20814851235866, 39.025590088404186
-161.20814851235866, 33.20766080041946
-159.46602224084972, 33.20766080041946
-156.79915239436855, 33.20766080041946
-154.93678945052625, 33.20766080041946
-153.66764272838373, 33.20766080041946
-152.84102060333748, 33.20766080041946
-152.35385329138012, 33.20766080041946
-152.13508331056596, 33.20766080041946
-152.1103450425553, 33.20766080041946
-152.1103450425553, 29.8076550667443
-152.1103450425553, 26.857639438114774
-152.13508331056596, 26.857639438114774
-152.35385329138012, 26.857639438114774
-152.84102060333748, 26.857639438114774
-153.66764272838373, 26.857639438114774
-154.93678945052625, 26.857639438114774
-156.79915239436855, 26.857639438114774
-159.46602224084972, 26.857639438114774
-161.20814851235866, 26.857639438114774
-161.20814851235866, 19.87558093313075
-161.20814851235866, 14.05765164514602
-159.46602224084972, 14.05765164514602
-156.79915239436855, 14.05765164514602
-154.93678945052625, 14.05765164514602
-153.66764272838373, 14.05765164514602
-152.84102060333748, 14.05765164514602
-152.35385329138012, 14.05765164514602
-152.13508331056596, 14.05765164514602
-152.1103450425553, 14.05765164514602
-152.1103450425553, 10.657645911470858
-152.1103450425553, 7.707630282841334
-152.13508331056596, 7.707630282841334
-152.35385329138012, 7.707630282841334
-152.84102060333748, 7.707630282841334
-153.66764272838373, 7.707630282841334
-154.93678945052625, 7.707630282841334
-156.79915239436855, 7.707630282841334
-159.46602224084972, 7.707630282841334
-161.20814851235866, 7.707630282841334
-161.20814851235866, 0.3043726854644013
-161.20814851235866, -5.864528530635228
-159.46602224084972, -5.864528530635228
-156.79915239436855, -5.864528530635228
-154.93678945052625, -5.864528530635228
-153.66764272838373, -5.864528530635228
-152.84102060333748, -5.864528530635228
-152.35385329138012, -5.864528530635228
-152.13508331056596, -5.864528530635228
-152.1103450425553, -5.864528530635228
-152.1103450425553, -9.2644934140775
-152.1103450425553, -12.214473598994605
-152.13508331056596, -12.214473598994605
-152.35385329138012, -12.214473598994605
-152.84102060333748, -12.214473598994605
-153.66764272838373, -12.214473598994605
-154.93678945052625, -12.214473598994605
-156.79915239436855, -12.214473598994605
-159.46602224084972, -12.214473598994605
-161.20814851235866, -12.214473598994605
-161.20814851235866, -19.196532103978623
-161.20814851235866, -25.01446139196335
-159.46602224084972, -25.01446139196335
-156.79915239436855, -25.01446139196335
-154.93678945052625, -25.01446139196335
-153.66764272838373, -25.01446139196335
-152.84102060333748, -25.01446139196335
-152.35385329138012, -25.01446139196335
-152.13508331056596, -25.01446139196335
-152.1103450425553, -25.01446139196335
-152.1103450425553, -28.41442627540562
-152.1103450425553, -31.364406460322723
-152.13508331056596, -31.364406460322723
-152.35385329138012, -31.364406460322723
-152.84102060333748, -31.364406460322723
-153.66764272838373, -31.364406460322723
-154.93678945052625, -31.364406460322723
-156.79915239436855, -31.364406460322723
-159.46602224084972, -31.364406460322723
-161.20814851235866, -31.364406460322723
-161.20814851235866, -38.34650658165813
-161.20814851235866, -44.16447054723679
-159.46602224084972, -44.16447054723679
-156.79915239436855, -44.16447054723679
-154.93678945052625, -44.16447054723679
-153.66764272838373, -44.16447054723679
-152.84102060333748, -44.16447054723679
-152.35385329138012, -44.16447054723679
-152.13508331056596, -44.16447054723679
-152.1103450425553, -44.16447054723679
-152.1103450425553, -47.56443543067906
-152.1103450425553, -50.514415615596164
-152.13508331056596, -50.514415615596164
-152.35385329138012, -50.514415615596164
-152.84102060333748, -50.514415615596164
-153.66764272838373, -50.514415615596164
-154.93678945052625, -50.514415615596164
-156.79915239436855, -50.514415615596164
-159.46602224084972, -50.514415615596164
-161.20814851235866, -50.514415615596164
-161.20814851235866, -57.49651573693157
-161.20814851235866, -63.31447970251023
-159.46602224084972, -63.31447970251023
-156.79915239436855, -63.31447970251023
-154.93678945052625, -63.31447970251023
-153.66764272838373, -63.31447970251023
-152.84102060333748, -63.31447970251023
-152.35385329138012, -63.31447970251023
-152.13508331056596, -63.31447970251023
-152.1103450425553, -63.31447970251023
-152.1103450425553, -66.71448543618538
-152.1103450425553, -69.66450106481491
-152.13508331056596, -69.66450106481491
-152.35385329138012, -69.66450106481491
-152.84102060333748, -69.66450106481491
-153.66764272838373, -69.66450106481491
-154.93678945052625, -69.66450106481491
-156.79915239436855, -69.66450106481491
-159.46602224084972, -69.66450106481491
-161.20814851235866, -69.66450106481491
-161.20814851235866, -76.64660118615032
-161.20814851235866, -82.46456515172898
-159.46602224084972, -82.46456515172898
-156.79915239436855, -82.46456515172898
-154.93678945052625, -82.46456515172898
-153.66764272838373, -82.46456515172898
-152.84102060333748, -82.46456515172898
-152.35385329138012, -82.46456515172898
-152.13508331056596, -82.46456515172898
-152.1103450425553, -82.46456515172898
-152.1103450425553, -85.86448918493835
-152.1103450425553, -88.81443392614304
-152.13508331056596, -88.81443392614304
-152.35385329138012, -88.81443392614304
-152.84102060333748, -88.81443392614304
-153.66764272838373, -88.81443392614304
-154.93678945052625, -88.81443392614304
-156.79915239436855, -88.81443392614304
-159.46602224084972, -88.81443392614304
-161.20814851235866, -88.81443392614304
-161.20814851235866, -95.79649243112706
-161.20814851235866, -101.61442171911179
-159.46602224084972, -101.61442171911179
-156.79915239436855, -101.61442171911179
-154.93678945052625, -101.61442171911179
-153.66764272838373, -101.61442171911179
-152.84102060333748, -101.61442171911179
-152.35385329138012, -101.61442171911179
-152.13508331056596, -101.61442171911179
-152.1103450425553, -101.61442171911179
-152.1103450425553, -105.01442745278695
-152.1103450425553, -107.96444308141648
-152.13508331056596, -107.96444308141648
-152.35385329138012, -107.96444308141648
-152.84102060333748, -107.96444308141648
-153.66764272838373, -107.96444308141648
-154.93678945052625, -107.96444308141648
-156.79915239436855, -107.96444308141648
-159.46602224084972, -107.96444308141648
-161.20814851235866, -107.96444308141648
-161.20814851235866, -114.9465015864005
-161.20814851235866, -120.76443087438523
-159.46602224084972, -120.76443087438523
-156.79915239436855, -120.76443087438523
-154.93678945052625, -120.76443087438523
-153.66764272838373, -120.76443087438523
-152.84102060333748, -120.76443087438523
-152.35385329138012, -120.76443087438523
-152.13508331056596, -120.76443087438523
-152.1103450425553, -120.76443087438523
-152.1103450425553, -124.16443660806038
-152.1103450425553, -127.11445223668991
-152.13508331056596, -127.11445223668991
-152.35385329138012, -127.11445223668991
-152.84102060333748, -127.11445223668991
-153.66764272838373, -127.11445223668991
-154.93678945052625, -127.11445223668991
-156.79915239436855, -127.11445223668991
-159.46602224084972, -127.11445223668991
-161.20814851235866, -127.11445223668991
-161.20814851235866, -134.09651074167394
-161.20814851235866, -139.91444002965866
-159.46602224084972, -139.91444002965866
-156.79915239436855, -139.91444002965866
-154.93678945052625, -139.91444002965866
-153.66764272838373, -139.91444002965866
-152.84102060333748, -139.91444002965866
-152.35385329138012, -139.91444002965866
-152.13508331056596, -139.91444002965866
-152.1103450425553, -139.91444002965866
-152.1103450425553, -143.31444576333382
-152.1103450425553, -146.26446139196335
-152.13508331056596, -146.26446139196335
-152.35385329138012, -146.26446139196335
-152.84102060333748, -146.26446139196335
-153.66764272838373, -146.26446139196335
-154.93678945052625, -146.26446139196335
-156.79915239436855, -146.26446139196335
-159.46602224084972, -146.26446139196335
-161.20814851235866, -146.26446139196335
-161.20814851235866, -153.24651989694738
-161.20814851235866, -159.0644491849321
-159.46602224084972, -159.0644491849321
-156.79915239436855, -159.0644491849321
-154.93678945052625, -159.0644491849321
-153.66764272838373, -159.0644491849321
-152.84102060333748, -159.0644491849321
-152.35385329138012, -159.0644491849321
-152.13508331056596, -159.0644491849321
-152.1103450425553, -159.0644491849321
-152.1103450425553, -162.46445491860726
-152.1103450425553, -165.4144705472368
-152.13508331056596, -165.4144705472368
-152.35385329138012, -165.4144705472368
-152.84102060333748, -165.4144705472368
-153.66764272838373, -165.4144705472368
-154.93678945052625, -165.4144705472368
-156.79915239436855, -165.4144705472368
-159.46602224084972, -165.4144705472368
-161.20814851235866, -165.4144705472368
-161.20814851235866, -172.3965290522208
-161.20814851235866, -178.21445834020554
-159.46602224084972, -178.21445834020554
-156.79915239436855, -178.21445834020554
-154.93678945052625, -178.21445834020554
-153.66764272838373, -178.21445834020554
-152.84102060333748, -178.21445834020554
-152.35385329138012, -178.21445834020554
-152.13508331056596, -178.21445834020554
-152.1103450425553, -178.21445834020554
-152.1103450425553, -181.6145049241136
-152.1103450425553, -184.56455599645554
-152.13508331056596, -184.56455599645554
-152.35385329138012, -184.56455599645554
-152.84102060333748, -184.56455599645554
-153.66764272838373, -184.56455599645554
-154.93678945052625, -184.56455599645554
-156.79915239436855, -184.56455599645554
-159.46602224084972, -184.56455599645554
-161.20814851235866, -184.56455599645554
-161.20814851235866, -191.54657288508818
-161.20814851235866, -197.36446749547898
-159.46602224084972, -197.36446749547898
-156.79915239436855, -197.36446749547898
-154.93678945052625, -197.36446749547898
-153.66764272838373, -197.36446749547898
-152.84102060333748, -197.36446749547898
-152.35385329138012, -197.36446749547898
-152.13508331056596, -197.36446749547898
-152.1103450425553, -197.36446749547898
-152.1103450425553, -197.38583797285364
-152.1103450425553, -197.57637286877997
-152.1103450425553, -198.00653420210455
-152.1103450425553, -198.7559498242609
-152.1103450425553, -199.9572492106223
-152.1103450425553, -201.84029123537104
-152.1103450425553, -202.61461098766594
-150.66373696959204, -202.22928190999545
-149.92874602364884, -202.03350436071335
-145.7267844182038, -201.13315212621742
-142.5322006134926, -200.4486502347368
-140.8021663198274, -200.16060988368443
-137.33023629509626, -199.58255432327462
-137.33023629509626, -199.16290262832442
-137.33023629509626, -198.19431297676266
-137.33023629509626, -197.63834669631427
-137.33023629509626, -197.39208798085727
-137.33023629509626, -197.36446749547898
-131.82869917354287, -197.36446749547898
-129.9979072576532, -197.36446749547898
-129.9979072576532, -197.39518857476713
-129.9979072576532, -197.66909156449864
-129.9979072576532, -198.2874689734855
-129.9979072576532, -198.59225137364078
-128.49143796861165, -198.40860046928262
-127.73376921700822, -198.3162344632524
-123.4827728523046, -197.97748585691212
-120.13184050607072, -197.71046053747116
-118.42363504439231, -197.6437024739536
-115.21766636520454, -197.51841060156357
-115.21766636520454, -197.4014386386504
Holes:
Exterior:
20.331267650216887, -185.31906413526917
21.5353746378687, -185.47412123025487
22.74068886610189, -185.62531541841173
22.740701364947768, -181.72737847766584
22.740701364947768, -170.3116602073041
22.74068886610189, -164.8525810169938
22.74068886610189, -162.93475191835822
12.360740937153423, -154.39923009741236
11.164792092158905, -153.41582296432864
11.164835413262153, -170.17463770389105
11.164838688666578, -171.89354691576736
14.764704904085534, -174.8537100491899
12.008951905303775, -174.5053382297715
11.164838688666578, -174.39862923077575
11.164843043596079, -175.87645691329342
11.164829551612002, -177.57733790607594
11.164798786068218, -184.15338349885067
17.926901641336144, -185.01250341986957
20.331267650216887, -185.31906413526917
Holes:
Exterior:
171.32546352557165, -97.01591813516313
192.09174850945055, -98.88018780413994
192.09181280713807, -85.53421831436155
192.0917468690954, -76.04685271449533
191.78123730956702, -76.02137019812469
190.692574021974, -75.9190905576786
179.0963486511829, -74.86017873735916
171.30750479402099, -74.2079713773802
171.30544971844603, -74.20780385197598
171.30336594675276, -74.20765242114496
162.80246999244184, -73.51492854989259
162.72208891667754, -94.22241799239453
162.7078830481595, -96.24226713703686
165.53447486896266, -96.49601925433907
171.32546352557165, -97.01591813516313
Holes:
Exterior:
171.32546352557165, 98.85909618131456
165.53447486896266, 98.33923173245383
162.7078830481595, 98.08547722424106
162.74844820201668, 84.92630583113275
162.74846688917665, 84.92294234430801
162.74851989864828, 84.91958905690574
162.80246999244184, 75.3580854215973
179.0963486511829, 76.7033141403296
190.692574021974, 77.76219593295134
192.0917468690954, 77.88995664038781
192.09174365388856, 78.15519966415079
192.09174850945055, 100.72336585029136
178.39887169013576, 99.49412713052483
171.32546352557165, 98.85909618131456
Holes:
Exterior:
171.30480793117448, -156.67673077448197
162.76094182411305, -159.55683920216043
162.7866817566777, -169.08324986351658
162.7462233186011, -174.99919288674803
179.93886160570543, -169.20351323495993
192.0918753439833, -165.1067145781844
192.09188977535405, -150.33187303547535
192.09188802874263, -149.96341435258313
192.09188447831764, -149.66942328708583
192.09175408773615, -135.53282219286916
192.09175408773615, -130.98423081724704
175.2116199230344, -121.41783339679435
175.2092275268568, -121.41649117897853
171.3180799998155, -119.21113321574526
162.74057861977178, -114.35006347396451
162.72134647627945, -122.13699714243032
162.76093961189457, -133.7094836997516
171.30818754910496, -138.55329937655773
191.34254165954377, -149.9072027927239
191.35894318533565, -149.9164999661821
171.44628744337666, -156.62903367430522
171.44421403411513, -156.62970631325786
171.44211122814164, -156.63042708580267
171.30480793117448, -156.67673077448197
Holes:
Exterior:
348.24706574392945, -113.20255648473679
360.89819853747997, -114.54038688089783
360.89269602016134, -98.44096308691478
360.9062965676152, -92.07651261860758
340.95682685167134, -90.15326541809658
339.71521619555506, -90.03360109228107
330.029322644593, -88.99091726367321
328.389411062647, -88.84033183507849
312.34711838206874, -87.24813194425543
299.3549197404883, -86.01351795551848
299.3548797142999, -88.8774066685321
299.3544505261347, -94.13542030603861
299.3545343521265, -104.6725309990823
299.3544804737093, -108.50957372723815
310.2038534011741, -109.48355846856124
311.0713150115075, -109.56142794469773
310.2038534011741, -109.85385145350428
304.0026491308923, -111.94427292104898
299.35448047370926, -113.51117486817526
299.3546902809197, -125.95997015832731
299.3546902809197, -128.9483600238772
313.7784247057449, -124.08610462615064
316.04061947522416, -123.32352687759669
316.0411026091638, -123.32340609411179
316.04061947522416, -184.99080332094954
316.0404922576013, -201.22890841344773
313.7784247057449, -199.9469214564434
306.5055067577806, -195.82517831262518
299.3546902809197, -191.77262026288324
299.3545115670328, -209.45349144827009
299.3545115670328, -211.11928928325136
305.90301056814815, -214.8304403958696
302.0529761730708, -214.2837294861075
299.3545115670328, -213.89705102023967
299.3545527597206, -216.15974294332693
299.3547060767278, -222.83041320375443
310.7475319306717, -224.43136887052017
313.7784247057449, -224.86392741877103
330.0293340277202, -227.22343804487912
330.05182491202766, -239.01783028667566
330.0563951109697, -240.58245664630056
331.64609102427414, -240.81083065802994
333.2490607090821, -241.05027027009464
344.2766504228043, -242.66614407617084
345.2054678791319, -242.80688464930148
349.44838569674766, -243.4499364124691
361.0509126845541, -245.2031161819652
360.9791301374386, -233.42962687940053
360.90829349906573, -222.85913734784086
356.2057778980005, -222.17704166071664
349.04362842360956, -221.11539884149823
344.2515518279138, -220.40508639196335
344.2383444587997, -220.40316064215745
343.54277165780735, -220.30204808213185
342.3489163425805, -220.12850653739983
342.345805383783, -209.47233101361553
342.3482043043308, -205.3954459127341
342.34806609578254, -205.1669090414035
342.2488196681012, -205.2037714523284
341.7642322017789, -205.3837568178353
341.6410781951013, -205.42950045446335
341.6410781951013, -131.24468512008642
341.6410781951013, -129.60506808141648
341.7642498432288, -129.68242834323144
342.3481720450628, -130.04917934960264
342.348324099029, -129.75410757636988
342.3808835243135, -115.39581768434903
342.3540669873501, -112.62538437617896
345.610754502565, -112.94433542505843
348.24706574392945, -113.20255648473679
Holes:
Exterior:
348.24706574392945, 115.04562008997024
345.610754502565, 114.78741246810722
342.3540669873501, 114.46846577449794
342.34601152111037, 129.69790105917332
342.348324099029, 131.5972861704002
342.3481720450628, 131.89235794337432
342.2489103042951, 131.83001573034045
341.7642498432288, 131.52560638938286
341.6410781951013, 131.4482461275679
341.6410781951013, 205.63322795289997
341.6410781951013, 207.27260220666946
341.7642322017789, 207.22686036969662
342.34806609578254, 207.01001134037205
342.3482043043308, 207.2385476649402
342.3786556530151, 219.02533573793932
342.3489163425805, 221.97168458355125
344.2383444587997, 222.24633089175094
344.2515518279138, 222.24826443811477
349.04362842360956, 222.95856224927587
360.90829349906573, 224.7023001501142
360.9439223811962, 230.76972248398167
361.0509126845541, 247.04624143683768
352.7134185325692, 245.8113720202163
349.44838569674766, 245.29307631164787
345.2054678791319, 244.65000510040403
344.2766504228043, 244.5092839753496
333.2490607090821, 242.8933759644106
331.64609102427414, 242.65393832011858
330.0563951109697, 242.4255560121146
330.03463702068336, 230.46034502604917
330.0293340277202, 229.06660892146965
328.318956779685, 228.8245321132021
310.7475319306717, 226.27450204639632
310.0735200810176, 226.18144306986736
299.3547060767278, 224.67353544982743
299.3545527597206, 218.0029587322427
299.3545115670328, 216.51640660843879
299.3545115670328, 215.74029879147392
305.90301056814815, 216.67369473596634
301.9658513360646, 214.44244161881983
299.3545115670328, 212.96254033891682
299.3546902809197, 197.36111451047643
299.3546902809197, 193.6158130781849
313.7784247057449, 201.7900995025948
316.0404922576013, 203.07208645959915
316.04060589814515, 188.56695773263712
316.0411026091638, 125.16654599329055
316.04061947522416, 125.16669697264668
313.7784247057449, 125.92929118437948
306.5055067577806, 128.38099877757364
299.3546902809197, 130.7915528391789
299.3544804737093, 117.58120101651748
299.3544804737093, 115.35435841703769
310.2038534011741, 111.69703590234244
311.0713150115075, 111.40460599084915
310.2038534011741, 111.32673011202593
303.8824316187033, 110.75923630247652
299.3544804737093, 110.35274076796752
299.3544505261347, 95.97854968279647
299.3548797142999, 90.72051816142303
299.3549197404883, 87.85662681802746
312.34711838206874, 89.09130999040686
313.7784247057449, 89.2260414254075
330.029322644593, 90.83409530982463
339.7152622781825, 91.87677194977988
340.9571227149388, 91.99652431110623
360.90736642108493, 93.9203972786348
360.89368114327976, 100.20989899705154
360.89819853747997, 116.38348534906962
348.24706574392945, 115.04562008997024
Holes:
Exterior:
-49.87149288718979, 168.5258066959282
-46.55617334996123, 168.94491578569995
-46.55617334996123, 176.2936750521487
-46.556174835295224, 178.74132840104085
-49.19091514923514, 178.41444352150324
-57.50053621388042, 177.37383079788057
-57.50053621388042, 169.64256776010305
-57.50052124761362, 167.5613427537504
-49.87149288718979, 168.5258066959282
Holes:
Exterior:
-3.420389725858172, 98.57439121369302
5.916322435334564, 92.83479224769088
5.916322435334564, 104.90754039991293
5.9163422432263815, 108.0488885968341
-5.085698946525554, 114.81221582522666
-18.042400008258596, 122.77713122848185
-18.042400008258596, 120.59360530309341
-18.042335053502256, 107.56300826300766
-3.420389725858172, 98.57439121369302
Holes:
Exterior:
-2.3147596640400394, -195.72622731943784
-18.04238413858026, -193.69872655415594
-18.042384138580356, -193.6987265541559
-18.04238413858045, -193.69872655415588
-18.042384138580537, -193.69872655415585
-18.042384138580623, -193.69872655415583
-18.042384138580704, -193.69872655415577
-18.04238413858078, -193.6987265541557
-18.04238413858085, -193.69872655415563
-18.042384138580914, -193.69872655415557
-18.04238413858097, -193.69872655415548
-18.04238413858102, -193.6987265541554
-18.04238413858106, -193.69872655415531
-18.04238413858109, -193.69872655415523
-18.042384138581113, -193.69872655415514
-18.042384138581127, -193.69872655415503
-18.04238413858113, -193.69872655415494
-18.04238413858113, -185.60553828989455
-18.042340979583603, -170.70634048258717
-18.0423409795836, -170.70634048258705
-18.042340979583585, -170.70634048258697
-18.04234097958356, -170.70634048258688
-18.042340979583525, -170.70634048258677
-18.042340979583482, -170.70634048258668
-18.042340979583432, -170.7063404825866
-18.042340979583372, -170.7063404825865
-18.042340979583305, -170.70634048258646
-18.04234097958323, -170.70634048258637
-18.042340979583148, -170.7063404825863
-18.04234097958306, -170.70634048258628
-18.04234097958297, -170.70634048258623
-18.042340979582875, -170.7063404825862
-18.04234097958278, -170.70634048258617
-18.04234097958268, -170.70634048258617
-18.04234097958258, -170.70634048258617
-18.04234097958248, -170.70634048258617
-11.699452227468656, -171.508232973313
5.916419790982798, -173.7351505250919
5.916419790982892, -173.73515052509194
5.916419790982985, -173.73515052509197
5.916419790983075, -173.735150525092
5.916419790983161, -173.73515052509202
5.916419790983243, -173.73515052509208
5.916419790983319, -173.73515052509214
5.91641979098339, -173.7351505250922
5.916419790983453, -173.73515052509228
5.91641979098351, -173.73515052509237
5.916419790983559, -173.73515052509245
5.916419790983599, -173.73515052509254
5.916419790983631, -173.73515052509262
5.916419790983654, -173.7351505250927
5.916419790983668, -173.73515052509282
5.916419790983673, -173.7351505250929
5.916416911829037, -174.60713396366077
5.91632723354221, -183.50203292754787
5.916327233542206, -183.50203292754796
5.916327233542192, -183.50203292754807
5.916327233542169, -183.50203292754816
5.916327233542137, -183.50203292754824
5.916327233542096, -183.50203292754833
5.916327233542046, -183.5020329275484
5.916327233541989, -183.5020329275485
5.916327233541925, -183.50203292754858
5.916327233541854, -183.50203292754864
5.916327233541778, -183.5020329275487
5.916327233541695, -183.50203292754875
5.916327233541609, -183.50203292754878
5.9163272335415185, -183.5020329275488
5.916327233541425, -183.50203292754884
5.916327233541329, -183.50203292754887
5.916327233541233, -183.50203292754887
5.9163272335411365, -183.50203292754887
5.916327233541041, -183.50203292754887
5.916327233540946, -183.50203292754884
5.916327233540854, -183.5020329275488
5.916327233540765, -183.50203292754878
5.916327233540681, -183.50203292754873
5.916327233540602, -183.50203292754867
5.916327233540528, -183.5020329275486
5.916327233540461, -183.50203292754853
5.9163272335404, -183.50203292754847
5.916327233540347, -183.50203292754838
5.9163272335403025, -183.5020329275483
5.916327233540266, -183.5020329275482
5.916327233540239, -183.5020329275481
5.91632723354022, -183.50203292754802
5.916327233540219, -183.50203292754802
5.9152733480765995, -183.49408666080308
5.909153875537278, -183.4999197942064
5.909110681080255, -196.10497941216656
5.909107824862167, -196.582405096704
5.909107851513999, -196.69174609395336
5.909107851513994, -196.69174609395347
5.90910785151398, -196.69174609395355
5.909107851513955, -196.69174609395364
5.90910785151392, -196.69174609395375
5.909107851513878, -196.69174609395384
5.909107851513825, -196.69174609395392
5.909107851513765, -196.691746093954
5.909107851513697, -196.69174609395407
5.909107851513623, -196.69174609395415
5.909107851513542, -196.6917460939542
5.909107851513455, -196.69174609395424
5.909107851513364, -196.6917460939543
5.909107851513269, -196.69174609395432
5.9091078515131725, -196.69174609395435
5.909107851513074, -196.69174609395435
5.909107851512974, -196.69174609395435
5.909107851512874, -196.69174609395435
5.803424171334643, -196.67845241682855
5.803424171334645, -196.67845241682855
5.803424171334652, -196.67845241682855
-2.314759664040028, -195.72622731943784
-2.3147596640400394, -195.72622731943784
Holes:
Exterior:
162.72059308305944, -194.6746426038887
162.70081449610132, -206.80294873383417
162.72433997505232, -217.12819921081314
187.19466598374908, -220.46730526379588
187.71256341822055, -220.53797350334293
192.09177477479818, -221.13802636611808
192.0917698038911, -217.00183166413697
192.09176531951965, -206.95578402111045
192.09175194739322, -198.75188933201343
175.36095980579046, -196.46408767429352
171.32000431903538, -195.8802690176808
167.25623962658767, -195.29322757298343
167.2536013191479, -195.29287123895182
162.72059308305944, -194.6746426038887
Holes:
Exterior:
162.72059308305944, 196.51774435609482
167.25623962658767, 197.1363352880496
192.09175194739322, 200.5950292311922
192.0917698038911, 218.8449404715513
192.09177477479818, 222.98114044738963
189.76090408834978, 222.6605209531197
187.7125957259192, 222.38102238702965
187.19474217991893, 222.31035623560763
174.32650948801273, 220.54773314824675
162.72448669765117, 218.97128937677775
162.7003834371203, 208.37099248865908
162.73734308539724, 201.08093906294351
162.72059308305944, 196.51774435609482
Holes:
Exterior:
192.09175408773615, 132.82736174831214
192.09188447831764, 151.5125631862646
192.09188802874263, 151.80655643119078
192.09188977535405, 152.175014571631
192.0918753439833, 163.93162591824694
192.0918753439833, 166.9498777077501
174.56412133631278, 172.8584957646727
174.56175928881981, 172.85930274199805
171.33037195677696, 173.94860948048876
162.7462233186011, 176.8423537310251
162.72741660511804, 169.89119105228852
162.76094182411305, 161.39997014187836
171.30894631213687, 158.51845163756695
191.34263291846088, 151.76513774082954
191.35894318533565, 151.75963986536087
171.44628744337666, 140.47478470287464
171.44421403411513, 140.47364198262434
171.44211122814164, 140.472433894364
171.3040493782314, 140.39415915024492
162.76093961189457, 135.55263256065126
162.79029359309254, 123.6064159244187
162.74057861977178, 116.19321878067008
176.80367314930385, 124.16319923815642
192.09175408773615, 132.82736174831214
Holes:
Exterior:
244.64116205542632, 181.95548244935773
234.30615972270027, 176.09863091511903
234.30615688089523, 171.85933226330334
234.30618846490415, 156.75114883528997
235.08632454711022, 157.19327630081386
247.13718636165908, 164.02280981435266
247.13718687025715, 168.42128852297367
247.13718687025715, 183.3700254561027
244.64116205542632, 181.95548244935773
Holes:
Exterior:
244.64116205542632, -180.1122588354364
247.13718687025715, -181.52680059028808
247.13718636165908, -177.6456634159875
247.13718636165908, -162.1795707796266
244.7783146628663, -160.8427219051718
234.30618846490415, -154.90789868496967
234.30618906081594, -156.0425480880671
234.30615972270027, -174.25543522366124
244.64116205542632, -180.1122588354364
Holes:
Exterior:
244.64116205542632, -206.09849151361644
234.30614768198984, -204.65581829239136
234.30617458997818, -207.42350786005449
234.30618770164295, -213.6623235932579
237.28666955658616, -214.08777573056705
247.13717816000337, -215.4482997963748
247.13718687025715, -213.41903492210233
247.13718687025715, -206.45426205631253
244.64116205542632, -206.09849151361644
Holes:
Exterior:
11.164792092158905, 155.25895289806934
21.22188151835985, 163.52895230995904
22.74068886610189, 164.7778695078265
22.740701364947768, 172.1547924186101
22.740701364947768, 183.57053360639455
22.74068886610189, 186.45496952218178
22.74068886610189, 187.46846323622157
12.360740937153423, 186.14969323814933
11.164798786068218, 185.99650758239693
11.164829551612002, 179.42049108708844
11.164843043596079, 177.71964073793688
11.164838688666578, 176.95703155937923
11.164838688666578, 176.24180448604764
14.764704904085534, 176.69688809534134
12.008951905303775, 174.43083007896007
11.164838688666464, 173.73671938015966
11.164795388118364, 157.17407035361023
11.164792092158905, 155.25895289806934
Holes:
Exterior:
11.164795558092692, 35.92971846902492
21.187039903878485, 46.19137545565734
22.74068886610189, 47.78213200481365
22.740699980951945, 57.77589097713807
22.740699980951945, 80.17655122821208
22.74070606766054, 90.32938582651396
22.74068886610189, 96.12721617286205
22.74068886610189, 97.70630603045383
12.360740937153423, 104.08730144854869
11.164792092158905, 104.82249067203799
11.164792092158905, 91.59562456326827
11.164795388118364, 89.60837468889565
16.762807771519647, 86.16708815962113
17.109675607210534, 85.9538613619429
16.762807771519647, 85.92569115493257
12.360740937153423, 85.5684478488464
11.164795388118364, 85.47140125683936
11.164795388118364, 83.1193950744543
11.164795388118364, 62.77836966778055
16.437983712679284, 63.20628750940383
12.360740937153423, 59.03166011902997
11.164795388118364, 57.80714982825
11.164795388118364, 38.19717639674234
11.164795558092692, 35.92971846902492
Holes:
Exterior:
11.164795388118364, -55.963979689516805
16.437983712679284, -61.36310946325242
12.360740937153423, -61.03223823885162
11.164795388118364, -60.93519162162915
11.164795388118364, -63.28718989659607
11.164795388118364, -83.62821530326977
16.762807771519647, -84.08247621372675
17.109675607210534, -84.11060702184616
16.762807771519647, -84.32387321841532
12.360740937153423, -87.03000050377634
11.164795388118364, -87.76520059645334
11.164795388118364, -101.40243152028532
11.164792092158905, -102.97929440979004
21.22188151835985, -96.79687330752776
22.74068886610189, -95.86320427824772
22.74070606766054, -88.48621008818245
22.740699980951945, -78.33341462439692
22.740699980951945, -55.93271293098666
22.74068886610189, -48.20962933961148
22.74068886610189, -45.93895395866224
12.360740937153423, -35.3110485488313
11.164795558092692, -34.08654042287352
11.164795558092692, -53.04076686735477
11.164795388118364, -55.963979689516805
Holes:
Exterior:
-55.12126217794241, 119.22952295454066
-57.50053621388042, 117.27307135486335
-57.50053621388042, 102.6852751719598
-57.500522351886275, 98.79537974665618
-50.065976926497115, 104.90885757229414
-46.55617334996123, 107.79497508647434
-46.55614365094448, 125.0914509285573
-46.556137535849984, 126.2726217175371
-46.55610681142741, 137.09018070490745
-46.55610681142741, 140.3055770873274
-55.12126217794241, 145.57084486805468
-57.50052124761362, 147.03347763715888
-57.50052124761362, 135.89141733366515
-57.50053621388042, 131.81934824409774
-47.37808684396134, 125.59672940393509
-55.12126217794241, 119.22952295454066
Holes:
Exterior:
-55.12126217794241, 80.092365632767
-57.500522351886275, 79.89929396887847
-57.500522351886275, 63.65544897085229
-57.5005213675214, 57.206177064619226
-49.861528705328965, 57.8261068599724
-46.55617334996123, 58.09435178634114
-46.55617334996123, 75.15288799158279
-46.55617334996123, 80.7873944111286
-55.12126217794241, 80.092365632767
Holes:
Exterior:
-55.12126217794241, -128.51362415832904
-57.50053621388042, -129.976222400076
-57.50053621388042, -141.98741276559963
-57.50052124761362, -145.1903022841809
-49.40893977845417, -140.21620973591345
-46.55610681142741, -138.46242106388232
-46.556137535849984, -124.42951700373573
-46.55614365094448, -123.24834429933412
-46.55617334996123, -110.53965671177667
-46.55617334996123, -105.9517780971761
-55.12126217794241, -98.90862141327796
-57.500522351886275, -96.95215271237097
-57.500522351886275, -110.17865092467369
-57.50053621388042, -115.42995354144684
-47.37808684396134, -123.75362765172898
-55.12126217794241, -128.51362415832904
Holes:
Exterior:
-55.12126217794241, -55.55608761102963
-57.5005213675214, -55.363019374071335
-57.5005213675214, -72.0014875687868
-57.500522351886275, -78.05609424040479
-50.065976926497115, -78.65943185866261
-46.55617334996123, -78.94425477262885
-46.55617334996123, -61.885661216588716
-46.55617334996123, -56.251173740189735
-55.12126217794241, -55.55608761102963
Holes:
Exterior:
-55.12126217794241, -7.962785589387232
-57.50053621388042, -10.012710712220512
-57.50053621388042, -25.11251525818031
-57.5005213675214, -29.13895693156236
-49.861528705328965, -22.557284413928585
-46.55617334996123, -19.709419977077946
-46.55616614143048, -1.4578532403421793
-46.55616614143048, -0.5831195581449482
-55.12126217794241, -7.962785589387232
Holes:
Exterior:
-55.12126217794241, 28.93216907987459
-57.5005213675214, 30.982114622110252
-57.5005213675214, 16.958819844053252
-57.50053621388042, 11.855828525637031
-47.03753194844944, 2.8410304321253133
-46.55616614143048, 2.4262976042963675
-46.55617334996123, 16.803645309861327
-46.55617334996123, 21.552521729284063
-55.12126217794241, 28.93216907987459
Holes:
Exterior:
-55.12126217794241, -166.01898999182734
-57.50052124761362, -165.71825121158082
-57.50052124761362, -172.88994208789595
-57.50053621388042, -175.53063066596692
-49.19091514923514, -176.5713325859015
-46.556174835295224, -176.8982361205882
-46.556174835295224, -169.54946564682666
-46.55617334996123, -167.10172826797512
-55.12126217794241, -166.01898999182734
Holes:
Exterior:
5.909108036999328, 198.49337604672124
5.909107851512999, 198.53488588514128
-11.873618746556645, 196.32060848573062
-18.042384138580132, 195.5418035546704
-18.042340979582605, 180.28395939359208
-18.042340979582605, 172.54953133028923
3.043941243024051, 175.215188443576
5.916419790982673, 175.57831844138323
5.9163306130153615, 184.32413613417333
5.91632723354121, 185.34517282672664
5.912128569805418, 185.33213466693496
5.909153909945189, 185.33301844241805
5.909153909945189, 186.77674969093073
5.909110681079255, 197.94811931134532
5.909107824861167, 198.42554531121053
5.909108036999328, 198.49337604672124
Holes:
Exterior:
237.83412525732263, -80.16096610397204
234.3061930766226, -79.83689401399481
234.3061930766226, -81.9849277092168
234.30615688089523, -102.66993735880092
237.53975854763974, -102.96022967353822
247.1371989771324, -103.82187692745303
247.1372034489533, -97.63099270889272
247.13714546288418, -81.0379331694373
245.96325757515308, -80.92555437848863
237.83412525732263, -80.16096610397204
Holes:
Exterior:
237.83412525732263, 82.00412317274102
247.13714546288418, 82.88104363935022
247.1371417317868, 84.77272570842413
247.1371989771324, 105.66499492138405
244.7783146628663, 105.45322881962908
234.30615688089523, 104.51314519311134
234.3061728696017, 98.44544022567781
234.3061930766226, 83.82810933830268
234.3061930766226, 81.68007206014623
237.83412525732263, 82.00412317274102
Holes:
Exterior:
243.61917144136618, 216.78437971621833
234.30618770164295, 215.505519320523
234.30617390244697, 214.4233517321021
234.30614768198984, 206.49898378823016
237.6398143266519, 206.9727349155593
247.13718687025715, 208.29745744784503
247.13717816000337, 211.37993545227877
247.13717816000337, 217.2914265655768
243.61917144136618, 216.78437971621833
Holes:
Exterior:
247.13719522593146, 148.39417440546663
244.7783146628663, 149.18935286502273
234.30618846490415, 152.7195280671707
234.30618846490415, 151.87177289014795
234.30615688089523, 137.2820861175339
237.53975854763974, 136.19204129894024
247.1371989771324, 132.95683744964086
247.13719522593146, 136.05369538218875
247.13719522593146, 148.39417440546663
Holes:
Exterior:
247.13719522593146, -146.55094302327512
247.1371989771324, -143.26459565373827
247.1371989771324, -131.11362937737923
244.7783146628663, -131.90880968252526
234.30615688089523, -135.43893785954148
234.30615688089523, -138.8215825677718
234.30618846490415, -150.87628210662686
235.08632121324115, -150.61329785609522
247.13719522593146, -146.55094302327512
Holes:
Exterior:
-9.44345668000642, -115.64795311841476
5.9163422432263815, -106.20571217194677
5.9163422432263815, -94.95680294286574
5.916322435334564, -90.99161420153946
-6.900476097532305, -98.87050646294418
-18.042335053502256, -105.719805867601
-18.042335053502256, -110.57541260280298
-18.042400008258596, -120.93404572387874
-9.44345668000642, -115.64795311841476
Holes:
Exterior:
-9.44345668000642, 138.31276658063862
5.9163422432263815, 150.94314664005142
5.916416283731223, 165.19594982776212
5.91641155701177, 169.42091978114942
-7.633517091126805, 158.27878788788195
-18.04233919671333, 149.71959383117124
-18.04236228906268, 143.29233090703875
-18.042400008258596, 131.24183435933844
-9.44345668000642, 138.31276658063862
Holes:
Exterior:
-18.042400008258596, -129.39875432957774
-18.042389959420575, -132.21139462727274
-18.04233919671333, -147.87644005956224
-1.7654000628864424, -161.2609857769038
5.91641155701177, -167.5777482820149
5.916330494810381, -152.75244411086376
5.9163422432263815, -149.10002662499102
-5.085698946525554, -140.0530031377688
-18.042400008258596, -129.39875432957774
Holes:
Exterior:
-18.042384138580132, -73.28941599886458
-18.042384138580132, -81.2580549311669
2.5763461107260355, -82.93127143512984
5.916320652484501, -83.202307915919
5.916320652484501, -62.910557695034576
5.91632723354121, -60.50928642381146
-11.471043741927247, -59.09831677624717
-18.042354419956723, -58.56505535025033
-18.042384138580132, -73.28941599886458
Holes:
Exterior:
-18.042378568457593, 20.94332803590896
-18.042349241061174, 6.025017317360294
-10.340878150462459, 13.910425053631924
5.916336912252746, 30.555910958157128
5.916336912252746, 46.600631352413565
5.916325881770604, 52.43332137078301
-7.003564110297475, 39.20484163535772
-18.042363940244286, 27.902381634265026
-18.042378568457593, 20.94332803590896
Holes:
Exterior:
-18.042363940244286, -26.05925529317527
-3.4482219748630314, -41.001954388598584
5.916325881770604, -50.5901591024008
5.916325881770604, -33.23702456788926
5.916336912252746, -28.712732912005706
-4.9025474271794565, -17.635452150392272
-18.042349241061174, -4.181839271208879
-18.04234357931955, -6.94496845815764
-18.042363940244286, -26.05925529317527
Holes:
