Exterior:
-170.7959146439582, 201.00640516631188
-165.99576733077515, 201.68129576569515
-165.96951079495386, 218.9263508359368
-165.9641927837124, 223.98309117648114
-176.07319418492023, 222.62197139945616
-189.8814103653092, 220.74335903719177
-189.88142654753722, 214.50300888487178
-189.88146795913576, 205.6166808054951
-189.88146269084746, 198.35978266606
-170.7959146439582, 201.00640516631188
Holes:
Exterior:
-170.7959146439582, -204.31958769700879
-180.1475863678353, -203.00474539136647
-182.57346805154293, -202.66369340477922
-189.88146269084746, -201.6729651967569
-189.88142654753722, -217.8162189182394
-189.8814103653092, -224.0565611137875
-169.1472489179655, -226.86396444437221
-165.96331278515993, -227.29565882177008
-165.96794923319487, -223.030315974159
-165.99576733077515, -204.99449215763642
-170.7959146439582, -204.31958769700879
Holes:
Exterior:
171.31472643064672, 260.8257219233079
160.55618062879296, 259.1168528469829
155.57583697173595, 258.3256513188801
155.57583697173595, 243.39694830256178
155.57583697173595, 232.92999091848944
155.57583697173595, 182.38684161102307
155.57583697173595, 146.9495374272785
155.57583697173595, 125.4914497416527
155.57583697173595, 110.44654670462225
164.53350914962613, 111.46258193175912
181.17581255767345, 113.35025611624334
181.17581255767345, 145.029816556494
181.17581255767345, 153.82449928030584
181.17581255767345, 219.6629077634611
181.17581255767345, 237.94055762991522
181.17581255767345, 257.07409155444793
181.17581255767345, 262.38582435354806
175.0753930792864, 261.42059558884836
171.31472643064672, 260.8257219233079
Holes:
Exterior:
171.31472643064672, -264.1389044540048
175.0753930792864, -264.7337490227426
181.17581255767345, -265.6989305902996
181.17581255767345, -246.565456381736
181.17581255767345, -241.25374016061213
181.17581255767345, -222.9760737161818
181.17581255767345, -157.13760551705744
181.17581255767345, -148.34295594919814
181.17581255767345, -116.66351494088556
174.37689278632365, -115.89230852557984
155.57583697173595, -113.7596910883465
155.57583697173595, -135.21773392498497
155.57583697173595, -150.26260551705744
155.57583697173595, -185.69997259071798
155.57583697173595, -236.243211596159
155.57583697173595, -251.17186976348995
155.57583697173595, -261.6387957026043
160.0958933862462, -262.35704361996767
160.55618062879296, -262.4300093014583
171.31472643064672, -264.1389044540048
Holes:
Exterior:
40.66992848224044, -101.29440872566533
40.67092127399303, -103.25317409820742
40.63774877805679, -106.60864951870774
40.685752323483996, -123.91323342894222
44.06529374315545, -124.27062370299191
70.41866633706428, -127.0575714384666
70.4185912496921, -105.15964205306877
70.41858585367254, -104.42317795555186
62.70492698167277, -103.60264120741482
40.66992848224044, -101.29440872566533
Holes:
Exterior:
40.66992848224044, 97.98115324350773
44.11517547562141, 98.35503408643977
62.70492698167277, 100.28941064964461
70.41858585367254, 101.1099572778823
70.41859107772024, 108.60418874884013
70.41866633706428, 123.74433423579778
47.74121337556062, 121.34618265729982
40.685752323483996, 120.60010905509151
40.63774877805679, 103.29540869799933
40.66992848224044, 97.98115324350773
Holes:
Exterior:
228.6913941085523, 164.63694899753662
234.85376784417886, 168.8524296161477
241.8374742018048, 173.62975091166692
241.79818513713073, 190.12649631715087
241.8021342742173, 195.2970070698519
232.96937194791258, 189.25479975776094
228.66825870111944, 186.3125544901375
228.6985839694142, 175.90383845497198
228.6913941085523, 164.63694899753662
Holes:
Exterior:
228.6913941085523, -167.95011077711914
228.6638917677937, -180.46443851931733
228.66825870111944, -189.62568368667883
238.28476141312913, -196.20402497976926
241.8021342742173, -198.61014309735376
241.84601257804079, -185.16342176370935
241.8374742018048, -176.94294071829958
234.85376784417886, -172.16559399265762
228.6913941085523, -167.95011077711914
Holes:
Exterior:
53.59967120025158, 168.88053718313787
60.42964767168769, 166.34371949277963
70.4186353140289, 162.63358584760059
70.4186353140289, 165.3612923167606
70.41869407316335, 178.5787753875224
70.18361331058372, 178.66608921625567
69.55273516509533, 178.90041175589178
69.74732358696883, 179.0226300586243
70.41869407316335, 179.44430515672866
70.4186937033707, 179.6752482593703
70.41864224901451, 199.9959436844503
57.513260888911645, 191.89025189127852
48.99090655181408, 186.537550122591
40.647706853057116, 189.63638169186294
40.62579235328735, 181.28360056458578
40.63511754711158, 177.8306750859028
40.632389507381504, 177.0132566290953
40.627277250664974, 173.69874835505928
40.63350892736827, 172.18177267492214
40.65854533331094, 160.75245523655528
53.59967120025158, 168.88053718313787
Holes:
Exterior:
53.59967120025158, -172.19368156686213
40.65854533331094, -164.0656207758656
40.627277250664974, -177.01191680541177
40.632389507381504, -180.32643915979222
40.62579235328735, -184.59676495078298
40.63059257543199, -185.8127857592968
40.647706853057116, -192.9495260755872
48.99090655181408, -189.85069450631525
57.513260888911645, -195.20342933147157
70.41864224901451, -203.30907969517867
70.41864882584179, -199.03055235982131
70.41869407316335, -182.7574872863612
69.74732358696883, -182.33581172895003
69.55273516509533, -182.2135942865887
70.18361331058372, -181.979271136356
70.41869407316335, -181.89195751715494
70.41869407316335, -181.72431502240747
70.4186353140289, -165.94674328267686
60.42964767168769, -169.65686387650388
53.59967120025158, -172.19368156686213
Holes:
Exterior:
242.49020881251366, 262.97926826692526
247.71676230531898, 263.8231514593773
250.24182811975206, 264.2415291283052
260.97241969668653, 265.963339093507
260.9684335590051, 276.40950792283826
261.0228056733319, 288.81239815794277
251.18351548357592, 287.21327895862913
236.87905162890434, 284.84853376319836
231.20916249065684, 283.9176588652355
228.65561393439347, 283.4890638760648
228.64326426749514, 275.71814477554096
228.67534218145005, 264.75353817647806
228.67534218145005, 260.79870701470014
233.49354850988445, 261.5647125728461
238.56243919832104, 262.37057230078307
242.49020881251366, 262.97926826692526
Holes:
Exterior:
242.49020881251366, -266.2924507976221
233.49354850988445, -264.87788088427254
228.67534218145005, -264.1118730381838
228.64326426749514, -279.031302135721
228.65561393439347, -286.80223440251234
236.87905162890434, -288.1617162938952
251.18351548357592, -290.52644994635534
261.0228056733319, -292.1255981701431
261.1305490908372, -288.03822749844466
261.02953252390284, -282.25143207294786
261.01289515350453, -278.4760018673937
260.97241969668653, -269.27652162420384
250.24182811975206, -267.55471165900207
247.71676230531898, -267.13633399007415
242.49020881251366, -266.2924507976221
Holes:
Exterior:
40.67594899520259, -235.00827649276633
40.638486567073414, -251.090807982406
40.63535536775072, -257.2525176557297
42.8535020512258, -257.5848380585615
70.4185791637558, -261.78798548419724
70.41858380026821, -260.5223035022851
70.41864624899068, -239.4998140041251
60.678977452229105, -237.99597908819635
53.30477323414061, -236.89459105990312
40.67594899520259, -235.00827649276633
Holes:
Exterior:
40.67594899520259, 231.69509767521103
53.30477323414061, 233.58137038223356
60.678977452229105, 234.68279584860142
70.41864624899068, 236.1866143075996
70.41866973511225, 245.7017104294877
70.41858380026821, 257.20904684036645
70.4185791637558, 258.4747305698892
42.879282046242395, 254.27538103198233
40.63513858462005, 253.93917221217498
40.66964112490916, 243.9170429239475
40.67594899520259, 231.69509767521103
Holes:
Exterior:
-185.2151606775858, -137.61916372243226
-189.8814648193612, -134.97466312514644
-189.88143060935386, -151.40756117159117
-189.8814225901525, -152.70107689733874
-189.8814330226229, -154.3222252715078
-189.88146869183186, -164.28669794240508
-189.88146869183186, -166.84486559065323
-176.02618329193604, -162.17422661080744
-165.9653317445783, -167.87590385224743
-165.96901658157844, -161.9705375120471
-165.96469228594344, -158.78251656796832
-165.97199716409625, -154.231473124496
-165.9628416460796, -148.52984275230358
-165.9652702849977, -146.4534185267129
-165.96426326281016, -143.34504370425492
-171.70001141693604, -145.27855095162775
-180.438088133713, -140.32638299307163
-185.2151606775858, -137.61916372243226
Holes:
Exterior:
228.70640516076352, 131.11103168380285
228.63897539387773, 123.88714031451698
228.64065670523675, 118.88038147428813
239.34225822455343, 120.1397768953438
253.20057615846665, 121.78033232339821
258.62557344674894, 122.43379302302048
260.92887844948996, 122.71746013722431
260.92343931014204, 125.58754789575258
260.9784705717834, 145.44927393422196
250.32611071564284, 144.13878750034397
242.7749401621407, 143.2098347434157
228.69016743393877, 141.47711876083153
228.70640516076352, 131.11103168380285
Holes:
Exterior:
-312.3511663757333, -190.70699803950848
-312.35227249379307, -185.0117949153705
-312.35227249379307, -185.01179491537042
-312.352272493793, -185.0117949153703
-312.352272493793, -185.01179491537022
-312.35227249379295, -185.0117949153701
-312.3522724937929, -185.01179491537002
-312.3522724937929, -185.01179491536993
-312.35227249379284, -185.01179491536988
-312.3522724937927, -185.0117949153698
-312.35227249379267, -185.01179491536973
-312.3522724937926, -185.01179491536968
-312.3522724937925, -185.01179491536962
-312.35227249379244, -185.01179491536956
-312.3522724937923, -185.01179491536953
-312.3522724937922, -185.0117949153695
-312.3522724937921, -185.0117949153695
-312.35227249379204, -185.0117949153695
-312.35227249379193, -185.0117949153695
-307.1266471591234, -185.70259269967363
-305.7097407857784, -185.89243264126418
-305.7097401447314, -180.16521507705045
-305.7097401447314, -91.71844100106304
-306.02102056096686, -91.69388870456181
-307.1266471591236, -91.60507377877718
-307.1266471591237, -91.60507377877717
-307.1266471591238, -91.60507377877715
-307.1266471591239, -91.60507377877713
-307.126647159124, -91.60507377877708
-307.12664715912405, -91.60507377877704
-307.12664715912416, -91.60507377877697
-307.1266471591242, -91.60507377877691
-307.1266471591243, -91.60507377877684
-307.12664715912433, -91.60507377877676
-307.1266471591244, -91.60507377877667
-307.12664715912445, -91.60507377877659
-307.1266471591245, -91.60507377877649
-307.1266471591245, -91.60507377877639
-307.12664715912456, -91.60507377877629
-307.12664715912456, -91.60507377877619
-307.12664715912456, -91.5892046381521
-310.7523548438631, -91.29471090231206
-312.35225574637883, -91.16476088021322
-312.35225574637894, -91.16476088021321
-312.35225574637906, -91.1647608802132
-312.3522557463791, -91.16476088021317
-312.3522557463792, -91.16476088021312
-312.3522557463793, -91.16476088021308
-312.3522557463794, -91.16476088021301
-312.35225574637946, -91.16476088021295
-312.3522557463795, -91.16476088021288
-312.35225574637957, -91.1647608802128
-312.3522557463796, -91.16476088021271
-312.3522557463797, -91.16476088021263
-312.35225574637974, -91.16476088021253
-312.35225574637974, -91.16476088021243
-312.3522557463798, -91.16476088021233
-312.3522557463798, -91.16476088021223
-312.3597156459267, -78.0068346713341
-312.36436760025174, -68.55809757408872
-312.36436760025174, -68.55809757408862
-312.3643676002517, -68.55809757408852
-312.3643676002517, -68.55809757408842
-312.3643676002516, -68.55809757408834
-312.36436760025157, -68.55809757408825
-312.36436760025157, -68.55809757408817
-312.3643676002515, -68.55809757408808
-312.3643676002514, -68.55809757408801
-312.36436760025134, -68.55809757408794
-312.3643676002513, -68.55809757408788
-312.36436760025117, -68.55809757408784
-312.3643676002511, -68.5580975740878
-312.364367600251, -68.55809757408775
-312.3643676002509, -68.55809757408774
-312.3643676002508, -68.55809757408772
-312.3643676002507, -68.55809757408772
-312.3643676002506, -68.55809757408772
-310.8680212281913, -68.68682334987587
-306.24381272797297, -69.0037880728437
-305.70869027901415, -69.04610869809125
-305.7087293769089, -69.01073015302802
-305.7087293769089, 65.69745008432642
-305.70869027901415, 65.732964314367
-306.24381272797297, 65.69064368911945
-312.36436760025066, 65.24492579924602
-312.3643676002508, 65.24492579924602
-312.36436760025083, 65.24492579924602
-312.36436760025094, 65.24492579924603
-312.36436760025106, 65.24492579924606
-312.3643676002511, 65.2449257992461
-312.3643676002512, 65.24492579924615
-312.3643676002513, 65.24492579924619
-312.36436760025134, 65.24492579924626
-312.36436760025146, 65.24492579924632
-312.3643676002515, 65.24492579924639
-312.36436760025157, 65.24492579924647
-312.3643676002516, 65.24492579924656
-312.3643676002516, 65.24492579924664
-312.3643676002517, 65.24492579924673
-312.3643676002517, 65.24492579924683
-312.36436760025174, 65.24492579924691
-312.36436760025174, 65.24492579924701
-312.3597156459267, 74.69365821458847
-312.3522557463798, 87.85154020254267
-312.3522557463798, 87.85154020254276
-312.35225574637974, 87.85154020254286
-312.35225574637974, 87.85154020254296
-312.3522557463797, 87.85154020254306
-312.3522557463796, 87.85154020254315
-312.35225574637957, 87.85154020254323
-312.3522557463795, 87.85154020254332
-312.35225574637946, 87.85154020254339
-312.3522557463794, 87.85154020254345
-312.3522557463793, 87.85154020254352
-312.3522557463792, 87.85154020254356
-312.3522557463791, 87.8515402025436
-312.35225574637906, 87.85154020254363
-312.35225574637894, 87.85154020254365
-312.35225574637883, 87.85154020254366
-307.12664715912456, 88.27598396048253
-307.12664715912456, 88.29192939505194
-307.12664715912456, 88.29192939505204
-307.1266471591245, 88.29192939505214
-307.1266471591245, 88.29192939505224
-307.12664715912445, 88.29192939505234
-307.1266471591244, 88.29192939505242
-307.12664715912433, 88.2919293950525
-307.1266471591243, 88.29192939505259
-307.1266471591242, 88.29192939505266
-307.12664715912416, 88.29192939505272
-307.12664715912405, 88.29192939505279
-307.126647159124, 88.29192939505283
-307.1266471591239, 88.29192939505288
-307.1266471591238, 88.2919293950529
-307.1266471591237, 88.29192939505292
-307.1266471591236, 88.29192939505293
-305.7097401447314, 88.40529661733879
-305.7097401447314, 176.8520348371558
-305.7097407857784, 182.57925257506088
-306.0390412334468, 182.535226669713
-307.1266471591234, 182.38940202186606
-312.35227249379193, 181.69860073144025
-312.35227249379204, 181.69860073144025
-312.3522724937921, 181.69860073144025
-312.3522724937922, 181.69860073144025
-312.3522724937923, 181.69860073144028
-312.35227249379244, 181.6986007314403
-312.3522724937925, 181.69860073144037
-312.3522724937926, 181.69860073144042
-312.35227249379267, 181.69860073144048
-312.3522724937927, 181.69860073144054
-312.35227249379284, 181.69860073144062
-312.3522724937929, 181.69860073144068
-312.3522724937929, 181.69860073144076
-312.35227249379295, 181.69860073144085
-312.352272493793, 181.69860073144096
-312.352272493793, 181.69860073144105
-312.35227249379307, 181.69860073144116
-312.35227249379307, 181.69860073144125
-312.3511663757333, 187.39378689883532
-312.36417732225743, 196.16244930242806
-312.3920587440956, 204.46624132295787
-312.3920587440956, 204.46624132295796
-312.39205874409555, 204.46624132295807
-312.39205874409555, 204.46624132295815
-312.3920587440955, 204.46624132295824
-312.3920587440955, 204.46624132295833
-312.39205874409544, 204.4662413229584
-312.3920587440954, 204.4662413229585
-312.3920587440953, 204.46624132295858
-312.3920587440952, 204.46624132295864
-312.39205874409515, 204.4662413229587
-312.39205874409504, 204.46624132295875
-312.392058744095, 204.46624132295878
-312.39205874409487, 204.46624132295884
-312.3920587440948, 204.46624132295884
-312.3920587440947, 204.46624132295887
-299.4555178374824, 206.1596873179793
-289.6347840853425, 207.4172360177659
-289.6347840853424, 207.4172360177659
-289.63478408534235, 207.4172360177659
-289.63478408534223, 207.4172360177659
-289.6347840853421, 207.41723601776587
-289.634784085342, 207.41723601776584
-289.63478408534195, 207.4172360177658
-289.63478408534183, 207.41723601776573
-289.6347840853418, 207.41723601776567
-289.6347840853417, 207.41723601776562
-289.6347840853416, 207.41723601776553
-289.63478408534155, 207.41723601776548
-289.63478408534155, 207.4172360177654
-289.6347840853415, 207.4172360177653
-289.63478408534144, 207.4172360177652
-289.63478408534144, 207.4172360177651
-289.6347840853414, 207.417236017765
-289.6347840853414, 207.4172360177649
-289.62333736969117, 203.9805879848686
-289.6099122982961, 200.78041415632936
-270.1919952317173, 203.3146797021896
-266.8242179599049, 203.75423255667403
-266.8242179599048, 203.75423255667403
-266.82421795990473, 203.75423255667403
-266.8242179599046, 203.75423255667403
-266.8242179599045, 203.754232556674
-266.8242179599044, 203.75423255667397
-266.82421795990433, 203.7542325566739
-266.8242179599042, 203.75423255667386
-266.82421795990416, 203.7542325566738
-266.8242179599041, 203.75423255667374
-266.824217959904, 203.75423255667366
-266.82421795990393, 203.7542325566736
-266.82421795990393, 203.75423255667351
-266.8242179599039, 203.75423255667343
-266.8242179599038, 203.75423255667332
-266.8242179599038, 203.75423255667323
-266.82421795990376, 203.75423255667312
-266.82421795990376, 203.75423255667303
-266.82421795990376, 107.40431529674645
-266.82421795990376, 107.40431529674635
-266.82421795990376, 107.4042493413411
-266.82421795990376, 107.404249341341
-266.82421795990376, 68.85642829641912
-266.82421795990376, 68.85642829641903
-266.8242179599038, 68.85642829641893
-266.8242179599038, 68.85642829641883
-266.8242179599039, 68.85642829641873
-266.82421795990393, 68.85642829641864
-266.824217959904, 68.85642829641856
-266.82421795990405, 68.85642829641847
-266.8242179599041, 68.8564282964184
-266.82421795990416, 68.85642829641834
-266.8242179599043, 68.85642829641827
-266.82421795990433, 68.85642829641823
-266.82421795990444, 68.85642829641819
-266.8242179599045, 68.85642829641816
-266.8242179599046, 68.85642829641814
-266.82421795990473, 68.85642829641813
-268.71616953326105, 68.70179400545665
-294.32665936615376, 66.60857978567603
-294.32665936615376, -69.92180046334559
-289.80450982005704, -70.29139536438615
-266.82421795990473, -72.16957268014238
-266.8242179599046, -72.1695726801424
-266.8242179599045, -72.16957268014241
-266.82421795990444, -72.16957268014244
-266.82421795990433, -72.16957268014248
-266.8242179599043, -72.16957268014252
-266.82421795990416, -72.1695726801426
-266.8242179599041, -72.16957268014265
-266.82421795990405, -72.16957268014272
-266.824217959904, -72.1695726801428
-266.82421795990393, -72.16957268014289
-266.8242179599039, -72.16957268014298
-266.8242179599038, -72.16957268014308
-266.8242179599038, -72.16957268014318
-266.82421795990376, -72.16957268014328
-266.82421795990376, -72.16957268014338
-266.82421795990376, -207.06741508736994
-266.82421795990376, -207.06741508737002
-266.8242179599038, -207.06741508737014
-266.8242179599038, -207.06741508737022
-266.8242179599039, -207.06741508737034
-266.82421795990393, -207.06741508737042
-266.82421795990393, -207.0674150873705
-266.824217959904, -207.06741508737056
-266.8242179599041, -207.06741508737065
-266.82421795990416, -207.0674150873707
-266.8242179599042, -207.06741508737076
-266.82421795990433, -207.06741508737082
-266.8242179599044, -207.06741508737088
-266.8242179599045, -207.0674150873709
-266.8242179599046, -207.06741508737093
-266.82421795990473, -207.06741508737093
-266.8242179599048, -207.06741508737093
-266.8242179599049, -207.06741508737093
-270.1919952317173, -206.62784670043467
-289.6099122982961, -204.09361825409493
-289.61820298243276, -206.8640158524853
-289.6347840853414, -210.730428253226
-289.6347840853414, -210.73042825322608
-289.63478408534144, -210.7304282532262
-289.63478408534144, -210.73042825322628
-289.6347840853415, -210.7304282532264
-289.63478408534155, -210.73042825322648
-289.63478408534155, -210.73042825322656
-289.6347840853416, -210.73042825322662
-289.6347840853417, -210.7304282532267
-289.6347840853418, -210.73042825322676
-289.63478408534183, -210.73042825322682
-289.63478408534195, -210.73042825322688
-289.634784085342, -210.73042825322693
-289.6347840853421, -210.73042825322696
-289.63478408534223, -210.730428253227
-289.63478408534235, -210.730428253227
-289.6347840853424, -210.730428253227
-289.6347840853425, -210.730428253227
-302.10727488023576, -209.10552749087532
-312.3920587440947, -207.77943428351784
-312.3920587440948, -207.77943428351782
-312.39205874409487, -207.77943428351782
-312.392058744095, -207.77943428351776
-312.39205874409504, -207.77943428351773
-312.39205874409515, -207.77943428351767
-312.3920587440952, -207.77943428351762
-312.3920587440953, -207.77943428351756
-312.3920587440954, -207.77943428351747
-312.39205874409544, -207.7794342835174
-312.3920587440955, -207.7794342835173
-312.3920587440955, -207.77943428351722
-312.39205874409555, -207.77943428351713
-312.39205874409555, -207.77943428351705
-312.3920587440956, -207.77943428351693
-312.3920587440956, -207.77943428351685
-312.3511663757333, -190.70699803950848
Holes:
Exterior:
239.34225456440964, -123.45294640090272
235.39543019523714, -122.9858048015131
228.64065670523675, -122.19354644166273
228.63897539387773, -127.20034388199579
228.69016743393877, -144.7902457493904
250.32611071564284, -147.45189373709556
260.9784705717834, -148.76241688782702
260.9231998546509, -128.90452643907955
260.9285592986614, -126.03041014367663
259.42752465971284, -125.84338832177711
258.62192464791286, -125.74635315361859
250.32545326391642, -124.80518696564667
239.34225456440964, -123.45294640090272
Holes:
Exterior:
205.31835437889777, -151.96136883806685
195.6189819127172, -145.32633298179715
195.6189819127172, -147.8197903160154
195.61904026519966, -167.0177580138846
198.5097291801514, -168.99518632000542
208.56531002188942, -175.8739008015867
208.56534084043136, -169.79298177599938
208.56537366767228, -154.18251198101783
205.31835437889777, -151.96136883806685
Holes:
Exterior:
205.31835437889777, 138.6018801974182
195.6189819127172, 137.40864650156684
195.6189819127172, 134.795670057949
195.61901034566012, 130.98106906275373
195.6190650804386, 115.0434662820763
204.11979166057918, 116.03382499085907
208.56529847871496, 116.55264734363624
208.56531179724954, 122.42634926850211
208.56537366767228, 139.00132608941402
205.31835437889777, 138.6018801974182
Holes:
Exterior:
205.31835437889777, 148.6482148868786
208.56537366767228, 150.86938625135687
208.5653442685982, 157.29619344425936
208.56531002188942, 172.56078173488416
204.84697975340873, 170.017193045631
195.61904026519966, 163.7046446799749
195.61904026519966, 159.66900896701364
195.6189819127172, 142.01318421301605
205.31835437889777, 148.6482148868786
Holes:
Exterior:
-165.9653317445783, 164.56272632848527
-176.02618329193604, 158.8610822270832
-181.92374712938692, 160.84915828440703
-186.31744027853233, 162.3302808463925
-189.88146869183186, 163.53170856413783
-189.8814330226229, 151.0090499432042
-189.8814225901525, 149.38790395577666
-189.88143060935386, 148.09437864089426
-189.8814648193612, 135.66179848344703
-189.8814648193612, 131.66147270735635
-171.70001141693604, 141.96536842093084
-165.96426326281016, 140.031861173558
-165.9652702849977, 143.14025135657315
-165.9628416460796, 145.21669866143344
-165.97199716409625, 150.91837127817814
-165.96469228594344, 155.4694080438599
-165.96901658157844, 158.65738148894576
-165.9653317445783, 164.56272632848527
Holes:
Exterior:
-220.28535703218688, 194.17956389299746
-213.11826053921175, 195.1612383486261
-213.1182140784017, 203.7097589087602
-213.11820804560432, 204.32426533020356
-214.23689383766055, 204.17218266274094
-216.14178305436508, 203.91617765536733
-224.1387466761364, 202.83682844056875
-226.62222705589465, 202.5076653252949
-226.6222398584125, 197.54130208151136
-226.6222686610273, 193.28857025742113
-220.28535703218688, 194.17956389299746
Holes:
Exterior:
234.32897546535548, -236.404645133047
241.83301562424415, -233.4071061874054
241.83531122518121, -227.73747199938376
241.8021342742173, -217.03606471338315
232.96937194791258, -220.56438319394482
228.66825870111944, -222.28250092557735
228.69124478399908, -230.49663339815032
228.69124478399908, -238.65667429661525
234.32897546535548, -236.404645133047
Holes:
Exterior:
228.66825870111944, 218.96932616748722
238.28476141312913, 215.12794491164084
241.8021342742173, 213.7229119734365
241.83531122518121, 224.42428946868685
241.83301562424415, 230.09393713695687
236.48267060401915, 232.23117042651427
228.69124478399908, 235.34351076582263
228.69124478399908, 227.18343186754913
228.66825870111944, 218.96932616748722
Holes:
Exterior:
-217.5006379213179, 73.131225144594
-213.11817148324292, 73.48420118785178
-213.1182307540023, 82.61471846645564
-213.11824292591746, 96.28289080236901
-220.96710496450135, 95.57824285108279
-226.62222587647204, 95.07056197680973
-226.62222587647204, 83.72094929681283
-226.622263838369, 83.71701219334095
-226.6222445828605, 83.71308282201505
-226.62222833575152, 83.60317309773403
-226.62222208278854, 72.3202041621377
-217.5006379213179, 73.131225144594
Holes:
Exterior:
101.84556056735119, 240.99824368586854
109.6039464309838, 242.1862191971737
114.73112774770709, 242.95906268966348
114.73112417509827, 247.73655369442258
114.73112417509827, 251.97595292022723
107.30343168766399, 250.79909317894203
101.84558591404766, 249.96989694251104
101.8455666542958, 245.69822625367019
101.84556056735119, 240.99824368586854
Holes:
Exterior:
101.84556056735119, -223.04780537415317
109.6039464309838, -227.9207064866141
114.73112774770709, -231.14099874599995
114.73112417509827, -220.3475202796346
114.73112417509827, -210.58935635059885
108.61939185954282, -206.7506489928349
101.84559367825523, -202.4961498724393
101.84557844089227, -211.10833344517485
101.84556056735119, -223.04780537415317
Holes:
Exterior:
101.84555981480617, 112.52758379760175
101.84558354106298, 104.54083609413523
107.6849041634344, 105.18607757963161
114.73110825374442, 105.96537426617556
114.73110825374442, 115.63153269037049
114.73114906511046, 128.43041024688304
108.61939185954282, 127.78409283951788
101.84557859939639, 127.06775508481556
101.84555981480617, 112.52758379760175
Holes:
Exterior:
101.84555981480617, -115.84080447527131
101.84557859939639, -130.38095633468913
109.12237194843573, -131.15048012811772
114.73114906511046, -131.7436309245526
114.73110825374442, -118.94470964206883
114.73110825374442, -109.27853493388685
108.38350323997622, -108.57726252051393
101.84558354106298, -107.85402818257073
101.84555981480617, -115.84080447527131
Holes:
Exterior:
101.84556056735119, 219.7346624163195
101.84557859939639, 209.64969768773764
101.84559367825523, 199.18298229801155
107.53500544097358, 202.7563996887441
114.73112417509827, 207.27615378553054
114.73112774770709, 219.32482723796213
114.73112774770709, 227.82787672635516
108.25903455111393, 223.76287003536854
101.84556056735119, 219.7346624163195
Holes:
Exterior:
101.84556056735119, -244.3113315620791
101.84558232946324, -249.65097438253446
101.84558591404766, -253.28303768450522
108.23740987830331, -254.29985846631666
114.73112417509827, -255.28913352915401
114.73112774770709, -249.9663286890935
114.73112774770709, -246.27215314352188
108.25903455111393, -245.27864923167357
101.84556056735119, -244.3113315620791
Holes:
Exterior:
101.84557859939639, 150.96089399807332
109.12237194843573, 148.2581250509077
114.73114906511046, 146.17489804239324
114.73112417509827, 154.5492045515122
114.73112417509827, 162.12016320274816
108.61939185954282, 164.39018792602292
101.84559367825523, 166.90612699287453
101.84559367825523, 160.65446630059034
101.84557859939639, 150.96089399807332
Holes:
Exterior:
101.84557859939639, -162.09857934834497
101.84559367825523, -170.21929456730228
107.53500544097358, -168.10609216752184
114.73112417509827, -165.4332856303309
114.73114906511046, -156.68713927362467
114.73114906511046, -149.48810149723718
108.61939185954282, -151.75814667472474
101.84557859939639, -154.27407582015087
101.84557859939639, -162.09857934834497
Holes:
Exterior:
-220.62797805502044, 114.23666529969113
-213.11826053921175, 118.49261014735924
-213.11820246253933, 132.02467943628002
-213.11820246253933, 137.84037274830771
-220.9704043617004, 133.39039695134514
-226.6222398584125, 130.1873992899668
-226.6222398584125, 119.63616704994487
-226.6222445828605, 110.83950537272176
-220.62797805502044, 114.23666529969113
Holes:
Exterior:
-166.06543821805963, -97.69222149156909
-166.0370425710854, -81.03222372957373
-175.05704999956401, -80.16109872106844
-189.88142869841715, -78.84940639855397
-189.8814246010263, -79.58666805352499
-189.88142846187213, -101.6820676486343
-171.6075106473263, -103.32265083417418
-165.99959275025833, -103.82607581936432
-166.06543821805963, -97.69222149156909
Holes:
Exterior:
-165.98262941382075, 90.56994798940995
-165.99959275025833, 100.51290987982183
-170.59215973477558, 100.10058989568927
-189.88142846187213, 98.36892326491005
-189.88145841003018, 84.52851346981937
-189.88142869841715, 75.53619176273952
-188.70965511272937, 75.65321057598328
-166.0370425710854, 77.71907934584948
-165.98262941382075, 90.56994798940995
Holes:
Exterior:
-220.9704043617004, -117.35570112976175
-226.6222445828605, -114.15266869967695
-226.6222445828605, -123.76044811122654
-226.6222398584125, -133.5005991642415
-217.60630418477626, -138.61007975494712
-213.11820246253933, -141.1535323464148
-213.11826053921175, -130.91387618875007
-213.11826053921175, -121.80577472037203
-220.9704043617004, -117.35570112976175
Holes:
Exterior:
-220.9704043617004, -197.37327578131246
-226.6222686610273, -196.60179093509066
-226.6222686610273, -201.3568226578074
-226.6222407338629, -203.7402592638883
-226.62222705589465, -205.82081760500313
-216.14178305436508, -207.2293812506147
-213.11820804560432, -207.63748260897998
-213.1182140784017, -207.02296919329007
-213.11826053921175, -198.4743423537733
-220.9704043617004, -197.37327578131246
Holes:
Exterior:
-220.9704043617004, 174.01187065136102
-226.62222323335368, 175.9171022610669
-226.62222323335368, 167.85424553599822
-226.62226406875016, 160.47966571625332
-217.60632585141968, 157.44040839157788
-213.11820246253933, 155.92748979996887
-213.11824796663086, 164.52019685190396
-213.11824796663086, 171.36485547402347
-220.9704043617004, 174.01187065136102
Holes:
Exterior:
-220.9704043617004, -161.88761209740585
-226.62226406875016, -163.7928309033599
-226.62226406875016, -172.2115852783678
-226.62222323335368, -179.23026656872332
-219.91134456191025, -176.96796207989743
-213.11824796663086, -174.67799985774772
-213.11820246253933, -163.88087548741095
-213.11820246253933, -159.24064939807596
-220.9704043617004, -161.88761209740585
Holes:
Exterior:
-226.62222208278854, -75.6333905198309
-226.62220982111808, -86.9242234711851
-226.62222587647204, -98.38376314995901
-220.63264893920564, -98.92141822420415
-213.11824292591746, -99.59601500630092
-213.11824292591746, -87.49786625416658
-213.1182784820096, -87.49513804345071
-213.1181892002552, -83.46039027071036
-213.11817148324292, -76.79733219834664
-219.27245413991443, -76.23849783173479
-226.62222208278854, -75.6333905198309
Holes:
Exterior:
201.39368353999888, -119.03120005650663
195.6190650804386, -118.3567093399395
195.61901034566012, -134.29423525700523
195.6189819127172, -140.72179527034794
197.06320836968456, -140.89946271010373
208.56537366767228, -142.3144798001699
208.5653844880754, -135.08557396832376
208.56531179724954, -125.73954987205386
208.56529847871496, -119.86585929395163
201.39368353999888, -119.03120005650663
Holes:
Exterior:
195.61904026519966, -235.48427582354276
195.61904026519966, -238.5323490855074
195.61904555761546, -251.86756592937024
197.69955336105548, -251.03651236578398
208.56534084043136, -246.69610100672247
208.56531002188942, -241.18589264744128
208.56531002188942, -230.31278879462133
204.84697975340873, -231.798106343033
195.61904026519966, -235.48427582354276
Holes:
Exterior:
195.61904026519966, -268.0291121171946
197.96206480429217, -268.41359108001495
208.56534084043136, -270.1250524827579
208.56534084043136, -263.54781844517066
208.56534084043136, -260.92102567737095
197.69955336105548, -259.1908815977561
195.61904555761546, -258.8551428482296
195.61904555761546, -260.3974747801692
195.61904026519966, -268.0291121171946
Holes:
Exterior:
195.61904026519966, 262.9802681208089
195.61904555761546, 255.54200477085752
197.69955336105548, 255.87773108373844
208.56534084043133, 257.6078705996298
208.56534084043136, 264.1851046372171
208.56534084043136, 266.8118974050168
197.96206480429217, 265.1004710356457
195.61904026519966, 264.7159845889688
195.61904026519966, 262.9802681208089
Holes:
Exterior:
195.61904026519966, 232.17110039000394
198.5097291801514, 231.0163927009457
208.56531002188942, 226.99959377685363
208.56534084043136, 231.5924505058569
208.56534084043136, 243.3829459289813
204.84697975340873, 244.86825843806085
195.61904555761546, 248.55442785199816
195.61904555761546, 245.8459820381652
195.61904026519966, 232.17110039000394
Holes:
