Exterior:
6.644989017027683, -103.33712867435135
13.245851869829153, -103.64458948395317
15.286883579338905, -103.7378478568008
15.286883579338905, -101.83179373529194
15.286872289929534, -95.67885433317821
6.156148501575672, -95.23163412724574
1.7238777380022157, -95.0169127287674
0.9859490510868909, -94.983845933939
-4.685521693225041, -94.70061226199611
-4.685522141319893, -99.02430809745954
-4.685522141319893, -102.75258137761331
2.8525798171865517, -103.14536172117286
6.644989017027683, -103.33712867435135
Holes:
Exterior:
6.644989017027683, 103.59119259057779
0.22559304848823558, 103.25102303610446
-4.685522141319893, 103.00665215215662
-4.685522141319893, 99.27839655109621
-4.685521693225041, 94.95477512782092
1.7238777380022157, 95.2710905290878
13.177565114545018, 95.8307573265648
15.286872289929534, 95.93304940132282
15.286883579338905, 102.08588290941088
15.286883579338905, 103.99190095225076
13.245851869829153, 103.89864257940313
8.40873099829571, 103.67761940160852
6.644989017027683, 103.59119259057779
Holes:
Exterior:
51.319524850205426, 115.37453434249441
51.31880769558188, 118.68535046660001
40.90481616061402, 118.17654450509603
23.685060805103262, 117.31245119179664
23.685060805103262, 116.75234967114638
23.68508633078102, 96.6307184643991
23.68508633078102, 96.38069765782835
40.90642740143983, 97.23939567887011
51.34206662883116, 97.77182652980866
51.319524850205426, 115.37453434249441
Holes:
Exterior:
40.9054325384659, 15.768810663321535
51.32975292791991, 16.3043188191608
51.34168859410545, 25.785402701463006
51.355923710031334, 38.847825768772125
40.91450512420295, 38.30162969920532
23.798679740882562, 37.408411746006216
23.685039551461387, 37.40248394321404
23.685039551461387, 36.23030328290339
23.685042398710834, 14.884183805078086
40.9054325384659, 15.768810663321535
Holes:
Exterior:
40.9054325384659, -15.514681273926263
23.685042398710834, -14.630054415682812
23.685039551461387, -35.97624621597906
23.685039551461387, -37.148426876289705
23.798679740882562, -37.154358650556254
51.355923710031334, -38.59374057639046
51.33940608143769, -24.908697771456872
51.32975292791991, -16.050189429765528
40.9054325384659, -15.514681273926263
Holes:
Exterior:
-118.46612784458443, -89.35187323680245
-120.6966901092145, -89.2533028500926
-120.67475141445357, -104.86731817807356
-120.70298836245524, -110.15955698347322
-114.68180262196165, -110.41941318611636
-111.99102127486185, -110.53658866654575
-104.93144172329937, -110.8441225566075
-97.7507754720574, -111.17781675670705
-97.75094532520598, -108.18987478847214
-97.75094532520598, -97.1722198535328
-97.74179869056911, -95.9172229891376
-97.74179869056911, -90.27454527953432
-102.52228663522578, -90.05477540219228
-113.29046736129737, -89.57801947652507
-115.666963046918, -89.47948560921425
-118.46612784458443, -89.35187323680245
Holes:
Exterior:
-118.46612784458443, 89.60592633225241
-113.29046736129737, 89.8321125485888
-104.94550724756698, 90.20952890246684
-97.74179869056911, 90.5286746689296
-97.74179869056911, 96.17135237853287
-97.75094532520598, 97.42634924292807
-97.7507754720574, 100.81113721605946
-97.7507754720574, 111.43187648208652
-104.93144172329937, 111.09818761182397
-111.99102127486185, 110.79069437024768
-120.70298836245524, 110.41364822589584
-120.70652903654047, 107.78373910892707
-120.67475141445357, 105.12141903720834
-120.6966901092145, 89.50737516479465
-118.46612784458443, 89.60592633225241
Holes:
Exterior:
-8.478035893611036, -10.127607505688083
-8.478035893611036, 5.5170473869034575
-8.478035893611036, 10.381709386406072
-25.44813890984119, 12.360188473994512
-14.300630808039273, 12.932841121931204
-8.486714880607678, 13.23150467259387
-8.486714880607678, 27.63152787427675
-8.486714880607678, 35.746929938608226
-28.002352171138, 34.75596046808877
-33.04574493540201, 34.5002485923513
-33.0430492700857, 31.692431073268164
-33.036068305829986, 23.089960760010918
-33.036068305829986, 6.757807687098719
-33.03536298453196, 0.4714514461617738
-33.03547303844232, 0.1538293860073047
-33.03547303844232, 0.10029969936121393
-33.03536298453196, -0.21732205676649927
-33.036068305829986, -6.503715953426275
-33.036068305829986, -22.835831370615644
-33.0430492700857, -31.43830168387289
-33.04574493540201, -34.24612838417371
-28.002352171138, -34.5018310786935
-8.486714880607678, -35.4927517511242
-8.486714880607678, -21.092777347530074
-8.486714880607678, -12.977375283198596
-25.44813890984119, -12.106059084599238
-8.478035893611036, -10.127607505688083
Holes:
Exterior:
149.59291604988425, -21.251175292453464
136.6013334476704, -20.540595164407506
134.58278041310268, -20.432622851969835
133.69679789318263, -20.385222815293044
133.70896239581737, -13.12252577718194
133.7035988727223, -7.233655701465045
131.8563374011585, -7.638918399907933
128.61109339876714, -8.350847325623057
123.91251782844006, -9.381678591435175
123.91251782844006, -3.704350277166647
123.91251782844006, 3.958448924984875
123.91251782844006, 9.635731686885137
128.61109339876714, 8.604939111583315
133.7035988727223, 7.487726031699451
133.6962967809003, 18.158511464088456
133.69679789318263, 20.63935220468832
136.6013334476704, 20.79472455380278
149.59291604988425, 21.50526209925415
149.59341315370352, 34.08204467424191
149.59419152743317, 44.03633374568627
135.2269099182838, 43.249852170283575
134.16942936738326, 43.19318873874876
133.69618657569822, 43.16783076833204
133.69593284752466, 44.84942898908845
133.70571544435927, 58.89208843235828
132.11509249190397, 58.27149797771623
128.61109339876714, 56.90445128556647
123.91251782844006, 55.07121752672889
123.91251782844006, 69.11083428008051
123.91251782844006, 89.91450976305701
128.61109339876714, 88.60247586841471
133.70571544435927, 87.17987398967574
133.69604989419406, 101.66579603568086
133.6963366469074, 101.84334229976368
133.17765454719006, 101.98817919665076
134.43086550546764, 102.0572018578295
149.60527532414903, 102.89615141699727
149.57249544584056, 116.94092130750383
149.5957967677465, 121.97613784008242
149.6012219085618, 123.93079118953946
138.18017591883586, 123.29323434281972
123.6880305460761, 122.4954749649133
123.68203942409548, 118.58751309023027
123.68203942409548, 114.68564866147128
123.68203942409548, 109.61502994024173
119.42514854592582, 109.38475287639193
118.13463066524196, 109.3152729199164
117.51298169562756, 109.28180407458045
117.51298169562756, 115.17013272624854
117.51298169562756, 115.7186097996781
111.33013692430393, 115.387783692522
110.77272461996222, 115.35784864718632
106.88341391210167, 115.14973459428909
106.50122994958213, 115.12931725568566
104.71238355109631, 115.0337190526078
104.71238355109631, 113.34690251204833
104.71238355109631, 108.59752367907264
99.33730006540497, 108.31212215023199
98.31254224250256, 108.25771044665076
98.31254224250256, 103.39204067594771
98.31254224250256, 87.79475878649451
98.31254224250256, 79.51351263185477
98.31254224250256, 52.96733569079139
98.31254224250256, 19.93909745832498
98.31254224250256, 5.443636889168679
98.31254224250256, -27.58448503767464
98.31254224250256, -37.88785080911448
98.31254224250256, -42.4098005182785
98.31254224250256, -68.9560356121534
98.31254224250256, -79.25936510132571
98.31254224250256, -87.54062939709924
98.31254224250256, -103.13791128655244
98.31254224250256, -108.00358105725549
99.33730006540497, -108.05800497720483
104.71238355109631, -108.34347058362268
104.71238355109631, -110.03025713117817
104.71238355109631, -114.77955151623986
106.50122994958213, -114.87515877475043
106.88341391210167, -114.89559362028284
110.77272461996222, -115.10373286526182
111.33013692430393, -115.13366081329083
117.51298169562756, -115.46451855725549
117.51298169562756, -109.57622480207513
117.51298169562756, -109.02775097913049
118.13463066524196, -109.06120500212572
119.42514854592582, -109.13065418802708
123.68203942409548, -109.36093177569673
123.68203942409548, -113.26277308051476
123.68203942409548, -118.33343687083934
123.68385292054722, -119.59413644721867
123.6880305460761, -122.24142186946334
138.18017591883586, -123.03913858230462
143.74638112085643, -123.34550761585665
149.6012219085618, -123.67666461869544
149.57249544584056, -116.68680456442162
149.60527532414903, -102.6420346220093
147.17071596599828, -102.51433939837322
134.43086550546764, -101.80307246843422
133.62652568999488, -101.75868359682664
133.17765454719006, -101.73404980725549
133.6963366469074, -101.5892129103684
133.69604989419406, -101.41166572192651
133.70571544435927, -86.92579218594732
132.11509249190397, -87.36995968489795
128.61109339876714, -88.34834539194416
123.91251782844006, -89.66045666760705
123.91251782844006, -75.62080917267836
123.91251782844006, -54.81708813733361
128.61109339876714, -56.6503218961712
133.70571544435927, -58.63794468882377
133.69593284752466, -44.59529959969318
133.69618657569822, -42.913701378936764
135.2269099182838, -42.9957227808883
149.59419152743317, -43.782204356291
149.59368194509784, -30.888978753867956
149.59291604988425, -21.251175292453464
Holes:
Exterior:
71.7871936961202, 45.78882709400841
75.24242176548171, 44.80528146795912
75.24237769330739, 52.991735940038424
75.24237769330739, 59.534188326341095
68.61203008155371, 61.42146362169207
62.44213949466314, 63.17771352526056
62.44213949466314, 57.665219282361576
62.44220796904858, 48.4488737676703
71.7871936961202, 45.78882709400841
Holes:
Exterior:
24.41086987922131, 59.27447985583045
51.32557883427705, 51.61321807122745
51.32557883427705, 57.72203922053562
51.31525067607663, 66.34496538158695
48.606079127135445, 67.11613076951807
46.37528638312756, 67.75111864977576
51.31525067607663, 69.65754558204561
51.31509808473322, 71.629095407952
51.32564395008308, 85.83078481139707
40.89651875388722, 81.80596790925652
23.658615948154875, 75.15352609073005
23.658615948154875, 74.67238864997185
23.65822988474804, 74.21759611781928
23.657841886109054, 64.6520400755732
23.65794696793091, 63.459780112798974
23.658288603735627, 58.98402253796251
24.41086987922131, 59.27447985583045
Holes:
Exterior:
24.41086987922131, -59.020350466435175
24.394657909211332, -59.01409303646521
23.658288603735627, -58.72991374691614
23.657841886109054, -64.39791068617792
23.65822988474804, -73.96346672842401
23.658615948154875, -74.89939670133478
24.704382591254785, -75.3029796558686
51.32564395008308, -85.5766984306252
51.326502101509504, -78.78284904772843
51.31525067607663, -69.40341619265034
48.606079127135445, -68.35790373363157
46.37528638312756, -67.49698926038049
51.31525067607663, -66.09084477154103
51.31525067607663, -64.39594748253967
51.32557883427705, -51.359088681832176
41.0404727339436, -54.286717920162374
24.41086987922131, -59.020350466435175
Holes:
Exterior:
-93.7595091229341, -90.45837453015284
-95.32718266377196, -90.38871541791846
-95.32718266377196, -97.61719950866961
-95.32718266377196, -98.42874959778845
-93.7595091229341, -98.49780863738582
-82.41580637126458, -99.02460640473707
-82.41587227277876, -95.60491103557875
-82.41587227277876, -83.86147275003177
-82.41580637126458, -78.4734884537394
-82.41580637126458, -77.0019228867568
-93.7595091229341, -72.64565127473266
-95.32719136707135, -72.04360245425268
-95.32719136707135, -85.60262323285677
-95.32718266377196, -88.18344183938508
-88.81331224968494, -90.68500805920861
-93.7595091229341, -90.45837453015284
Holes:
Exterior:
-93.7595091229341, 48.721718195196736
-95.32719136707135, 49.178713688356495
-95.32719136707135, 36.73134443273588
-95.32717891738525, 34.362136216486526
-93.7595091229341, 33.905128839727986
-87.47341187306301, 32.07273576738428
-86.61055346062244, 31.821248044307012
-87.47341187306301, 31.778750653669356
-93.7595091229341, 31.471191631134257
-95.32718266377196, 31.396233756733224
-95.32718266377196, 3.8020368561096793
-95.32713271485443, 0.26610138169794595
-92.72681262419871, 0.56925053936634
-82.4158080913378, 1.7713656278717456
-82.4157964198132, 17.95430514684901
-82.4157964198132, 37.5635390416304
-82.41580637126458, 44.06410688872551
-82.41580637126458, 45.41501811671662
-93.7595091229341, 48.721718195196736
Holes:
Exterior:
-93.7595091229341, 98.75194265857199
-95.32718266377196, 98.6828712974627
-95.32718266377196, 91.45438720671154
-95.32718266377196, 90.64284480731374
-88.81331224968494, 90.93913744860389
-93.7595091229341, 89.03961220709668
-95.32718266377196, 88.43755584933828
-95.32718266377196, 73.92446941237891
-95.32719136707135, 72.2977196440017
-83.9832121651641, 76.65403785158026
-82.41580637126458, 77.25597598220676
-82.41587227277876, 84.11555827086612
-82.41587227277876, 95.85899655641309
-82.41580637126458, 98.54518963498427
-82.41580637126458, 99.27866993440487
-93.7595091229341, 98.75194265857199
Holes:
Exterior:
-93.7595091229341, -33.65100871391452
-95.32717891738525, -34.10801475717587
-95.32717891738525, -47.38461832300615
-95.32719136707135, -48.924660592906534
-83.9832121651641, -45.617809372349214
-82.41580637126458, -45.16089568346657
-82.4157964198132, -37.309450081294656
-82.4157964198132, -17.700216186513266
-82.41580637126458, -4.56678724166075
-82.4158080913378, -1.517236238476473
-91.24801807681831, -0.4875752424625789
-95.32713271485443, -0.011971992302673012
-95.32713271485443, -4.760528785656288
-95.32718266377196, -31.142112057058988
-87.4734118730629, -31.52466767257197
-86.61055346062244, -31.56719494885705
-87.47341187306301, -31.818652786286894
-93.7595091229341, -33.65100871391452
Holes:
Exterior:
-106.56202722286241, -76.8367621766362
-106.56958750183162, -83.86594419441352
-104.4340485962432, -84.68606981063479
-97.74655770860238, -87.25431268874321
-97.74655770860238, -73.34543024473827
-97.74329205615118, -71.11572910781328
-102.3682613998078, -69.33948886486213
-106.56664253900863, -67.72716504647126
-106.56202722286241, -76.8367621766362
Holes:
Exterior:
-106.56202722286241, 77.09085832500257
-106.56664253900863, 67.98121814192122
-100.21193761282473, 70.42178460134393
-97.74329205615118, 71.36984177252074
-97.74329205615118, 83.97159905977108
-97.74655770860238, 87.50842098647986
-99.16087881590317, 86.96526623629858
-106.56958750183162, 84.12003166071402
-106.56202722286241, 77.09085832500257
Holes:
Exterior:
-8.486741166360503, 108.24355545552821
-8.486741166360503, 115.69524135698491
-14.904188146529464, 115.3731874193901
-33.04295934890149, 114.48686831390343
-33.04295934890149, 103.42372356748798
-33.04344458954563, 100.65696134362499
-33.04334217477913, 100.63278230327214
-33.03691598078956, 99.15642210918745
-33.03691598078956, 93.57445316044095
-20.508733037046113, 94.17692120005661
-8.486721039272993, 94.78112525400692
-8.486721039272993, 99.92649998008385
-8.486741166360503, 108.24355545552821
Holes:
Exterior:
-8.486741166360503, -115.44106776006952
-8.486741166360503, -107.989448169893
-8.486721039272993, -99.6723949896488
-8.486721039272993, -94.52699586461165
-20.508733037046113, -93.92279181066134
-33.03691598078956, -93.32032377104568
-33.03691598078956, -98.90226624024042
-33.04334217477913, -100.3786241787166
-33.04344458954563, -100.4028075828973
-33.04295934890149, -103.16956668556027
-33.04295934890149, -114.2328427109859
-26.912321610391473, -114.53742058126049
-8.486741166360503, -115.44106776006952
Holes:
Exterior:
-115.64589137541793, 7.90379032559742
-106.59609518880302, 8.357297285074925
-106.56667673629977, 0.8660669312355885
-106.57733834935004, 0.12706469469763645
-106.6237662446548, -6.18147685974926
-106.59609518880302, -8.10316789567965
-110.7691354566598, -7.900829828515857
-118.44504190422504, -7.5130103859191335
-120.68043706411561, -7.40869724977218
-120.66623336354439, -15.610834887089743
-120.6557398302981, -25.75988322763068
-120.65573103673364, -25.76090289635936
-120.66168057304981, -29.90482508533192
-118.98216278276288, -29.985022784838296
-97.75215522946417, -31.02821205829418
-97.75215522946417, -4.568298661474717
-97.74083087013764, -0.48075251985119793
-97.74083087013764, 0.7348819092464711
-97.75215522946417, 31.282341447689454
-118.98216278276288, 30.239081458206993
-120.66168057304981, 30.15889223124865
-120.6557398302981, 26.0139503643002
-120.68043706411561, 7.662826639167454
-118.44504190422504, 7.767139775314408
-115.64589137541793, 7.90379032559742
Holes:
Exterior:
-106.57075311762253, 37.639862540618395
-99.21184243465211, 35.494564825438665
-97.74628438035688, 35.06733609342953
-97.746284380357, 47.771929374254846
-97.74329205615118, 49.88303188170136
-102.3682613998078, 51.23131907645178
-106.56664253900863, 52.45518091271879
-106.56293828093749, 44.52229387276236
-106.57075311762253, 37.639862540618395
Holes:
Exterior:
-106.57075311762253, -37.385809445168434
-106.56293828093749, -44.2682407773124
-106.56664253900863, -52.20109400731656
-100.21193761282473, -50.34861434876908
-97.74329205615118, -49.6289787862514
-97.74329205615118, -38.06033113195804
-97.74628438035688, -34.81321757917624
-104.17840613539056, -36.688414375468334
-106.57075311762253, -37.385809445168434
Holes:
Exterior:
65.5738495121019, 2.453389225390166
75.24242064047235, 4.5745181760521305
75.24240449228466, 15.641073328585335
75.2424210971252, 24.330480644654145
75.24242176548171, 32.68916476736417
75.24242176548171, 40.06598624417287
68.61203008155371, 39.71867664636934
62.44216977472411, 39.401379012132956
62.44215110003336, 21.609458897664343
62.44216355621268, 16.871845567657655
69.17313794562756, 17.2209520237992
64.86245351593186, 16.27526331305848
62.44216355621268, 15.744287929293689
62.44220796904858, 7.552384357356677
62.44224422896616, 1.7663504191867048
65.5738495121019, 2.453389225390166
Holes:
Exterior:
-48.038253772370695, 100.89893462625068
-48.038253772370695, 100.27650118528516
-48.03823176837477, 97.4237481032904
-48.03823176837477, 86.2569275505849
-48.038253772370695, 79.89698473736406
-46.71325925886072, 79.5198263230895
-35.122881612812535, 76.22065467634596
-35.122878258734204, 77.55127472454632
-35.122878258734204, 90.94958455653916
-36.48505682139228, 91.33732485216962
-41.797618326738075, 92.84952857642864
-42.70979662468494, 93.10916613512732
-41.797618326738075, 93.15274012268686
-35.12288253573274, 93.47739032005758
-35.12288822979133, 94.3270299261187
-35.12288822979133, 101.52071281547647
-36.48505682139228, 101.4519796360471
-48.038253772370695, 100.89893462625068
Holes:
Exterior:
-48.038253772370695, -80.78137521758815
-48.03823176837477, -86.00279816118963
-48.03823176837477, -97.16964038900309
-48.038253772370695, -100.64484338382806
-36.48505682139228, -101.19782014639516
-35.12288822979133, -101.26656136642015
-35.12288253573274, -100.53798708102043
-35.12288253573274, -93.2232609306623
-36.48505682139228, -93.15520328941065
-41.797618326738075, -92.89861073329159
-42.70979662468494, -92.85503674573205
-41.797618326738075, -92.59536232240768
-36.48505682139228, -91.083135262261
-35.122878258734204, -90.69538576562707
-35.122881612812535, -88.65401627485831
-35.122881612812535, -75.96653586104344
-36.48505682139228, -76.35427589718564
-48.038253772370695, -79.64286124532433
-48.038253772370695, -80.78137521758815
Holes:
Exterior:
-48.038253772370695, -47.22994822299942
-46.71325925886072, -47.74129497285085
-35.122881612812535, -52.21426391267807
-35.12287815470779, -50.80161287353573
-35.12287815470779, -36.044969337919355
-36.48505682139228, -35.51927796240226
-40.82197924187244, -33.84556103772424
-35.12287815470779, -34.13544186657128
-35.1228728431189, -32.08027967421412
-35.122892529679575, -25.78672186449492
-35.122892529679575, -4.96296553966648
-35.12289005788898, -0.0907069853310293
-38.71652928434219, -0.5097112605347432
-48.038244855052426, -1.5964324134156336
-48.038253772370695, -2.6123883853936256
-48.038261366912934, -3.5942628405499844
-48.03823056440285, -13.490512914708734
-48.03823056440285, -41.418031078187155
-48.038253772370695, -47.22994822299942
Holes:
Exterior:
-48.038253772370695, 46.23429196427321
-48.03823056440285, 41.672209338307894
-48.03823056440285, 13.744642304104008
-48.038261366912934, 3.8483922299452575
-48.038244855052426, 1.8505618028109063
-39.199708209732535, 0.820115329066714
-35.12289005788898, 0.34481754286189314
-35.122892529679575, 5.21704691730232
-35.122892529679575, 26.040851253890192
-35.1228728431189, 32.33440906360939
-35.12287815470779, 34.38957125596655
-36.48505682139228, 34.31923702602776
-40.82197924187244, 34.09969042711951
-35.12287815470779, 36.299098727314636
-35.122881612812535, 38.54011149805817
-35.122881612812535, 52.46838272798058
-36.48505682139228, 51.94268835765691
-48.038253772370695, 47.48414211162894
-48.038253772370695, 46.23429196427321
Holes:
Exterior:
-77.68721361687244, 36.99877950471117
-77.68721361687244, 36.257917492265946
-77.68721361687244, 29.220101662631045
-77.68721361687244, -5.456025989179359
-77.68721361687244, -9.106338293140382
-77.68721361687244, -15.017376063434508
-77.68721361687244, -49.693503715244915
-77.68721361687244, -78.8178663355758
-77.68721361687244, -82.26365473788898
-77.68721361687244, -99.2414503199508
-76.76342278079949, -99.28470827622488
-71.28737230827869, -99.5411329371383
-71.28737230827869, -103.34722310926563
-71.28737230827869, -105.96920300549768
-67.83954144647691, -106.1319593717081
-64.76320585358712, -106.27716068377137
-61.71120695382842, -106.42115914108889
-58.48738451530994, -106.57329846448205
-58.48738451530994, -102.67915003710021
-58.48738451530994, -100.14461804456018
-52.880878319669705, -100.41082750258835
-52.08754320671619, -100.44849682873986
-52.08754320671619, -97.61228875018448
-52.08754320671619, -80.79548169202111
-52.08754320671619, -75.72597830596897
-52.08754320671619, -45.6672315699508
-52.08754320671619, -8.360432896691641
-52.08754320671619, -2.0685224635054884
-52.08754320671619, 1.6889432853401887
-52.08754320671619, 38.99580724224916
-52.08754320671619, 39.62951580980973
-52.08754320671619, 45.92143725329139
-52.08754320671619, 50.99092962904804
-52.08754320671619, 67.63734929142242
-52.08754320671619, 81.04961108141639
-52.08754320671619, 97.86638549775485
-52.08754320671619, 100.70258807116248
-52.880878319669705, 100.66492347377398
-58.48738451530994, 100.39874743395545
-58.48738451530994, 104.2928727539554
-58.48738451530994, 106.82738970690467
-61.71120695382842, 106.67528426000302
-64.76320585358712, 106.53128940684407
-67.83954144647691, 106.38609171751037
-71.28737230827869, 106.2233705418656
-71.28737230827869, 102.41723519573857
-71.28737230827869, 99.79522417956092
-76.76342278079949, 99.53876687803384
-77.68721361687244, 99.49550341540076
-77.68721361687244, 96.04971501308756
-77.68721361687244, 79.07191943102576
-77.68721361687244, 49.947620232619684
-77.68721361687244, 44.036595334346075
-77.68721361687244, 36.99877950471117
Holes:
Exterior:
-21.489969432890348, 72.3400523253583
-8.474023331999206, 68.63504730997016
-8.478083678072494, 73.9467534213703
-8.478083678072494, 83.36507716280751
-27.994611883527682, 88.92050387936897
-33.040070386879165, 90.35671540566668
-33.040070386879165, 77.44469651595813
-33.038212698328266, 75.62725460277306
-21.489969432890348, 72.3400523253583
Holes:
Exterior:
-21.489969432890348, -57.47553984434004
-8.474023331999206, -62.49874223732848
-8.478519780703095, -56.66783495924167
-8.478519780703095, -46.327693596601435
-14.124696850526789, -44.1487173596178
-33.04025891351796, -36.84869390034494
-33.038212698328266, -39.91025505195744
-33.038212698328266, -53.01878889167801
-21.489969432890348, -57.47553984434004
Holes:
Exterior:
68.31139908122827, -98.35069321616598
62.44221447982591, -98.05915311319741
62.44220796904858, -102.80897601145145
62.44220796904858, -106.1463597381959
68.61203008155383, -106.45539928442521
75.24237769330739, -106.80386824670767
75.24243377754965, -101.02581687665733
75.24243377754965, -98.70511845686312
68.31139908122827, -98.35069321616598
Holes:
Exterior:
68.31139908122827, 92.38602022902418
62.44221447982591, 90.1208983213855
62.44214618033277, 80.36433401792131
62.44213949466314, 73.95162530776405
67.69698026264462, 75.97959264507978
75.24237769330739, 78.89151450707067
75.24243377754965, 90.41314170503271
75.24243377754965, 95.0608323952267
68.31139908122827, 92.38602022902418
Holes:
Exterior:
6.086969431217085, 13.965365872304728
15.286832564915699, 14.433650687122805
15.286832564915699, 17.46197017386811
15.286872289929534, 36.95116441987368
13.177565114545018, 36.84426874306633
1.7238777380022157, 36.261109445904836
-4.685521693225041, 35.93276605588877
-4.685494905655673, 25.999112251510176
-4.685494905655673, 13.417033642377444
6.086969431217085, 13.965365872304728
Holes:
Exterior:
1.7238777380022157, -36.00700793952974
13.177565114545018, -36.59015138480212
15.286872289929534, -36.69702441528243
15.286832564915699, -17.207830522253047
15.286832564915699, -14.179521297727531
8.17559140115793, -13.81755001586149
-4.685494905655673, -13.16290425298217
-4.685494905655673, -25.744940224587168
-4.685521693225041, -35.67859384897771
1.7238777380022157, -36.00700793952974
Holes:
Exterior:
1.7238777380022157, -80.2070723263951
13.177565114545018, -76.9467825861048
15.286872289929534, -76.34635434129186
15.286879256772181, -71.85127583192826
15.286879256772181, -60.43395353297919
15.286872289929534, -57.74898088950972
15.286872289929534, -55.49925994597094
6.156148501575672, -51.97552746948268
1.7238777380022157, -50.26498091601268
1.11937828101793, -50.03168579539718
-4.685521693225041, -47.79150589021619
-4.6855084025073666, -60.83102289434409
-4.6855084025073666, -63.960810822679335
-2.974851386522573, -64.62097903307341
0.298015875315059, -65.88405896252893
-2.974851386522573, -66.8156757601067
-4.6855084025073666, -67.30258977516007
-4.685521693225041, -73.7653129778455
-4.685521693225041, -82.0314484874733
1.7238777380022157, -80.2070723263951
Holes:
Exterior:
1.7238777380022157, 80.46117383277019
0.9859490510868909, 80.67122974817052
-4.685521693225041, 82.28557787686857
-4.6855084025073666, 70.40764525008991
-4.6855084025073666, 67.55665763835815
-2.974851386522573, 67.06973629747701
0.298015875315059, 66.13811205797889
-2.974851386522573, 64.87503957044372
-4.6855084025073666, 64.21487868587741
-4.685521693225041, 57.12008919329076
-4.685521693225041, 48.045558985666155
7.974932938129086, 52.93148656224129
13.177565114545018, 54.939281917778416
13.501220141038857, 55.064183750313475
15.286872289929534, 55.7533130414209
15.286879256772181, 60.68800662842915
15.286879256772181, 72.10538193726443
15.286872289929534, 74.55116707194017
15.286872289929534, 76.60048373068713
6.156148501575672, 79.1995224039354
1.7238777380022157, 80.46117383277019
Holes:
Exterior:
51.31430074323703, 0.9645309915103663
51.3194233579145, 13.304133669156137
40.89605912705224, 11.017414894976332
23.658839381515122, 7.235840030341093
23.658839381515122, 6.707411880825123
23.658529296450297, 6.480719909529661
23.65874330749716, 6.460129011955023
23.658529296450297, -6.226662692876907
23.658839381515122, -6.981784050631184
40.89605912705224, -10.763285505581056
51.3194233579145, -13.050004279760863
51.326461413290986, -7.177948968921721
51.31430074323703, -0.7104016021150924
51.31430074323703, 0.9645309915103663
Holes:
Exterior:
40.90642740143983, -96.98532820037
23.68508633078102, -96.12664338313509
23.68508633078102, -96.37666183121922
23.685060805103262, -116.49825510811797
23.685060805103262, -117.05835828907112
40.90481616061402, -117.922391350104
51.31880769558188, -118.43127926131423
51.339510731357564, -109.30812943054836
51.34206662883116, -97.51774012522395
40.90642740143983, -96.98532820037
Holes:
Exterior:
67.69698026264462, -61.42780219739218
75.24237769330739, -59.28001653223557
75.24242176548171, -49.37576661206327
75.24242176548171, -44.55112708755339
68.61203008155371, -46.438446139334715
62.44220796904858, -48.194744378275026
62.44220796904858, -56.826747283298495
62.44213949466314, -62.923612690022374
67.69698026264462, -61.42780219739218
Holes:
Exterior:
-27.995712496470105, 39.04961354946552
-8.478519780703095, 46.5817466920514
-8.474023331999206, 57.24371764249539
-8.474023331999206, 62.75282132708652
-16.76130215819535, 59.554608513439916
-33.038212698328266, 53.27290383909056
-33.04025891351796, 51.325094071775794
-33.04025891351796, 37.102823289740215
-27.995712496470105, 39.04961354946552
Holes:
Exterior:
-8.474023331999206, -68.38096822021211
-16.76130215819535, -70.73989329260323
-33.038212698328266, -75.37313965536052
-33.040070386879165, -77.19056712656285
-33.040070386879165, -90.10251913367892
-27.99461188352757, -88.6663295428431
-8.478083678072494, -83.11097528165533
-8.474023331999206, -73.39929936810529
-8.474023331999206, -68.38096822021211
Holes:
Exterior:
64.86245351593186, -16.742312628984692
62.44216355621268, -16.61771617826238
62.44220796904858, -29.82599606719889
62.44216977472411, -39.14728893679381
70.66578223261843, -39.57623897133255
75.24242176548171, -39.811856854777595
75.2424210971252, -24.07635125525887
75.24240449228466, -15.386959829984715
75.24237769330739, -10.52937142615772
75.24242064047235, -4.3204244713404165
69.7370924000262, -3.1126115329888004
62.44224422896616, -1.5122376338523296
62.442202431975716, -8.865974486318207
62.44216355621268, -15.490158539898413
69.17313794562756, -16.966822634403925
64.86245351593186, -16.742312628984692
Holes:
Exterior:
15.286872289929534, -3.9529022504716105
15.286872289929534, 7.611089466821155
6.156148501575672, 8.675596631564229
-4.685521693225041, 9.939574807628137
-4.685521693225041, -3.791317423961209
-4.685521693225041, -9.685478894662392
7.974932938129086, -8.20947780305992
15.286872289929534, -7.357025756175221
15.286872289929534, -3.9529022504716105
Holes:
Exterior:
62.44213949466314, -73.69749591836877
62.44214618033277, -80.11020462852605
62.44221447982591, -89.86676893199022
72.24194337811457, -93.64870116758226
75.24243377754965, -94.80672493562447
75.24237769330739, -85.81973404048166
75.24237769330739, -78.6373851176754
68.61203008155383, -76.07857498827121
62.44213949466314, -73.69749591836877
Holes:
Exterior:
62.44220796904858, 106.40046677126033
62.44221447982591, 101.46784594353879
62.44221447982591, 98.31329742823067
72.24194337811457, 98.81096795927849
75.24243377754965, 98.95923688136186
75.24237769330739, 103.47168627993167
75.24237769330739, 107.058031525338
68.61203008155383, 106.70954568875189
62.44220796904858, 106.40046677126033
Holes:
