Exterior:
-10.675775260746263, -105.4105929132089
5.924956982955905, -106.25897700532244
7.1105540939748835, -106.31260187831347
7.110552616609198, -104.9890154259082
7.110552616609198, -98.22916538842503
-2.718944968046685, -97.74159960735011
-8.492022353966377, -97.43646202041354
-14.237487587024589, -97.14787352274304
-21.27210659467471, -96.79702090219581
-21.27210659467471, -98.66564465351681
-21.272111140802053, -104.86450017353143
-14.130256126797462, -105.22415208504518
-10.675775260746263, -105.4105929132089
Holes:
Exterior:
-10.675775260746263, 105.20525563007406
-18.616239700243227, 104.82047125770805
-21.272111140802053, 104.65913436622401
-21.27210659467471, 98.46027815584968
-21.27210659467471, 96.59163677733308
-18.57467370031395, 96.73162843672783
-14.237487587024589, 96.9424805842825
-8.492022353966377, 97.23106908195301
7.110552616609198, 98.02380433364327
7.110552616609198, 104.78371813848398
7.1105540939748835, 106.10730473830152
-8.532806602792448, 105.30295743271319
-10.675775260746263, 105.20525563007406
Holes:
Exterior:
-31.843935875527563, -74.68702428704209
-27.85928167096324, -76.22478160169547
-27.85928167096324, -74.7650637326965
-27.85823465803537, -73.38462856586177
-27.857830090449283, -60.05599503189643
-27.85834936589879, -58.65579032900639
-28.431447870229476, -58.81892540822835
-29.946110243840167, -59.25007348339042
-32.236410231652485, -58.36619922709107
-32.33604980270604, -58.32774012833974
-45.14083007390104, -53.38611120213225
-52.41557826871406, -50.57859047895264
-52.40552895655503, -65.61444001334633
-52.405467247803585, -66.75190055069962
-52.414542246323094, -75.63021957914243
-52.414542246323094, -80.37454891756761
-32.613875308153865, -74.73828974918568
-32.09424256805892, -74.59042077342949
-31.843935875527563, -74.68702428704209
Holes:
Exterior:
-31.843935875527563, 74.48169525110644
-32.09424256805892, 74.38510412891426
-32.613875308153865, 74.53291159511316
-52.414542246323094, 80.16925684819374
-52.414542246323094, 75.42490293462721
-52.405467247803585, 66.54651335562211
-52.405570957959526, 66.54646975466146
-52.40552895655503, 65.40905244178819
-52.41557826871406, 55.84302611318064
-52.41557826871406, 50.37327383443742
-32.33604980270604, 58.12236110725867
-29.999184442763976, 59.02427147634527
-29.946110243840167, 59.0447568388752
-27.85834936589879, 58.45047368449117
-27.85834936589879, 59.137446891420275
-27.857830090449283, 59.85067838738121
-27.85823465803537, 73.17931192134655
-27.85928167096324, 76.01946495718025
-29.025250615934624, 75.56949232741849
-31.843935875527563, 74.48169525110644
Holes:
Exterior:
-76.77564309231434, 24.724444428357465
-76.77572284621385, 12.284008965535463
-75.63022701155364, 12.343081964330967
-63.86033375511931, 12.942492340116127
-63.86029863771921, 24.169104811083923
-63.86032782683037, 35.46296790792119
-71.34599461857067, 35.0764557548151
-76.77564309231434, 34.801592443899395
-76.77564309231434, 24.724444428357465
Holes:
Exterior:
-76.77564309231434, -41.17754204532993
-76.77564309231434, -48.414162464793876
-76.7756787621023, -57.34686406716324
-67.0675418378994, -61.09346393054897
-63.860346830372805, -62.33118750528747
-63.86032782683037, -54.568156685136096
-63.86032782683037, -46.16183193339527
-71.34599461857067, -43.2729667876869
-76.77564309231434, -41.17754204532993
Holes:
Exterior:
-76.77564309231434, -35.00694323388572
-72.23251794328712, -35.24243890184963
-63.86032782683037, -35.66828455243641
-63.86029863771921, -24.374421455599148
-63.86033375511931, -13.147808984631348
-69.18689037062836, -12.87399344887921
-76.77572284621385, -12.489334587103333
-76.77572284621385, -15.138678272874628
-76.77564309231434, -35.00694323388572
Holes:
Exterior:
-76.77564309231434, 40.97222540081471
-72.23251794328712, 42.72550321323578
-63.86032782683037, 45.95651528888005
-63.860346830372805, 58.27169485240282
-63.860346830372805, 62.12581275228986
-71.34599461857067, 59.23693114903105
-76.7756787621023, 57.14153729761663
-76.7756787621023, 47.98397759337253
-76.77564309231434, 40.97222540081471
Holes:
Exterior:
0.8439372281362694, -87.3019598221612
7.1105419652704995, -89.72037490495971
7.1105419652704995, -76.20716287676795
7.110593487768369, -73.55117469935674
2.67527855404785, -71.83945397061866
-3.688094079300299, -69.38363499550076
-7.981693739933917, -67.72671227733574
-3.688094079300299, -66.50459218077094
7.110593487768369, -63.43074193195037
7.110593487768369, -53.68012111263661
7.110542755806023, -48.7018613446231
-2.148801253865031, -51.337579930689635
-8.242015650159487, -53.07204899418595
-14.954411272458287, -54.98271817030839
-21.272133131783335, -56.78101750400497
-21.2721406867812, -62.59758361787501
-21.272140137716747, -71.50987723876605
-21.272130926060868, -78.76690215698434
-18.578847730558095, -79.8062943871028
-14.243716548303269, -81.47925813355646
0.8439372281362694, -87.3019598221612
Holes:
Exterior:
11.033379234244762, -47.585222144621326
8.69601447821367, -48.250555284463424
8.69601447821367, -60.96566294997356
8.694386182308676, -62.97992050599086
31.13334373925511, -56.592746088337734
35.21662317348205, -55.43045159115926
43.95556211944108, -52.94285302440605
43.95556211944108, -83.32718694019653
43.95556211944108, -84.68242420443194
43.95556211944108, -87.77035241405449
35.21662317348205, -84.3977727088702
31.13334373925511, -82.82197218122882
12.05066691944944, -75.45766320111524
8.694386182308676, -74.16239690142888
8.694386182308676, -85.98978113172659
8.696177437692654, -90.33230511329127
25.69519082444515, -96.89257560198169
32.53008604522233, -99.53030114452324
25.69519082444515, -99.1782825509749
11.015355210930807, -98.42933757834533
8.699736702194173, -98.31387697351775
8.699736702194173, -105.34776481477897
8.69973326995671, -108.0533574643922
8.69973326995671, -119.26717395703211
11.015138560028731, -119.38335369820784
12.892215698197333, -119.47507855325652
31.13334373925511, -120.4289389484847
35.41907261769484, -120.6543834186742
36.3804346035397, -120.70546235317553
36.38003226616104, -120.3028946771934
36.3798836319711, -120.1061913619067
36.3798836319711, -108.43194466898474
36.3798836319711, -107.83357528975611
46.05011474388186, -108.34454378550113
48.94932667137596, -108.49851819226507
50.35540342803483, -108.57319360057792
50.35540342803483, -113.76689895649146
50.35540342803483, -115.00927453319511
55.863356484802125, -115.30365435932676
57.04012120109587, -115.36657433390367
58.48531489593347, -115.44391490838746
60.65642550122459, -115.5604837118643
63.15600157256608, -115.69424157421074
63.15600157256608, -113.31374542464829
63.15600157256608, -109.25747399608574
67.75344423720321, -109.50488525250171
69.55553770537858, -109.60186486522636
69.55553770537858, -101.37727348934163
69.55553770537858, -89.8901796845623
69.55553770537858, -69.58501352990157
69.55553770537858, -55.04681115428886
69.55553770537858, -28.56907438400635
69.55553770537858, -9.611401608390423
69.55553770537858, -1.676492587006308
69.55553770537858, 17.28121202183538
69.55553770537858, 28.363713278771588
69.55553770537858, 42.90188382115853
69.55553770537858, 69.37966505216059
69.55553770537858, 89.68478674610176
69.55553770537858, 97.90944178843803
69.55553770537858, 109.39662451465645
67.75344423720321, 109.29960193356108
63.15600157256608, 109.0520810576252
63.15600157256608, 111.43259131500191
63.15600157256608, 115.48888678272286
60.6564255012247, 115.35514171038047
58.48531489593347, 115.23854526302551
57.040121201095985, 115.16121404943893
55.863356484802125, 115.098347979626
50.35540342803483, 114.80399603565255
50.35540342803483, 109.61019832968704
50.35540342803483, 108.36780066211739
48.94932667137596, 108.29314201596128
46.05011474388186, 108.13920217135374
36.3798836319711, 107.62821695170308
36.3798836319711, 119.30246364462504
36.3798836319711, 119.90084366354913
36.3804346035397, 120.50010279622391
35.41907261769484, 120.44902730358486
23.589045587634928, 119.84684510630761
12.892215698197333, 119.26975033323275
11.015138560028731, 119.1780402492658
8.69973326995671, 119.0618524064409
8.69973326995671, 107.84806915469768
8.699736702194173, 105.14247140495554
8.699736702194173, 98.10851721126959
11.015355210930807, 98.22397959150939
25.69519082444515, 98.97295118750192
32.53008604522233, 99.32498450000801
25.69519082444515, 96.68725895746647
11.014022872898863, 91.02149008395625
8.696177437692654, 90.12698846877605
8.696177437692654, 76.06716894202063
8.694386182308676, 73.95702444972822
31.133343739255224, 82.61664108214734
35.21662317348205, 84.19245606435499
43.95556211944108, 87.56503576953926
43.95556211944108, 83.12188002898486
43.95556211944108, 52.73761267383614
35.21662317348205, 55.22506321330184
31.13334373925511, 56.387367604443455
12.05066691944944, 61.81924949404222
8.694386182308676, 62.77460386147564
8.694386182308676, 52.00074767777549
8.69601447821367, 48.0452386399482
31.13334373925511, 41.658501831517825
34.94738340850358, 40.572848269539264
31.13334373925511, 40.37218998084317
11.016441358883071, 39.319864291407484
8.699730390111426, 39.19896285759777
8.699730390111426, 19.71246596504951
8.699730794993684, 16.677022133192438
11.015221439518541, 16.795970960572912
14.816157822566083, 16.99122900684395
11.01396107048754, 16.157088080408684
8.696207481022043, 15.648609401960007
8.696207481022043, 3.4791629167478417
8.693732997175971, 1.6701573098155547
31.133343739255224, 6.592973288550695
35.21662317348205, 7.48875924198656
43.95556211944108, 9.40600866992989
43.95556211944108, 6.979836758892861
43.95556211944108, -9.611401608390423
35.21662317348205, -7.694152180447095
31.133343739255224, -6.79835177244498
12.739565681326098, -2.763077886809989
8.693732997175971, -1.8754739543307768
8.693732997175971, -9.828055237513695
8.696207481022043, -15.853935917299195
11.01396107048754, -16.362404724923906
14.816157822566083, -17.196545651359173
11.015221439518541, -17.001287605088134
8.699730794993684, -16.88233877770766
8.699730390111426, -19.917792893906977
8.699730390111426, -39.40428978645524
31.13334373925511, -40.57750662535839
34.94738340850358, -40.778164914054486
31.13334373925511, -41.863818476033046
11.033379234244762, -47.585222144621326
Holes:
Exterior:
-139.942933419636, -112.0513393098497
-123.08993296087658, -112.77866394175803
-116.96100127900297, -113.04556058689663
-116.95766143704509, -110.25479588775413
-116.95321552975304, -106.60911570453433
-112.84436463837142, -106.8030214814373
-112.84436463837142, -106.39521222058345
-112.84436463837142, -100.37434106151542
-112.25723109935689, -100.40221947558598
-108.68114925127918, -100.57201984277035
-105.50789637201035, -100.72294196173482
-102.97753971981979, -100.84633089317634
-102.97753971981979, -100.3134036238063
-102.97758441301346, -97.87092898489081
-102.97758441301346, -85.48360421560008
-102.97753971981979, -80.03833620723239
-104.10767897324695, -80.3600276131532
-105.50789637201035, -80.75860176573539
-106.44452332977767, -81.02520470897636
-106.44452332977767, -77.42242812270777
-106.44452332977767, -45.89695458690605
-105.50789637201035, -46.25842724299322
-102.97753971981979, -47.2349456371812
-102.97753971981979, -46.16482444874081
-102.97755090766759, -42.2588406099757
-102.97755090766759, -12.077615313782061
-102.97752837036137, -3.6045843340803154
-102.97755828979223, -1.8940471336745628
-104.96623212763507, -2.1258979508251024
-105.50789637201035, -2.1890424399146378
-106.44452332977767, -2.2982454804607366
-106.44452332977767, -2.0730646081087603
-106.44452332977767, 1.8677479635935375
-106.44452332977767, 2.0929288359455134
-105.50789637201035, 1.9837257953994147
-102.97755828979223, 1.68873048915934
-102.97752837036137, 3.399267689565092
-102.97755090766759, 11.872298669266836
-102.97755090766759, 42.05357677997722
-102.97753971981979, 47.029695188032115
-104.10767897324695, 46.593550987780795
-105.50789637201035, 46.0531716523088
-106.44452332977767, 45.69171423633614
-106.44452332977767, 49.2944829978472
-106.44452332977767, 80.81988806446114
-105.50789637201035, 80.55328512122017
-102.97753971981979, 79.83301451342759
-102.97753971981979, 80.80780511448148
-102.97758441301346, 85.27828757108486
-102.97758441301346, 97.6655882962818
-102.97753971981979, 100.64097610168847
-105.50789637201035, 100.51758717024694
-108.68114925127918, 100.3666783829424
-112.25723109935689, 100.19689933139539
-112.84436463837142, 100.1690244170002
-112.84436463837142, 100.57683125796572
-112.84436463837142, 106.59766668994942
-116.95321552975304, 106.40380408957215
-116.95422540589823, 107.28408567782562
-116.96100127900297, 112.84023352684201
-117.65922159871445, 112.81040363742518
-139.942933419636, 111.84598451836182
-139.95284359091386, 104.48499924652425
-139.86389960169151, 97.03329731873036
-139.87253525744075, 90.88719294909805
-133.6253457260135, 91.16320758066185
-130.74860515241232, 91.2889266203526
-125.75660741517686, 91.52181958274944
-125.75658349634398, 91.30460810080459
-125.75658349634398, 33.164676339306034
-125.75658349634398, 32.550278021203596
-125.75660280215425, 32.34380129875113
-130.54644657241556, 32.10691337493959
-138.8836577601703, 31.69458580365059
-139.84174183822745, 31.647389888989963
-139.84190196703844, 31.00861267536319
-139.8628984773469, 21.672665425767626
-139.8797407551831, 9.158117170314295
-133.62177872330847, 9.450140548169934
-125.78559027435699, 9.832692130391173
-125.75677565835952, 9.834136099804418
-125.75662333984769, 9.795349115392238
-125.75658349634398, 9.703737587356942
-125.75658349634398, 9.665234588111815
-125.75658349634398, -0.10265832225761151
-125.75658349634398, -0.14116132150274033
-125.75658349634398, -9.909054231872162
-125.75662333984769, -10.00066575990746
-125.75686376319993, -10.033334066271602
-125.75677565835952, -10.03945274431964
-132.32328415319603, -9.721062661411995
-133.62177872330847, -9.655457192685155
-139.8797407551831, -9.363433814829516
-139.84190196703844, -31.214003448714518
-139.84174183822745, -31.85278013931357
-139.4656161700717, -31.871387181930398
-138.8836577601703, -31.89996836651701
-127.03316612514277, -32.485990766584194
-125.75660280215425, -32.54911850215968
-125.75658349634398, -32.75559466571882
-125.75658349634398, -33.36999432175298
-125.75658349634398, -91.51000103926512
-125.75660741517686, -91.72721203254143
-125.78565736671021, -91.72600756830147
-133.6253457260135, -91.36860051912238
-139.87253525744075, -91.0925320597357
-139.86389960169151, -97.2386251935175
-139.942933419636, -112.0513393098497
Holes:
Exterior:
-52.43252190980752, 97.66961062976875
-52.4211803840501, 95.06399723008224
-32.62247123260045, 96.05464774377073
-32.12308728727942, 96.07938999158324
-31.86888053419318, 96.0921022028943
-27.881397013632863, 96.28971708481438
-27.881397013632863, 97.02055476448774
-27.881375737157896, 115.90780027136552
-27.881375737157896, 117.22300251074243
-32.34475438425159, 116.99819923867544
-34.57910073646542, 116.88687318399691
-39.4750629771853, 116.64115548927845
-47.52707547385296, 116.2370723175549
-52.43041814248977, 115.99747911471475
-52.43041814248977, 113.00684710997837
-52.433084716166945, 97.80248324321676
-52.43252190980752, 97.66961062976875
Holes:
Exterior:
-52.43252190980752, -97.87494084864075
-52.433084716166945, -98.00783744290855
-52.43041814248977, -113.21218415754178
-52.43041814248977, -116.2028516501271
-39.4750629771853, -116.84649015124305
-34.57910073646542, -117.09222797548479
-32.34475438425159, -117.20354015625726
-27.881375737157896, -117.4283534035905
-27.881375737157896, -116.11314726557379
-27.881397013632863, -97.22593736178366
-27.881397013632863, -96.49510657622005
-31.86888053419318, -96.29749514135483
-32.12308728727942, -96.28477633855282
-32.62247123260045, -96.25997175583801
-52.4211803840501, -95.2693314298552
-52.43252190980752, -97.87494084864075
Holes:
Exterior:
109.57879784255715, -0.8308718061074163
108.81135431245787, -0.9992305635777289
108.83138063156844, -7.478132702942237
108.8288078414223, -14.973385929079335
114.17554494355977, -13.800401117409846
118.91589294757625, -12.760445324338827
118.9269917915019, -8.222334685776385
118.90079906445305, -0.1026583222576106
118.89709767073475, 1.4071251448372435
118.91589294757625, 12.55508236668633
114.17554494355977, 13.595044167589776
108.8288078414223, 14.768069284564113
108.81106500697399, 2.6655471463988833
108.81135431245787, 0.7939139190625076
112.89812803740983, -0.10265832225761061
109.57879784255715, -0.8308718061074163
Holes:
Exterior:
-27.858991726453155, 5.656134909210701
-27.858819589181735, 5.674784241929333
-27.859543119988416, 7.628860108408928
-32.148715705782365, 6.687884948754532
-32.48639344696517, 6.613802859383013
-32.68957778334584, 6.6374545945588
-52.41108590084684, 8.936726908351883
-52.41273199624004, 4.185998756315429
-52.41273199624004, -4.391364116748121
-52.41108590084684, -9.142087721403763
-32.68957778334584, -6.842847533019336
-32.48639344696517, -6.819195797843549
-32.148715705782365, -6.893264548704198
-27.859543119988416, -7.834245584255791
-27.859543119988416, -6.467012670829823
-27.858819589181735, -5.880166513844926
-27.858991726453155, 5.656134909210701
Holes:
Exterior:
123.07017982193577, 104.18974334404768
134.84945199266372, 104.83573956086029
134.82428106906832, 115.62042213683304
134.8372174340027, 116.77208248640778
134.88507224800992, 125.95672541234667
128.9653934949332, 125.59274158141442
123.05719802497947, 125.24017593924857
118.1624813036459, 124.94810324295
108.81923795576506, 124.4346133660488
108.82358237212259, 122.8551973621092
108.84599183947705, 103.40619303321355
123.07017982193577, 104.18974334404768
Holes:
Exterior:
123.07017982193577, -104.3950944794865
113.5212230325269, -103.86811892915603
108.84599183947705, -103.61154493625816
108.81924014987715, -117.26877734036484
108.81923795576506, -124.63999495220287
118.1624813036459, -125.15341988746522
123.05719802497947, -125.44554425166199
134.88507224800992, -126.16205006123326
134.8900844801584, -121.70106734570571
134.8372174340027, -116.97738263512679
134.82428106906832, -115.82575734690225
134.84945199266372, -105.04107479277918
123.07017982193577, -104.3950944794865
Holes:
Exterior:
110.88248081444783, -78.34999353818732
108.81696123145116, -78.92672737398827
108.81696123145116, -83.30942814011493
108.83130400550147, -93.58371947952911
114.49439203666475, -92.002236533984
118.91804691521827, -90.76697423004448
118.89587913582307, -77.041465380639
118.89649921246371, -76.11214923769072
110.88248081444783, -78.34999353818732
Holes:
Exterior:
110.88248081444783, 70.96543285319706
108.81696123145116, 70.15959311452916
108.83289647170182, 62.66631310888774
108.83130033935424, 53.92942351840846
114.3187589958568, 56.07034458039938
118.9191107489462, 57.865193095365655
118.89574610668103, 73.0110835560524
118.89649921246371, 74.09214702103769
110.88248081444783, 70.96543285319706
Holes:
Exterior:
-63.86038319307568, 99.16665785439791
-63.86038319307568, 102.54911146996209
-71.34599461857067, 102.1713976712301
-76.7756787621023, 101.91148175937536
-76.7756787621023, 97.35095791608174
-76.7756518457303, 93.86132979980596
-71.73925676845033, 94.11436009217047
-63.86035190215466, 94.49757945844934
-63.86038319307568, 99.16665785439791
Holes:
Exterior:
-63.86038319307568, -102.75447837312812
-63.86035190215466, -98.75069790958094
-63.86035190215466, -94.70289610296456
-71.34599461857067, -94.32889463201091
-76.7756518457303, -94.06664644432118
-76.7756518457303, -97.86579703501872
-76.7756787621023, -102.11683655086324
-71.34599461857067, -102.3767203884012
-63.86038319307568, -102.75447837312812
Holes:
Exterior:
-63.860346830372805, -72.41449931966491
-63.860346830372805, -68.90372295983217
-71.34599461857067, -71.03449536389732
-76.77567876210219, -72.58003983918012
-76.7756787621023, -80.92184761284005
-76.7756518457303, -87.30894940091994
-71.34599461857067, -85.76339090188522
-63.86032839849349, -83.63256650897999
-63.860346830372805, -72.41449931966491
Holes:
Exterior:
-63.860346830372805, 68.69834820683455
-63.86032839849349, 76.01058892154221
-63.86032839849349, 83.42728828201086
-71.34599461857067, 85.55806211205827
-76.7756518457303, 87.1035967608522
-76.7756518457303, 80.1544753691509
-76.77567876210219, 72.37467998517654
-67.0675418378994, 69.61126814417734
-63.860346830372805, 68.69834820683455
Holes:
Exterior:
-63.86034651101261, 10.27154112823635
-69.18689037062836, 10.892532160471209
-76.77572284621385, 11.777281274697943
-76.77572284621385, 9.60484351086658
-76.77565068374872, -3.0841255232636984
-76.7756787621023, -6.283110915194189
-76.77572284621385, -11.982606896265814
-75.63846214966281, -11.850018336581595
-63.86034651101261, -10.476883481170127
-63.860327836475676, -2.996585252353496
-63.860327836475676, 2.7912357353792503
-63.86034651101261, 10.27154112823635
Holes:
Exterior:
108.81640137816805, -65.26677050947877
108.81696123145116, -70.36485627218451
118.0646496640918, -73.97285242801293
118.89649921246371, -74.29739134524864
118.89574610668103, -73.21632898530584
118.9191107489462, -58.070509739880876
113.63954511578027, -56.01074507950251
108.83130033935424, -54.13477406535657
108.81640137816805, -65.26677050947877
Holes:
Exterior:
118.89649921246371, 75.9069009398387
118.89587913582307, 76.83622019486374
118.91804691521827, 90.56165758552926
114.49439203666475, 91.79691988946878
108.83130400550147, 93.37836744044576
108.81696123145116, 83.1041649824596
108.81696123145116, 78.72148702341836
118.0646496640918, 76.13918327987331
118.89649921246371, 75.9069009398387
Holes:
Exterior:
95.18917268050131, 97.18775349744998
87.28507472998467, 99.39487605306329
87.28507472998467, 96.49455838028963
87.28517871263455, 84.73399207727606
93.0676232186081, 83.11931215108702
100.0864885643839, 81.15936459847933
100.08648480873364, 85.97899885299952
100.08648480873364, 95.82024759757162
95.18917268050131, 97.18775349744998
Holes:
Exterior:
95.18917268050131, -111.00677471614759
100.08640989824892, -111.28655609022294
100.08640989824892, -105.86204307831485
100.08648480873364, -103.12238588479991
95.18917268050131, -102.84921676946831
87.28507472998467, -102.42164940419197
87.28507472998467, -104.0411291494531
87.28517871263455, -110.57696705489603
95.18917268050131, -111.00677471614759
Holes:
Exterior:
95.18917268050131, 64.84267161781356
87.28517871263455, 61.75881325985784
87.28517871263455, 56.22866917290203
87.28514915692028, 45.523051816479835
88.93297621957333, 46.16595544911006
100.08654408556379, 50.517559698671704
100.0865335464897, 58.1762610338109
100.0864885643839, 66.7533737102237
95.18917268050131, 64.84267161781356
Holes:
Exterior:
95.18917268050131, 102.64391471841893
100.08648480873364, 102.91708178074427
100.08640989824892, 105.65673915869029
100.08640989824892, 111.08127759268038
95.18917268050131, 110.80146703167337
87.28517871263455, 110.37168772414637
87.28517871263455, 107.58333151996852
87.28507472998467, 102.21634030618068
95.18917268050131, 102.64391471841893
Holes:
Exterior:
95.18917268050131, -82.73212043493395
87.28517871263455, -84.9393330421636
87.28517871263455, -89.93308386906632
87.28507472998467, -99.6002077905864
89.37338670060603, -99.01707383650118
100.08648480873364, -96.025589323006
100.0864885643839, -88.73880836416292
100.0864885643839, -81.36460494904924
95.18917268050131, -82.73212043493395
Holes:
Exterior:
94.71654143105229, 3.8860892607797783
100.08646938136428, 2.708012952774636
100.08648480873364, 7.3031588052666905
100.08655436745619, 16.685996188937054
95.72889741198003, 17.641973379016342
87.28516469310546, 19.494396797051998
87.28516461081222, 17.245237929404492
87.28517704820467, 5.516411045259739
94.71654143105229, 3.8860892607797783
Holes:
Exterior:
-14.115680147375201, 15.48884820644093
-8.532806602792448, 15.77738138500885
7.1105540939748835, 16.591770601026163
7.1105363353966595, 20.41617282335455
7.1105363353966595, 39.11355879766958
-2.2351727628044955, 38.63410220690733
-8.314268541520278, 38.309129420998964
-14.7360149217742, 37.97660153297306
-21.272115217819305, 37.639559304541216
-21.272115217819305, 33.03150658912872
-21.272111140802053, 15.120413572182862
-17.076926737537292, 15.33789188184753
-14.130256126797462, 15.48801295903525
-14.115680147375201, 15.48884820644093
Holes:
Exterior:
-14.115680147375201, -15.694207452919802
-14.130256126797462, -15.693371914396222
-21.272111140802053, -15.325730216698084
-21.272115217819305, -33.23682323364394
-21.272115217819305, -37.84487594905644
-19.00044154703562, -37.96525628189281
-14.7360149217742, -38.181918177488285
-8.314268541520278, -38.514446065514186
7.1105363353966595, -39.318875442184805
7.1105363353966595, -20.621489467869775
7.1105540939748835, -16.797087245541384
-5.308888245426147, -16.153263502096685
-8.532806602792448, -15.982753242475493
-14.115680147375201, -15.694207452919802
Holes:
Exterior:
87.28514915692028, -43.573169727842014
88.93297621957333, -43.66441018039279
100.08654408556379, -44.27162720158334
100.08654408556379, -37.35818860676822
100.08655436745619, -21.740024231287247
95.72889741198003, -21.499987239871697
87.28516469310546, -21.043046935128533
87.28516469310546, -23.86392597264344
87.28514915692028, -43.573169727842014
Holes:
Exterior:
87.28514915692028, -45.728368460995064
87.28514915692028, -48.28511612609506
87.28517871263455, -61.96410391758656
93.0676232186081, -64.22014855599585
100.0864885643839, -66.95865243532481
100.0865335464897, -58.381541689211375
100.08654408556379, -50.72289974873983
95.4917525763941, -48.930206547582465
87.28514915692028, -45.728368460995064
Holes:
Exterior:
87.28514915692028, 39.81941580085399
87.28516469310546, 20.83773029061331
95.72889741198003, 21.294670595356475
100.08655436745619, 21.53468548196558
100.08655436745619, 28.06393689435167
100.08654408556379, 44.06631055706812
95.4917525763941, 43.81267534614697
87.28514915692028, 43.36785308332679
87.28514915692028, 39.81941580085399
Holes:
Exterior:
-8.242015650159487, 52.86667816312794
7.110542755806023, 48.496544700107876
7.110593487768369, 53.47480446812139
7.110593487768369, 63.22542528743515
2.67527855404785, 64.4879206679375
-3.688094079300299, 66.29927553625572
-7.981693739933917, 67.52139563282051
-3.688094079300299, 69.17835646481983
7.110593487768369, 73.3458075478833
7.110593487768369, 84.04994923144727
7.1105419652704995, 89.51505826044449
-2.716093582179724, 85.7227464217491
-8.48970218891452, 83.49457363786493
-13.662592836603721, 81.49826693097663
-21.272130926060868, 78.56158551246912
-21.272130926060868, 74.83137296345794
-21.272140137716747, 71.30456059425083
-21.2721406867812, 62.39226697335979
-21.272133131783335, 56.57570085948975
-19.124609860280884, 55.96442082338745
-14.954411272458287, 54.777364097448284
-8.242015650159487, 52.86667816312794
Holes:
Exterior:
87.28516469310546, -19.69971344156722
88.58602471845916, -19.414333736680806
100.08655436745619, -16.891312833452275
100.08651156705696, -8.78008426637809
100.08646938136428, -2.9133295972898576
94.27933549883721, -4.187321110182941
87.28517704820467, -5.721772775060982
87.28517871263455, -10.482868493516138
87.28516469310546, -19.69971344156722
Holes:
Exterior:
134.8507506476857, 33.51784928815889
134.851243000482, 45.97516985890634
123.07125540662742, 45.331970816147546
112.35848708030369, 44.726329639745934
109.88591451622858, 44.59037968808361
108.81142314545491, 44.53223171668886
108.80910556482581, 22.575074578043022
108.80908626482017, 21.99911006251812
109.45358565271488, 22.034309533112854
134.8513893589776, 23.440539262247192
134.8507506476857, 33.51784928815889
Holes:
Exterior:
-32.74152040009017, -14.753460934562298
-52.42514717223855, -13.742303921790427
-52.43091229207471, -20.84651910265602
-52.44572595259774, -36.276547190352
-32.345172888553975, -37.29565591736466
-30.5584923905069, -37.386169758078665
-27.881357885002103, -37.5217598607944
-27.881357885002103, -36.19301019965697
-27.8813603948646, -15.003132135380028
-32.344543719985154, -14.773853572238922
-32.74152040009017, -14.753460934562298
Holes:
Exterior:
-32.74152040009017, 14.548144290047077
-32.344543719985154, 14.5685369277237
-27.8813603948646, 14.797815490864807
-27.881357885002103, 35.987621762274195
-27.881357885002103, 37.31637142341162
-28.61171268006808, 37.279470911754615
-30.5584923905069, 37.18077681961813
-32.345172888553975, 37.090325410667305
-52.44572595259774, 36.07118009170911
-52.43091229207471, 20.6412024581408
-52.42514717223855, 13.536987277275205
-45.67941414656775, 13.883518703325475
-32.74152040009017, 14.548144290047077
Holes:
Exterior:
-21.272111140802053, -9.279412587928292
-17.076926737537292, -10.199762443999
-14.130256126797462, -10.846215163788589
1.0767334077066835, -14.182356984737106
7.1105540939748835, -15.506071383522949
7.1105540939748835, -3.8051850087202856
7.110561484779851, -1.5281463780577893
4.948390464454519, -1.0537870601138106
0.6129717874098333, -0.10265832225761104
7.110561484779851, 1.322829733542567
7.110561484779851, 7.7173523375092286
7.1105540939748835, 13.112501681780564
7.1105540939748835, 15.3007423106948
-8.532806602792448, 11.868805936710668
-14.130256126797462, 10.640822225328055
-21.272111140802053, 9.074037736903172
-21.27209722638156, 4.338218880305781
-21.27209722638156, -4.543585969844546
-21.272111140802053, -9.279412587928292
Holes:
Exterior:
112.35848708030369, -44.931646284261156
134.851243000482, -46.18048650342157
134.85188550533917, -36.198399984980746
134.8513893589776, -23.645898410892922
123.07170797682681, -23.00427991305521
109.45358565271488, -22.239628072087893
109.00669773387983, -22.21509516482285
108.80908626482017, -22.204426707033342
108.81129961834392, -41.42488257111396
108.81142314545491, -44.737548361204084
112.35848708030369, -44.931646284261156
Holes:
