Exterior:
-38.11442480730261, -383.10180409820646
-38.27746904354311, -383.10180409820646
-38.588182735559144, -383.10180409820646
-38.723238062704695, -383.10180409820646
-38.98277093331336, -383.10180409820646
-39.0964724240373, -383.10180409820646
-39.316505383718464, -383.10180409820646
-39.41354393455768, -383.10180409820646
-39.60245443899754, -383.10180409820646
-39.6862421139308, -383.10180409820646
-43.310716573491476, -383.10180409820646
-43.310716573491476, -386.403957670987
-43.31071657349153, -400.07514699371427
-43.31071657349153, -400.459448764305
-43.31071657349145, -400.561902364808
-43.31071657349153, -400.67237406500607
-43.31071657349145, -400.70182546051115
-43.31058810511087, -400.71186205274734
-43.307335381410184, -400.74950917633146
-43.303600737327145, -400.7933609614253
-43.30231609624647, -400.80505116851896
-43.28593148272071, -400.9969073255611
-43.28047227921394, -401.04801527216443
-43.280351803872236, -401.04891884020043
-43.27919577667558, -401.05978874238195
-43.26931670729775, -401.0993650811176
-43.23160514291331, -401.2493070362397
-43.22052920611645, -401.28919649428144
-43.20233546021589, -401.3610678752062
-43.180646378271234, -401.41312254572006
-43.17143480627263, -401.44629361560067
-43.14432259250307, -401.5112419961425
-43.136524712622446, -401.5284582413398
-43.07602892785579, -401.673249926777
-43.05120109245024, -401.7155549166099
-43.0286845422857, -401.7654150483722
-43.0181993807752, -401.78307101146504
-43.016018650323616, -401.7878653729757
-42.91790246137339, -401.9545048329706
-42.890048499336075, -401.9985295522136
-42.870882248558075, -402.03095552728405
-42.85431584472008, -402.05713502333055
-42.80440969007117, -402.1217472448939
-42.740389738392025, -402.20493626921046
-42.722392239493274, -402.2267925979602
-42.641120990066156, -402.332300216626
-42.57599460865214, -402.3997800607855
-42.53798182072731, -402.4459037878017
-42.534122669284955, -402.4497629067727
-42.53303499416643, -402.45080258765256
-42.36620940606247, -402.62365806739325
-42.319543997546845, -402.669013313629
-42.319061469296145, -402.66955616150796
-42.29963480377259, -402.6884557519915
-42.218325724406895, -402.7575197029544
-42.10453533649601, -402.85435545043856
-42.07303030449194, -402.87952442729966
-41.99373978229082, -402.94710860084854
-41.947456143914934, -402.98407845479414
-41.8476422564388, -403.05492540366515
-41.81589409737589, -403.07749906453836
-41.807160909595325, -403.08331586140616
-41.62737008877386, -403.2110648013769
-41.580747843581406, -403.2389668694873
-41.519816942079615, -403.2795400091321
-41.446265065985784, -403.3235627650006
-41.42816371769621, -403.3356674051858
-41.2548058051205, -403.43944017968295
-41.20751566690035, -403.46596175436986
-41.1580996073599, -403.495503001881
-41.10826944135704, -403.5234515522144
-40.9623058950076, -403.5974602067347
-40.89208270770109, -403.63311561103745
-40.87304957036102, -403.6421246688088
-40.7276158127614, -403.7159298917351
-40.59252761168341, -403.77416403250163
-40.51926798505323, -403.8088935246906
-40.46605639206868, -403.8318108307611
-40.45273072087829, -403.83812545890197
-40.250709154713746, -403.9252241304755
-40.21150177839641, -403.93944350695193
-40.147174157649346, -403.9651590367891
-39.95293892410555, -404.03625844083666
-39.9038496915411, -404.0558307947131
-39.786555139110845, -404.0987414917944
-39.75513998922591, -404.1092763210346
-39.682017601898764, -404.13597090615724
-39.59844329302098, -404.16397114818596
-39.34660138036179, -404.2414596460416
-39.325647203003285, -404.24793958501266
-39.32032941575193, -404.24971739281045
-39.135085521719105, -404.30677965025086
-39.05286600015569, -404.32951905120626
-38.924065921395226, -404.36235498419614
-38.88002116845783, -404.3745825879578
-38.706833029935325, -404.4186964981619
-38.53501936344682, -404.46240655474844
-38.5205867885924, -404.4661055542057
-38.4750568885851, -404.47628950872735
-38.153206252211504, -404.5425283410748
-38.06751376281241, -404.561746003712
-38.046159419367825, -404.56617445604036
-37.876737136047154, -404.60106506234894
-37.87105208303146, -404.6020646379891
-37.67641665589338, -404.63314895433314
-37.58245238926122, -404.6496205027316
-37.442686785876674, -404.67190245025444
-37.40713493791452, -404.6781339400033
-37.21157198199748, -404.7094107204529
-37.073211086609206, -404.72726607441086
-36.72951558965286, -404.7668097052954
-36.660957184498926, -404.77477143982327
-36.53413946151045, -404.78936166251077
-36.516429745797126, -404.79089698071556
-36.161792004288856, -404.8166300992808
-36.039264362158264, -404.8270442275854
-35.853444909216336, -404.84042965455444
-35.75496073556059, -404.8434738543726
-35.6825409791642, -404.84651607942044
-35.409916949010636, -404.8547360573357
-35.34108186117837, -404.85767992180575
-35.177992296474116, -404.8626735949544
-35.0613864090447, -404.861699751393
-34.99067849149114, -404.8617000864102
-34.71060779417476, -404.8590201443167
-34.64006227661656, -404.85902022499715
-34.5699704408826, -404.858410810935
-34.50231911101386, -404.85552710170447
-34.30336209298139, -404.8460187147888
-34.01400247923394, -404.8321737371578
-33.941392911792974, -404.8291139694045
-33.91601572445694, -404.827893931178
-33.79583960450134, -404.81765536299577
-33.34153932739761, -404.7775090688783
-33.27450066307904, -404.77158671512075
-33.268883033995564, -404.77085400256084
-33.250688585474904, -404.7692996935127
-32.73109741100427, -404.7016621366179
-32.708107276331845, -404.6976884476038
-32.572925307663866, -404.6802472106099
-32.4362529005264, -404.6564086222761
-32.40239302223446, -404.6504466516545
-32.039615403674844, -404.58727157115106
-31.94836549141192, -404.57131626710293
-31.942493796139104, -404.5700929829845
-31.936260503179597, -404.56898852543674
-31.912284065688937, -404.56366712939456
-31.578534149059635, -404.48992751701553
-31.496419673988754, -404.471505164758
-31.34840788977229, -404.43875612514756
-31.317304513834102, -404.43030701378217
-31.2728824880935, -404.4203699355961
-31.10265625316518, -404.3741999610714
-31.060966741658774, -404.36266293123083
-30.769002654652553, -404.28345320424427
-30.738237007858004, -404.27334158443153
-30.658991122745448, -404.2513954222844
-30.640364962707082, -404.2453296113323
-30.635827873988234, -404.24378218182824
-30.308499846518657, -404.136572216439
-30.22895890615402, -404.1099686258955
-30.13870847527764, -404.080477865259
-30.105717506731423, -404.0675393027167
-30.075338433495716, -404.0573380168371
-29.884840985620144, -403.98294200689224
-29.838818450850624, -403.96455399739216
-29.62800880946446, -403.8823409538268
-29.587624888981992, -403.8638069203525
-29.526351170271056, -403.83933929894965
-29.475663169363628, -403.81595903427217
-29.463511458866208, -403.8101817672074
-29.17559145975099, -403.67770220866964
-29.10658616521306, -403.645018316365
-29.105235447931733, -403.6443429672136
-29.086972046318664, -403.6357029829944
-29.01759302854819, -403.5980664305704
-28.822526400336216, -403.4924873158593
-28.77620535605044, -403.4665007836354
-28.683199342310246, -403.4161281531653
-28.638643332957912, -403.3911307738875
-28.552267262898482, -403.33596304003095
-28.48148061448694, -403.29086105882647
-28.464851774693784, -403.27977024601284
-28.29693764681329, -403.17258084249625
-28.23078397798878, -403.12266002976577
-28.174027467563008, -403.0848223762399
-28.141937757135878, -403.0605399443575
-28.133549997415912, -403.0549678336144
-27.94895676306089, -402.91550760169304
-27.934195233291376, -402.9044978686914
-27.89144468618028, -402.8703628851429
-27.792791274871092, -402.78099768397607
-27.76338715374837, -402.7574949055273
-27.685144545036565, -402.68663312398553
-27.667346904037316, -402.66933806416426
-27.579618746654745, -402.58966903780265
-27.536485468516446, -402.54773256291537
-27.449737265311512, -402.4515704096264
-27.445430096244763, -402.4468324818526
-27.444219579796, -402.445695765921
-27.308088353366458, -402.2946698618385
-27.291099268204675, -402.2706642513571
-27.256230415053068, -402.2283025299059
-27.19480149546942, -402.14194524017034
-27.178084172387003, -402.1216601612065
-27.107784424547305, -402.022919386299
-27.092636910024993, -401.9990045861073
-27.056068341793917, -401.9475377147345
-27.030350939542615, -401.90691445244875
-26.966816124213437, -401.78772387699826
-26.957457378089572, -401.7701144753419
-26.955543448128594, -401.7658449039159
-26.88583866974139, -401.6351781397224
-26.864161057724004, -401.5751349204428
-26.84347175286507, -401.5294005986579
-26.819208249926646, -401.4621524135061
-26.812029171934142, -401.4462200047699
-26.766578466891872, -401.32033637537785
-26.758195403975236, -401.2900545409367
-26.751297501526324, -401.2707774581323
-26.741092106282764, -401.23411768957754
-26.714978602007733, -401.0992378419258
-26.706971740708525, -401.05809454700557
-26.706030803229538, -401.04824407857336
-26.687060097807944, -400.9503105988384
-26.681639720913665, -400.85243730816654
-26.677170863393457, -400.8056321205677
-26.674583886769682, -400.7602986427788
-26.673554916226323, -400.74950917633146
-26.672672950841104, -400.7403220579168
-26.670701925053947, -400.70182546051115
-26.670701925053976, -400.09722373905987
-26.670701925053976, -400.0727957346004
-26.670701925053976, -400.0146341726969
-26.670701925053976, -399.9829344440152
-26.670701925053947, -399.9059510960411
-26.670701925053947, -399.8631189978734
-26.670701925053976, -399.7564321874263
-26.670701925053976, -399.6993045974403
-26.670701925053976, -399.64357785110457
-26.670701925053976, -399.4996933527171
-26.670701925053976, -399.41392034033044
-26.670701925053947, -399.17993802546005
-26.670701925053976, -399.1017125454721
-18.378586555717476, -399.1017125454721
-18.378586555717476, -397.95003687239347
-18.378586555717476, -383.10180409820646
-19.524635909336098, -383.10180409820646
-26.670701925053976, -383.10180409820646
-27.570643105363274, -383.10180409820646
-30.256565196407394, -383.10180409820646
-31.23895307741475, -383.10180409820646
-32.884252003132275, -383.10180409820646
-33.520585891345604, -383.10180409820646
-34.631331193631326, -383.10180409820646
-35.07684064721258, -383.10180409820646
-35.87695316476132, -383.10180409820646
-36.2061893427522, -383.10180409820646
-36.80991308776356, -383.10180409820646
-37.063344610891164, -383.10180409820646
-37.535014531472285, -383.10180409820646
-37.73574400647851, -383.10180409820646
-38.11442480730261, -383.10180409820646
Holes:
Exterior:
-145.51894701039112, -312.9669235729977
-131.98545176256795, -315.27628815920843
-114.45330923614728, -318.3077661216972
-114.51881166853005, -311.79487257065114
-114.51767253771644, -311.51383981508656
-114.5166861396921, -305.0061603682237
-114.51670931358879, -304.7445953126784
-114.50535961883648, -304.74637483763394
-114.48394254623935, -304.7496449527917
-113.6562704656987, -304.8933082180086
-113.65630503705856, -301.5158566088494
-113.65633481307515, -295.0652250017055
-127.06424983612297, -292.7885201071282
-134.6736158495322, -291.4680978660876
-145.53973223659096, -289.63830393459324
-145.54199216027297, -296.6574044814097
-145.51894701039112, -312.9669235729977
Holes:
Exterior:
-29.394129275853714, 414.38966174695645
-29.444063655350448, 414.4133410476954
-29.444391874520107, 414.4134977004739
-29.514389165396693, 414.4457203792632
-29.526722601469032, 414.4514018311245
-29.778342613657145, 414.5519395807384
-29.96691637775629, 414.6273140398194
-29.97676039958037, 414.63183995047
-30.02818193190174, 414.6519086571916
-30.074689683448327, 414.6700565097689
-30.199019381605382, 414.7117141814652
-30.207081661980254, 414.7148537388023
-30.22914416264325, 414.72207801738915
-30.554159787007194, 414.83087626823897
-30.63434794490726, 414.85713992310747
-30.652851356136495, 414.86335873380614
-30.657418826511105, 414.8648461529468
-30.980291051890674, 414.9542291495859
-31.149699952249023, 415.00114049342943
-31.157258009180737, 415.0036249499209
-31.229045255458374, 415.023115366191
-31.270944451068203, 415.0344792218599
-31.451252618499183, 415.07487342130844
-31.458916713231417, 415.0769630015751
-31.495405316874553, 415.0850362801847
-31.82806691614067, 415.15963657381155
-31.91053457391004, 415.1778414259671
-31.91646467304696, 415.1791499573247
-31.94166517970345, 415.1835232872965
-31.943117655527658, 415.1838561428244
-32.311636276548455, 415.24844400980464
-32.40156575829772, 415.26409654772766
-32.53797556933651, 415.2880229269902
-32.5719148199249, 415.2939272913783
-33.11530112868331, 415.3640933845865
-33.12102201587075, 415.36509014692297
-33.25050530363569, 415.3819378164239
-33.32340052614586, 415.38816500276886
-33.80315276018689, 415.4290083077996
-33.8045576647213, 415.429191602406
-33.821326523846295, 415.430680680588
-33.93512258063882, 415.44072938676703
-33.94148432697196, 415.44103524442346
-34.2308817039069, 415.4532613584683
-34.30354468675435, 415.4567308235831
-34.572330701314144, 415.46809861242207
-34.622411148752576, 415.4704924044428
-34.64006227661645, 415.47065358782254
-34.91993258721297, 415.470653919332
-34.99058741914871, 415.471307605564
-35.27044801642529, 415.47130890869386
-35.299920504385966, 415.47157861860313
-35.34117281899276, 415.4703308603174
-35.41019294292553, 415.46824234034545
-35.68208674752569, 415.45673691604344
-35.70706450154199, 415.4559728600198
-35.99241026463281, 415.44392782365327
-36.03962728068106, 415.44051090559446
-36.52096254268156, 415.3995374125707
-36.61133480749689, 415.39298092751653
-36.68073025201926, 415.3870564489926
-36.71309556759755, 415.38332484021663
-36.73060163723201, 415.3813072248461
-36.81846003739952, 415.37117473148993
-37.358888071169986, 415.3013747158983
-37.40903086857912, 415.29337026135534
-37.54756189994043, 415.26908705308887
-37.583444867266195, 415.2633662500451
-37.948940729280196, 415.1992941916938
-37.99900860450302, 415.1912985629762
-38.021086452168674, 415.1874471001878
-38.064714021101764, 415.17846971051443
-38.070215757645485, 415.1773286874269
-38.40250127963026, 415.1028046694875
-38.48557893812239, 415.0857070071044
-38.66172324171441, 415.04627777730815
-38.66545390691843, 415.0453294107417
-38.7098881860139, 415.0340088684172
-38.75471960190333, 415.022588940725
-38.92478421683637, 414.97546631309365
-38.958168744089335, 414.9669552411808
-39.27509975818532, 414.87921226845975
-39.323198442793654, 414.8644033151798
-39.34366743228162, 414.8575297290113
-39.34911154029405, 414.85585398578263
-39.670175960499904, 414.7483768335411
-39.73573596274795, 414.72820495772663
-39.85627516976618, 414.6878139028619
-39.87532992840079, 414.6808418017441
-39.90590742231865, 414.66967095325356
-40.09405598532274, 414.59453174203753
-40.14476068767141, 414.57597183433387
-40.39089058314303, 414.47761171498075
-40.40113914693748, 414.4738793794397
-40.45398074355779, 414.4510972568514
-40.504891817120665, 414.4269718205773
-40.51882165570555, 414.42094875722864
-40.79842018188137, 414.2884327827255
-40.87091448032723, 414.2540584457945
-40.90633367982926, 414.23879913338686
-40.94449432998749, 414.2194649999909
-40.96292974149617, 414.21010448656193
-41.001271372534916, 414.1906638404833
-41.19087063179336, 414.08435590809586
-41.20386496539351, 414.0765721088092
-41.38359518551704, 413.97571666639107
-41.429231341255985, 413.9483905340772
-41.49794759889923, 413.9025594190673
-41.51732664272967, 413.8909686717084
-41.74839731640046, 413.73698300118036
-41.78146457840879, 413.7149282519615
-41.79376177877796, 413.7075693993769
-41.841212919501345, 413.67384512700863
-41.84959654758214, 413.6678920815203
-42.024703881283074, 413.5281132255718
-42.05108819081738, 413.5093862419262
-42.17016419937528, 413.41419873788743
-42.19113937172892, 413.3963361886504
-42.22125315874567, 413.37070894745085
-42.24278237945492, 413.3524057835037
-42.31613508964338, 413.2811045399945
-42.31626290889841, 413.28096074428527
-42.492346514798925, 413.10985325271946
-42.53657928199743, 413.0640369471848
-42.54067953904931, 413.060087402535
-42.54170325384416, 413.05902368986744
-42.684943011420586, 412.8852174504855
-42.70222909615592, 412.8673235978052
-42.72380897019238, 412.83931610507443
-42.79156103721209, 412.7570067452306
-42.80857005582416, 412.73492846014165
-42.870890118890884, 412.6365354437576
-42.884156530141695, 412.61935176211085
-42.98888875892695, 412.4537874403631
-42.99398630385241, 412.44515520971146
-43.0200873176438, 412.4008328253262
-43.028282406532185, 412.3827552784676
-43.031072568772316, 412.3780408439007
-43.11566505040574, 412.19074956049906
-43.144942543003935, 412.12607975143237
-43.15155226236021, 412.11481000245453
-43.16766130563451, 412.0762619618788
-43.174882351946025, 412.05897145276384
-43.209461991742785, 411.93447790932066
-43.251025559739986, 411.78484808429465
-43.25680442163983, 411.7709714126029
-43.26165250682919, 411.75181979108504
-43.27170261080087, 411.71186804051456
-43.2760397435089, 411.67105664522154
-43.2786728906334, 411.66050000938066
-43.2991533070377, 411.4687677927141
-43.303972063212655, 411.4249474071433
-43.304004178229945, 411.4247065472997
-43.308371918343056, 411.3735700748748
-43.30936753332699, 411.3618715547715
-43.3102346900786, 411.35182695124917
-43.31071657349153, 411.31408945648104
-43.31071657349153, 411.20364787397665
-43.31071657349145, 411.1742045077506
-43.31071657349142, 410.7899328548534
-43.31071657349145, 410.6874872836295
-43.31071657349142, 407.0427841904194
-43.31071657349142, 393.714106241149
-28.060367082248973, 393.714106241149
-27.692504204378395, 393.714106241149
-26.860450219662, 393.714106241149
-26.670701925053976, 393.714106241149
-18.378586555717476, 393.714106241149
-18.378586555717476, 394.8657874058766
-18.378586555717476, 409.71409098235995
-19.524635909336098, 409.71409098235995
-26.670701925053976, 409.71409098235995
-26.670701925053976, 409.79978839935666
-26.670701925053976, 410.05612022385145
-26.670701925053976, 410.15008609802305
-26.670701925053976, 410.307714147855
-26.670701925053947, 410.36876379842073
-26.670701925053976, 410.475442978571
-26.670701925053947, 410.5182720133645
-26.670701925053947, 410.595249855449
-26.670701925053976, 410.6269473169494
-26.670701925053976, 410.6851047191074
-26.670701925053947, 411.31408945648104
-26.67117230159394, 411.3232985471781
-26.674867973846915, 411.3618260188428
-26.679179545687674, 411.4070360330478
-26.679796939544786, 411.4178404750762
-26.698520956960323, 411.61398161705574
-26.699814660302422, 411.6373494845384
-26.704342768476664, 411.6607323890396
-26.70828464545886, 411.702029587357
-26.710195960202384, 411.7118507220394
-26.716430068883824, 411.744050210654
-26.75917362330236, 411.89753386411996
-26.760820738810082, 411.90210021909786
-26.795923736067493, 412.0288718965333
-26.80677941529828, 412.0589600841832
-26.836831289347856, 412.12565244164017
-26.842628140924177, 412.14171146195787
-26.929200749805915, 412.333143777248
-26.93438187287512, 412.34751729145773
-26.95104591358347, 412.3787400245843
-26.959050227359967, 412.3965956532667
-26.961288112060515, 412.4008210893666
-26.976483641072974, 412.42931977448444
-27.083979168937276, 412.5990909710613
-27.09273056311443, 412.6114224826954
-27.15600916670482, 412.7112955842932
-27.172841114125447, 412.73492197084886
-27.24263717931146, 412.8196734462573
-27.257353608633935, 412.8403546478498
-27.402821849930746, 413.01705220637126
-27.40689464108445, 413.0228074064807
-27.439542630543315, 413.0590194566815
-27.444588254578463, 413.06372660698696
-27.445621633335037, 413.0648854573884
-27.466439350907137, 413.08795453591085
-27.646085243782835, 413.2626183564725
-27.667159973353307, 413.2817348678324
-27.74121474609413, 413.35366759451654
-27.760023512513044, 413.37071660476715
-27.882277768134713, 413.4685253838476
-27.90601348010685, 413.49002686680296
-28.083561172731407, 413.63167288919715
-28.087115828123274, 413.6343462703505
-28.131590418234595, 413.6679242698473
-28.166383991844583, 413.6911301102119
-28.174120767295364, 413.6969845695838
-28.40936160719545, 413.8538118794571
-28.42532721138039, 413.8658755599035
-28.465877024743463, 413.89174617303047
-28.534692441387648, 413.93758227762925
-28.55180138175072, 413.9484906970613
-28.735956696237253, 414.0518398833716
-28.75685831861489, 414.06518251144354
-28.948060233720184, 414.1724511413457
-28.970590671094556, 414.1846539008549
-29.01787210071987, 414.2102597389376
-29.093144573150397, 414.24596201508604
-29.109978177110918, 414.25507164928933
-29.394129275853714, 414.38966174695645
Holes:
Exterior:
156.80641829638063, -411.18086000538796
157.17396224951807, -411.03856480487576
157.52371030639137, -410.8851275236356
157.79745741440405, -410.75948225704536
158.068806172351, -410.6215495673066
158.40946862645592, -410.4480523779277
158.74975400756324, -410.2579576028712
159.00647823107204, -410.108923361957
159.2401106110995, -409.9616299947329
159.58589408078035, -409.74318606689405
159.70593693021317, -409.66085062497274
159.96092038939918, -409.4870924203919
160.08748787317438, -409.39708849261706
160.1451549177558, -409.3563264832158
160.45969825486253, -409.1153711327906
160.6802027496543, -408.9471898209023
160.82471718082388, -408.82811422460924
161.15415769408668, -408.55778048784697
161.18182816088728, -408.5340162065405
161.19341675069813, -408.52410101263985
161.5257904932456, -408.2179257409648
161.67568396244798, -408.0801520345414
161.8611061658059, -407.89683513694354
162.13483704888074, -407.626653391402
162.1877437178075, -407.57055077681514
162.32641416381324, -407.4235702018451
162.5014275997296, -407.22938584166457
162.5644649418224, -407.159432094643
162.80251639639272, -406.8758692786785
162.96577689938636, -406.68126899400386
163.0936579210591, -406.51732762213203
163.34300139194238, -406.19736416629445
163.3747125721988, -406.15353967336404
163.4748669226023, -406.01485970007536
163.64094910093308, -405.7753501862241
163.69042089247085, -405.70395021967556
163.89355473952833, -405.3871405442361
164.01056941217178, -405.20447570438967
164.13490753011808, -404.9938869391222
164.30690038328152, -404.70232454589177
164.3646934148079, -404.5953785314208
164.579019596139, -404.1978096461312
164.58233062391525, -404.19106336286154
164.59684568236793, -404.16144258217895
164.7811938862526, -403.77195505112195
164.82074106562544, -403.68834103360757
164.96621024870393, -403.3466575531913
165.03815866711324, -403.17795412317776
165.1316461144873, -402.93114838916784
165.2315399497029, -402.6676477947071
165.34667533033712, -402.3203086793268
165.40058688644604, -402.1575776412697
165.5225468167696, -401.727535454878
165.54510116943493, -401.6479571283248
165.661441822681, -401.1525468305742
165.66461616746835, -401.1390370950818
165.6897564489695, -401.00313261612035
165.75668992236695, -400.6305346876473
165.76101641008688, -400.5974325322287
165.82278745729195, -400.12308729717364
165.82788956955432, -400.0590050477097
165.86291912359042, -399.616822391547
165.86496146718355, -399.53828248843246
165.86809507379826, -399.1117033548145
167.36588377768686, -399.10608970817583
167.85315225152402, -399.1042127344804
168.02575260884902, -399.1035630339307
168.07763189532488, -399.1033565748702
168.77098473645287, -399.1017125454721
168.77098473645287, -386.9096359044802
168.77098473645287, -386.30172475250333
168.21317222480036, -386.30172475250333
167.98135852315374, -386.30172475250333
167.13316986634516, -386.30172475250333
165.8688874563694, -386.30172475250333
165.8688874563694, -381.91038020941323
165.8688874563694, -374.25170644195646
167.13316986634516, -374.25170644195646
167.98135852315374, -374.25170644195646
168.77098473645287, -374.25170644195646
168.77098473645287, -362.05962980096456
168.77098473645287, -361.4517186489877
168.21317222480036, -361.4517186489877
167.98135852315374, -361.4517186489877
167.13316986634516, -361.4517186489877
165.8688874563694, -361.4517186489877
165.8688874563694, -357.0604297129501
165.8688874563694, -349.40185292633146
167.13316986634516, -349.40185292633146
167.98135852315374, -349.40185292633146
168.77098473645287, -349.40185292633146
168.77098473645287, -337.20963094432153
168.77098473645287, -336.6017125454721
168.21317222480036, -336.6017125454721
167.98135852315374, -336.6017125454721
167.13316986634516, -336.6017125454721
165.8688874563694, -336.6017125454721
165.8688874563694, -332.2104236094345
165.8688874563694, -324.55184682281583
167.13316986634516, -324.55184682281583
167.98135852315374, -324.55184682281583
168.77098473645287, -324.55184682281583
168.77098473645287, -312.3596248408059
168.77098473645287, -311.75170644195646
168.21317222480036, -311.75170644195646
167.98135852315374, -311.75170644195646
167.13316986634516, -311.75170644195646
165.8688874563694, -311.75170644195646
165.8688874563694, -307.36041750591886
165.8688874563694, -299.7018407193002
167.13316986634516, -299.7018407193002
167.98135852315374, -299.7018407193002
168.77098473645287, -299.7018407193002
168.77098473645287, -287.5097640783083
168.77098473645287, -286.90185292633146
168.21317222480036, -286.90185292633146
167.98135852315374, -286.90185292633146
167.13316986634516, -286.90185292633146
165.8688874563694, -286.90185292633146
165.8688874563694, -282.5104805797151
165.8688874563694, -274.85175832183927
167.13316986634516, -274.85175832183927
167.98135852315374, -274.85175832183927
168.77098473645287, -274.85175832183927
168.77098473645287, -262.6597543513564
168.77098473645287, -262.05184682281583
168.21317222480036, -262.05184682281583
167.98135852315374, -262.05184682281583
167.13316986634516, -262.05184682281583
165.8688874563694, -262.05184682281583
165.8688874563694, -257.66047447619945
165.8688874563694, -250.00175221832367
167.13316986634516, -250.00175221832367
167.98135852315374, -250.00175221832367
168.77098473645287, -250.00175221832367
168.77098473645287, -237.80974824784082
168.77098473645287, -237.20184071930024
168.21317222480036, -237.20184071930024
167.98135852315374, -237.20184071930024
167.13316986634516, -237.20184071930024
165.8688874563694, -237.20184071930024
165.8688874563694, -232.81046837268389
165.8688874563694, -225.15174611480805
167.13316986634516, -225.15174611480805
167.98135852315374, -225.15174611480805
168.77098473645287, -225.15174611480805
168.77098473645287, -212.95966947381615
168.77098473645287, -212.3517583218393
168.21317222480036, -212.3517583218393
167.98135852315374, -212.3517583218393
167.13316986634516, -212.3517583218393
165.8688874563694, -212.3517583218393
165.8688874563694, -207.9604137787492
165.8688874563694, -200.30174001129242
167.13316986634516, -200.30174001129242
167.98135852315374, -200.30174001129242
168.77098473645287, -200.30174001129242
168.77098473645287, -188.10966337030052
168.77098473645287, -187.50175221832367
168.21317222480036, -187.50175221832367
167.98135852315374, -187.50175221832367
167.13316986634516, -187.50175221832367
165.8688874563694, -187.50175221832367
165.8688874563694, -183.11043547875983
165.8688874563694, -175.4518102017221
167.13316986634516, -175.4518102017221
167.98135852315374, -175.4518102017221
168.77098473645287, -175.4518102017221
168.77098473645287, -163.2596608902212
168.77098473645287, -162.65174611480805
168.21317222480036, -162.65174611480805
167.98135852315374, -162.65174611480805
167.13316986634516, -162.65174611480805
165.8688874563694, -162.65174611480805
165.8688874563694, -158.2604293752442
165.8688874563694, -150.6018040982065
167.13316986634516, -150.6018040982065
167.98135852315374, -150.6018040982065
168.77098473645287, -150.6018040982065
168.77098473645287, -138.40965478670557
168.77098473645287, -137.80174001129242
168.21317222480036, -137.80174001129242
167.98135852315374, -137.80174001129242
167.13316986634516, -137.80174001129242
165.8688874563694, -137.80174001129242
165.8688874563694, -133.41042327172858
165.8688874563694, -125.75179799469086
167.13316986634516, -125.75179799469086
167.98135852315374, -125.75179799469086
168.77098473645287, -125.75179799469086
168.77098473645287, -113.55972135369898
168.77098473645287, -112.95181020172211
168.21317222480036, -112.95181020172211
167.98135852315374, -112.95181020172211
167.13316986634516, -112.95181020172211
165.8688874563694, -112.95181020172211
165.8688874563694, -108.56043785510575
165.8688874563694, -100.90171559722992
167.13316986634516, -100.90171559722992
167.98135852315374, -100.90171559722992
168.77098473645287, -100.90171559722992
168.77098473645287, -88.70971162674707
168.77098473645287, -88.10180409820649
168.21317222480036, -88.10180409820649
167.98135852315374, -88.10180409820649
167.13316986634516, -88.10180409820649
165.8688874563694, -88.10180409820649
165.8688874563694, -83.71043175159012
165.8688874563694, -76.0517094937143
167.13316986634516, -76.0517094937143
167.98135852315374, -76.0517094937143
168.77098473645287, -76.0517094937143
168.77098473645287, -63.85970552323144
168.77098473645287, -63.25179799469086
168.21317222480036, -63.25179799469086
167.98135852315374, -63.25179799469086
167.13316986634516, -63.25179799469086
165.8688874563694, -63.25179799469086
165.8688874563694, -58.8604256480745
165.8688874563694, -51.201703390198674
167.13316986634516, -51.201703390198674
167.98135852315374, -51.201703390198674
168.77098473645287, -51.201703390198674
168.77098473645287, -39.009699419715815
168.77098473645287, -38.401791891175236
168.21317222480036, -38.401791891175236
167.98135852315374, -38.401791891175236
167.13316986634516, -38.401791891175236
165.8688874563694, -38.401791891175236
165.8688874563694, -34.01044734808512
165.8688874563694, -26.35177358062836
167.13316986634516, -26.35177358062836
167.98135852315374, -26.35177358062836
168.77098473645287, -26.35177358062836
168.77098473645287, -14.159696939636467
168.77098473645287, -13.55178578765961
168.21317222480036, -13.55178578765961
167.98135852315374, -13.55178578765961
167.13316986634516, -13.55178578765961
165.8688874563694, -13.55178578765961
165.8688874563694, -9.160441244569498
165.8688874563694, -1.501767477112736
167.13316986634516, -1.501767477112736
167.98135852315374, -1.501767477112736
168.77098473645287, -1.501767477112736
168.77098473645287, 11.467447587446658
168.77098473645287, 12.114107767027889
168.21317222480036, 12.114107767027889
167.98135852315374, 12.114107767027889
167.13316986634516, 12.114107767027889
165.8688874563694, 12.114107767027889
165.8688874563694, 16.505452310118002
165.8688874563694, 24.164126077574764
167.13316986634516, 24.164126077574764
167.98135852315374, 24.164126077574764
168.77098473645287, 24.164126077574764
168.77098473645287, 36.35620271856666
168.77098473645287, 36.964113870543514
168.21317222480036, 36.964113870543514
167.98135852315374, 36.964113870543514
167.13316986634516, 36.964113870543514
165.8688874563694, 36.964113870543514
165.8688874563694, 41.355430610107376
165.8688874563694, 49.014055887145076
167.13316986634516, 49.014055887145076
167.98135852315374, 49.014055887145076
168.77098473645287, 49.014055887145076
168.77098473645287, 61.20613252813697
168.77098473645287, 61.814043680113826
168.21317222480036, 61.814043680113826
167.98135852315374, 61.814043680113826
167.13316986634516, 61.814043680113826
165.8688874563694, 61.814043680113826
165.8688874563694, 66.20538822320394
165.8688874563694, 73.8640619906607
167.13316986634516, 73.8640619906607
167.98135852315374, 73.8640619906607
168.77098473645287, 73.8640619906607
168.77098473645287, 86.05621130216163
168.77098473645287, 86.66412607757476
168.21317222480036, 86.66412607757476
167.98135852315374, 86.66412607757476
167.13316986634516, 86.66412607757476
165.8688874563694, 86.66412607757476
165.8688874563694, 91.05547062066488
165.8688874563694, 98.71414438812164
167.13316986634516, 98.71414438812164
167.98135852315374, 98.71414438812164
168.77098473645287, 98.71414438812164
168.77098473645287, 110.90618469385902
168.77098473645287, 111.51409403411773
168.21317222480036, 111.51409403411773
167.98135852315374, 111.51409403411773
167.13316986634516, 111.51409403411773
165.8688874563694, 111.51409403411773
165.8688874563694, 115.90543857720785
165.8688874563694, 123.56411234466461
167.13316986634516, 123.56411234466461
167.98135852315374, 123.56411234466461
168.77098473645287, 123.56411234466461
168.77098473645287, 135.756152650402
168.77098473645287, 136.3640619906607
168.21317222480036, 136.3640619906607
167.98135852315374, 136.3640619906607
167.13316986634516, 136.3640619906607
165.8688874563694, 136.3640619906607
165.8688874563694, 140.7554065337508
165.8688874563694, 148.41408030120758
167.13316986634516, 148.41408030120758
167.98135852315374, 148.41408030120758
168.77098473645287, 148.41408030120758
168.77098473645287, 160.6062296127085
168.77098473645287, 161.21414438812164
168.21317222480036, 161.21414438812164
167.98135852315374, 161.21414438812164
167.13316986634516, 161.21414438812164
165.8688874563694, 161.21414438812164
165.8688874563694, 165.6054611276855
165.8688874563694, 173.2640864047232
167.13316986634516, 173.2640864047232
167.98135852315374, 173.2640864047232
168.77098473645287, 173.2640864047232
168.77098473645287, 185.4561993809696
168.77098473645287, 186.0641123446646
168.21317222480036, 186.0641123446646
167.98135852315374, 186.0641123446646
167.13316986634516, 186.0641123446646
165.8688874563694, 186.0641123446646
165.8688874563694, 190.4554429859916
165.8688874563694, 198.11409250823883
167.13316986634516, 198.11409250823883
167.98135852315374, 198.11409250823883
168.77098473645287, 198.11409250823883
168.77098473645287, 210.30616914923073
168.77098473645287, 210.91408030120758
168.21317222480036, 210.91408030120758
167.98135852315374, 210.91408030120758
167.13316986634516, 210.91408030120758
165.8688874563694, 210.91408030120758
165.8688874563694, 215.30541094253456
165.8688874563694, 222.9640604647818
167.13316986634516, 222.9640604647818
167.98135852315374, 222.9640604647818
168.77098473645287, 222.9640604647818
168.77098473645287, 235.1561734410282
168.77098473645287, 235.7640864047232
168.21317222480036, 235.7640864047232
167.98135852315374, 235.7640864047232
167.13316986634516, 235.7640864047232
165.8688874563694, 235.7640864047232
165.8688874563694, 240.1554170460502
165.8688874563694, 247.81406656829742
167.13316986634516, 247.81406656829742
167.98135852315374, 247.81406656829742
168.77098473645287, 247.81406656829742
168.77098473645287, 260.00617954454384
168.77098473645287, 260.61409250823885
168.21317222480036, 260.61409250823885
167.98135852315374, 260.61409250823885
167.13316986634516, 260.61409250823885
165.8688874563694, 260.61409250823885
165.8688874563694, 265.00543705132895
165.8688874563694, 272.66411081878573
167.13316986634516, 272.66411081878573
167.98135852315374, 272.66411081878573
168.77098473645287, 272.66411081878573
168.77098473645287, 284.8561511245231
168.77098473645287, 285.4640604647818
168.21317222480036, 285.4640604647818
167.98135852315374, 285.4640604647818
167.13316986634516, 285.4640604647818
165.8688874563694, 285.4640604647818
165.8688874563694, 289.85541890963503
165.8688874563694, 297.51411692230135
167.13316986634516, 297.51411692230135
167.98135852315374, 297.51411692230135
168.77098473645287, 297.51411692230135
168.77098473645287, 309.7061572280387
168.77098473645287, 310.31406656829745
168.21317222480036, 310.31406656829745
167.98135852315374, 310.31406656829745
167.13316986634516, 310.31406656829745
165.8688874563694, 310.31406656829745
165.8688874563694, 314.70541111138755
165.8688874563694, 322.3640848788443
167.13316986634516, 322.3640848788443
167.98135852315374, 322.3640848788443
168.77098473645287, 322.3640848788443
168.77098473645287, 334.5561978550907
168.77098473645287, 335.16411081878573
168.21317222480036, 335.16411081878573
167.98135852315374, 335.16411081878573
167.13316986634516, 335.16411081878573
165.8688874563694, 335.16411081878573
165.8688874563694, 339.5554414601127
165.8688874563694, 347.21409098235995
167.13316986634516, 347.21409098235995
167.98135852315374, 347.21409098235995
168.77098473645287, 347.21409098235995
168.77098473645287, 359.40616762335185
168.77098473645287, 360.0140787753287
168.21317222480036, 360.0140787753287
167.98135852315374, 360.0140787753287
167.13316986634516, 360.0140787753287
165.8688874563694, 360.0140787753287
165.8688874563694, 364.4054233184188
165.8688874563694, 372.0640970858756
167.13316986634516, 372.0640970858756
167.98135852315374, 372.0640970858756
168.77098473645287, 372.0640970858756
168.77098473645287, 384.2561737268675
168.77098473645287, 384.8640848788443
168.21317222480036, 384.8640848788443
167.98135852315374, 384.8640848788443
167.13316986634516, 384.8640848788443
165.8688874563694, 384.8640848788443
165.8688874563694, 389.2554155201713
165.8688874563694, 396.91406504241854
167.13316986634516, 396.91406504241854
167.98135852315374, 396.91406504241854
168.77098473645287, 396.91406504241854
168.77098473645287, 409.10617801866493
168.77098473645287, 409.71409098235995
168.19760077869478, 409.71409098235995
168.07970908819937, 409.71409098235995
168.03714465378823, 409.71409098235995
167.85788576472157, 409.71409098235995
167.32416341509474, 409.71409098235995
165.8960983943224, 409.71409098235995
165.88977989027603, 409.80056368650605
165.86291912359042, 410.2291689036208
165.8567571278063, 410.3065356579426
165.82278745729195, 410.7353560732732
165.81518557351563, 410.7935039806781
165.75668992236695, 411.24280108870073
165.7515240310138, 411.2714339294221
165.6897564489695, 411.61542457437065
165.66666103136617, 411.7402771029295
165.66461616746835, 411.75133923802434
165.55972535393198, 412.19805785637044
165.54510116943493, 412.2602822710903
165.43506586591855, 412.64822788262904
165.40058688644604, 412.76989774482803
165.29399464998386, 413.09144725015284
165.2315399497029, 413.2799622572146
165.1375065401187, 413.5282597895092
165.03815866711324, 413.7903252202821
164.87525687022787, 414.17277916670514
164.82074106562544, 414.3006206592726
164.59684568236793, 414.7738482556918
164.579019596139, 414.8102250178276
164.5731617669764, 414.82106961712134
164.30690038328152, 415.3146365468956
164.2010996495032, 415.4938658404278
164.01056941217178, 415.8168342080438
163.77488192322352, 416.18445263127956
163.69042089247085, 416.31625969139446
163.4748669226023, 416.6271618430179
163.34300139194238, 416.809666309237
163.2772177763099, 416.89400670455876
162.96577689938636, 417.2935585541619
162.69027110562354, 417.6217897432578
162.5644649418224, 417.77171190478805
162.32641416381324, 418.0358985495534
162.13483704888074, 418.239025594085
162.00961344186197, 418.36274637147733
161.67568396244798, 418.69243300175333
161.22033179144688, 419.11161230343373
161.19341675069813, 419.1363662861579
161.15415769408668, 419.17005046646875
160.6802027496543, 419.55948465478065
160.29312208380583, 419.8556566045738
160.1451549177558, 419.9686608832804
159.96092038939918, 420.0994581522108
159.58589408078035, 420.35554359149336
159.31721104936605, 420.5245198816491
159.00647823107204, 420.72119544372924
158.9227191072847, 420.7695841778528
158.74975400756324, 420.87027107910353
158.52200043816504, 420.9973610434638
158.40946862645592, 421.06043081481556
158.11605411004854, 421.2092948037109
157.79745741440405, 421.37177180501664
157.7058228736106, 421.41365021587836
157.52371030639137, 421.4973915196055
157.2458650540866, 421.6169068162778
157.17396224951807, 421.65082880084566
156.8746600642907, 421.7667369567205
156.54067165743305, 421.8960527329523
156.45421895834056, 421.92504336226324
156.28568845580543, 421.98156042008316
156.03204837390916, 422.061455511465
155.9007132939339, 422.1023904152104
155.48421862947566, 422.21018558330223
155.2537440696962, 422.27006113877707
155.038511331782, 422.31398346908236
154.60132866271965, 422.3926809552223
154.11071022552335, 422.45272219025406
153.9400632607518, 422.47379954524604
153.7852118075931, 422.4820334288385
153.4511189451449, 422.4911486605708
153.2675357106338, 422.5065456230875
153.2675357106338, 422.81653970089405
153.2675357106338, 423.0592219240984
153.2675357106338, 423.123135065132
153.2675357106338, 423.32736014822575
153.2675357106338, 423.4486118637569
153.2675357106338, 423.8866252597256
153.2675357106338, 424.05054956554875
153.2675357106338, 424.3113704212497
153.2675357106338, 424.74133939478554
153.2675357106338, 425.10833597013277
153.2675357106338, 425.3764554933974
153.2675357106338, 425.4747944246027
153.2675357106338, 425.8132263754204
153.2675357106338, 427.43426692183954
152.76167112182105, 427.57568613616854
152.13789187371475, 427.78283118084977
144.52903498628183, 430.3114004465658
144.35830628281536, 430.36795819751967
144.18400376783302, 430.42704897746734
143.82029371672422, 430.54755948651683
143.69353836362637, 430.5900774238552
143.63268984209014, 430.6104880302917
143.5933449105268, 430.623685621509
143.5684879001218, 430.63202348484174
143.5495093985969, 430.6383895018887
143.536065048519, 430.6428991815211
143.5249186298953, 430.64663805894924
143.51650704576036, 430.64945958244647
143.50918033580865, 430.6519172032649
143.50342469777667, 430.6538478346048
143.4982435191821, 430.65558577325146
143.4940586525662, 430.65698951591156
143.4902017020009, 430.65828326468386
143.48702231929695, 430.6593497347877
143.48403980046714, 430.66035017023773
143.48154262272277, 430.661187806237
143.4791675922079, 430.661984470016
143.47715442805935, 430.66265975184854
143.4752185346319, 430.66330911452576
143.4735611591318, 430.66386505307935
143.47195297386043, 430.6644044916034
143.4705647447762, 430.6648701495482
143.46920757964784, 430.66532538761487
143.46802789341893, 430.6657210933893
143.46686724212952, 430.66611041421555
143.4658524035708, 430.66645082462975
143.46484847661964, 430.66678757492986
143.46396620303113, 430.667083518669
143.46308926585544, 430.6673776723988
143.46231517661363, 430.6676373275303
143.4614949566905, 430.6679124564179
143.43729176667398, 430.67581271484846
143.19759017071846, 430.7431293792133
143.19504495824606, 430.7439215351719
142.38307583934977, 430.9720129969253
142.37484850250326, 430.9745709179211
142.01580284989063, 431.07541449251653
142.01010035128292, 431.0768161712944
142.0044141630512, 431.07821282833686
141.53212173384793, 431.18547032740435
141.5265012343359, 431.1868514804622
141.52130564071365, 431.187873062991
140.5216312581772, 431.4149655831559
140.51946967655573, 431.4153909049718
139.80241572168495, 431.5427266575817
139.78962960264187, 431.54524226758247
138.98667733794633, 431.687829414223
138.9766584492104, 431.68933950836976
138.0065926487079, 431.81623656147383
138.00538953244882, 431.816417790676
137.9926692437017, 431.8183352132604
137.40506527957496, 431.895165664957
137.3926565419726, 431.89649506083583
137.07867489440054, 431.9235195699983
137.073178684237, 431.92410872326457
136.1615369929787, 432.00267367675417
136.1525978644297, 432.00363131133577
135.79430541298507, 432.0344650906018
135.78608397530974, 432.0349486706989
135.77919210162247, 432.03535343000266
135.22073607446612, 432.0592129975017
135.20976468636758, 432.05985793278626
134.16961773103543, 432.10431988742664
134.15590378453834, 432.105126318789
134.1504557864252, 432.1051879460405
134.14792898437207, 432.1052168216782
134.13115208573453, 432.1054058732323
133.32929155989268, 432.1054088864308
133.32181272944496, 432.1054928273105
132.5212123835533, 432.1054992039442
132.51083019462385, 432.10518983529494
131.4737505588687, 432.06084704091336
130.91855116510442, 432.0371148007078
130.9156092416963, 432.03702735491277
130.89219939555994, 432.03632878176165
130.87955069970474, 432.0354275533518
130.5233010126404, 432.00475717335115
130.51436038612854, 432.0041198652107
129.60908634931246, 431.92611296300765
129.59228850802737, 431.92491719562497
129.28106422970654, 431.89812988667427
129.274247625773, 431.8973580638976
129.26612532700568, 431.8964367877511
128.68402470483937, 431.8203263482587
128.66815157028094, 431.81852901495546
127.7089623798679, 431.6930489266944
127.69961506359198, 431.69199129328535
127.68416031734023, 431.68957061282225
127.68214564777543, 431.68925501964156
126.89004677231179, 431.54856975657617
126.86628753367603, 431.54484642575443
126.15970103126028, 431.4193970431909
126.1393725052248, 431.4152780114987
125.1574301939911, 431.19216772940644
124.69450277342753, 431.0870334308937
124.6896873365971, 431.0860569694582
124.67165583107948, 431.08240456211837
124.66330651837575, 431.0802973079536
124.64894064873937, 431.07667649694554
124.29675358964232, 430.97775910898145
124.28520438782687, 430.9748457953544
123.48971573349286, 430.75141608658885
123.48073015807074, 430.7491504858439
123.4636825450117, 430.74394318705833
123.22916723457604, 430.6780772060008
123.22154074898481, 430.6757459956184
122.69021389655035, 430.4951262046025
122.67152454401389, 430.4894136744846
121.89379903001094, 430.2250924759067
121.86834490267637, 430.2158198607688
121.86750871670768, 430.2155146186811
121.1845660122097, 429.93794676416957
121.16806393513315, 429.9319350515879
120.62468418112087, 429.7111884339612
120.61629472013857, 429.7075772605574
120.59705838020881, 429.6992992090333
119.79320859224367, 429.3113791750268
119.46172969846054, 429.1514034731315
119.45579873089378, 429.14885211265357
119.44781208599761, 429.14541394317854
119.4312748652971, 429.13702918262095
119.4190908346502, 429.13085689498837
119.12536815887847, 428.9626764130341
119.11417842871299, 428.9570035887823
118.51743320038838, 428.61529962421986
118.49429184166002, 428.6014578275454
118.34770378538411, 428.51751406412944
118.34214694415891, 428.5141907449508
117.93796717207874, 428.2385059149976
117.92893555999689, 428.233104513719
117.40228862917627, 427.87380940076343
117.39480429282474, 427.86850938806566
117.37427369089642, 427.85396545720187
116.89518772696948, 427.46084437891807
116.55586971950481, 427.1823611171126
116.5555161608873, 427.18211096244147
116.54892314275833, 427.1774425188125
116.53590997006182, 427.1664231877421
116.5223292610965, 427.15492027497874
116.40976740811078, 427.0419176112563
116.40497402845943, 427.0378589481138
116.00180897076694, 426.6329035215263
115.98496208841345, 426.61556193575467
115.80012156980388, 426.4299523324704
115.7925493635413, 426.4221566488042
115.61258062643691, 426.19466844564374
115.28021657159854, 425.7744911757286
115.21497279833358, 425.6919851180286
115.21226994093689, 425.6892003233256
115.20699360275762, 425.6824075611217
115.19309659770278, 425.66450928040894
115.19036574735611, 425.6609915108286
114.98198846661671, 425.3133413216496
114.98078147376646, 425.3117842144473
114.97291226668852, 425.29851198836417
114.73036030593636, 424.8942716313302
114.72004079139441, 424.87685466780215
114.52303184900353, 424.4057948688037
114.39904989486769, 424.1088882238582
114.39882771082506, 424.1085169159543
114.39042093997836, 424.08844926190676
114.38541578796179, 424.0765175774468
114.38516803757682, 424.07554245443384
114.34948816205338, 423.92850875866463
114.3478731146792, 423.92211691399876
114.23909198160993, 423.47386932727983
114.23416293084904, 423.45433173466444
114.23281089083218, 423.44897461357624
114.18836345538597, 423.2655201768876
114.18813360436025, 423.2628625091858
114.16722717394066, 422.99652329484354
114.16623700038582, 422.98488392055043
114.13100444336038, 422.53383970446873
114.12931638549293, 422.51411692230135
114.12531306012215, 422.51409134194756
114.03379636596168, 422.5120447922379
112.8666290429818, 422.4869734048913
112.0229717920596, 422.4688037541797
112.00129079913376, 422.46868348184876
111.96914785305444, 422.46769988170246
111.93009413289536, 422.4665070664919
111.53389312495568, 422.4412138561286
111.51701807595128, 422.4406958262784
110.29561380647874, 422.36261169743636
110.23500339441398, 422.3583183693059
109.85962435529439, 422.33431083005684
109.84134824319847, 422.33301467528435
109.01905607010929, 422.24561389125245
107.88166439592726, 422.12475497801887
107.86388538865702, 422.12349427558894
107.83962219739635, 422.1207455888507
107.78158929444606, 422.1141620078796
106.59029598019328, 421.93527466544214
105.867195084152, 421.82671256504784
105.86486123234567, 421.82644999340323
105.84966239189612, 421.8247271593841
105.80347270197524, 421.8174467067735
105.76485429056362, 421.8113610580934
105.36010413476066, 421.73192219945247
105.34355940672953, 421.72931432496506
104.24156653850758, 421.51313291821714
104.17499631024532, 421.49954404424767
103.82412695127255, 421.43064861685724
103.8046183921926, 421.4266619972906
103.08614001589712, 421.2503239123238
102.01794842348158, 420.98820642313336
102.00147294380326, 420.9848432472654
101.97599912367417, 420.97837425136237
101.91527032578591, 420.9629528656617
101.91429709342691, 420.9627053568203
100.92851476104431, 420.66821769644525
100.20929478641585, 420.453367328695
100.1932925798261, 420.44930315661657
100.14978083156791, 420.4359035912848
100.10671012391475, 420.4226383799125
99.84258634404023, 420.3281573099455
99.82738144216376, 420.3234746225939
98.88370748433016, 419.9860381750049
98.82440745313187, 419.9642401888932
98.41909487157352, 419.81931956642705
98.39404859759395, 419.8101073135076
97.891374489979, 419.5969824326244
96.88474325147979, 419.17038990749245
96.86966703465106, 419.16484916944194
96.8519129431279, 419.15713160496125
96.79588997392341, 419.1327758781943
96.78786310787171, 419.1292882549502
96.088973474446, 418.77979943394956
95.39119627413254, 418.4309026825489
95.37684280662165, 418.4246621457817
95.34459710753276, 418.40815616947833
95.2989741240541, 418.38479526567113
94.44755114248073, 417.88265224645386
94.0238156593943, 417.63258854182004
94.01044583210756, 417.6257454806662
93.96581675801781, 417.5988291463796
93.9374096190424, 417.58170412462346
93.6490039912502, 417.3801451482827
93.63735601941767, 417.3731210532902
92.96716548115779, 416.9045555951619
92.77996419411954, 416.7736370214688
92.77093053175122, 416.7671924273315
92.72515803148366, 416.7345301519796
92.71232892091138, 416.72538297933664
92.28602764736843, 416.3686416009853
91.70351427704122, 415.8811061287049
91.69372726449899, 415.87411885282785
91.67272593612364, 415.8562238517989
91.63214045331785, 415.8216106749302
91.11382937620147, 415.29368116727187
90.7663549618083, 414.93969405461365
90.7588663136275, 414.93331356430065
90.72866906866261, 414.9020238804634
90.70404459731901, 414.87651294136765
90.56839109164673, 414.7036715753579
90.1427731940363, 414.16147638428384
89.98682694730303, 413.96284685257365
89.98172335979501, 413.9575608691943
89.94571659188489, 413.9109784756626
89.93450198951507, 413.8964895042693
89.7210512933595, 413.5409754783308
89.71813445403399, 413.5371973476312
89.70502094018127, 413.5150872889028
89.36684897092641, 412.9518983001307
89.34231456221477, 412.9104900785875
89.32966392063292, 412.8895952584598
89.32875509724431, 412.8880570526114
89.0918691585195, 412.33090751770715
88.92114120823635, 411.92915802234273
88.91989072417448, 411.927056767502
88.90345127254272, 411.88796063428714
88.89093736600108, 411.8581981338047
88.84405665931098, 411.6749022262359
88.69165826455867, 411.07894533613677
88.642243229967, 410.88604276141996
88.64202156276957, 410.8855124412553
88.63869637232068, 410.8724201938232
88.6274620875148, 410.8281087320494
88.62394529174293, 410.81425543545663
88.62390304562405, 410.8137564035041
88.5886819122129, 410.4025002338898
88.58607179173606, 410.3718973788443
88.53707756725578, 409.8041327021388
88.5334606726023, 409.7618509921256
88.53287800916627, 409.75509641229286
88.53282413421033, 409.7544718618783
88.5327947707678, 409.7541314634519
88.53272346102096, 409.75330479860816
88.53268378554048, 409.7528448569275
88.53258496106776, 409.75169922507706
88.53252840632109, 409.75104360893977
88.53238238349803, 409.7493508258428
88.53229533546539, 409.7483417134649
88.53205787380114, 409.7455889171344
88.53190687943254, 409.74383850093534
88.53145395731849, 409.73858795939094
88.531129955474, 409.7348319380088
88.52993697739811, 409.7210022292025
88.52934079955543, 409.71409098235995
79.09065436910953, 409.71409098235995
77.57691189600752, 409.71409098235995
77.57691189600752, 395.235274907335
77.57691189600752, 393.714106241149
88.52934079955543, 393.714106241149
88.52934079955543, 380.29420010068543
88.52934079955543, 364.6830011996451
82.9631762459685, 363.6886103633417
30.929395731196053, 354.392817178649
30.929395731196053, 341.83363052303963
30.929395731196053, 341.32130545047096
30.929395731196053, 340.8090235385123
30.929395731196053, 314.69643228837464
30.929395731196053, 312.181017557067
30.929395731196053, 303.7660394675122
30.929395731196053, 216.4099146517935
30.929395731196053, 180.71344645564608
30.929395731196053, 177.27482096282867
31.764031883620078, 177.4162808880033
45.26483778671616, 179.73848525390673
54.020861453357554, 181.22437526875362
61.54942660660174, 182.57244285555606
88.52934079955543, 187.46143595306305
88.52934079955543, 186.05465036367352
88.52934079955543, 184.9596193466652
88.52934079955543, 182.550565207283
88.52934079955543, 181.45553419027468
88.52934079955543, 179.04647744014508
88.52934079955543, 177.95145164463162
88.52934079955543, 175.54239489450202
88.52934079955537, 13.312464304202246
88.52934079955537, 0.669303600286117
88.52934079955543, -25.81542109486214
88.52934079955537, -38.44599428812147
88.52934079955537, -64.93083943791716
88.52934079955543, -77.56141263117648
88.52934079955543, -104.04619755364844
88.52934079955543, -116.67665029226038
88.52934079955543, -120.04607790683357
88.52934079955543, -146.53086282930553
88.52934079955543, -159.16143602256486
88.52934079955543, -164.93009014081207
88.52934079955543, -167.33915211243655
88.52934079955543, -168.43417268645516
88.52934079955543, -170.8432346580796
88.52934079955543, -171.93826045359307
88.52934079955543, -174.3473172037227
88.52934079955543, -175.44234299923616
88.52934079955543, -176.84913381012055
61.49113248737882, -171.94904636830515
53.954984302644334, -170.5996589398258
45.26577739837251, -169.12546656744493
31.764031883620078, -166.80391131146595
30.929395731196053, -166.66244252594086
30.929395731196053, -202.3590151075951
30.929395731196053, -205.79765065582367
30.929395731196053, -293.1537754715423
30.929395731196053, -301.5687535610971
30.929395731196053, -327.68127522089685
30.929395731196053, -330.1966832485971
30.929395731196053, -330.7089594058078
30.929395731196053, -331.22129311049844
30.929395731196053, -343.78051503570646
38.9524239991141, -345.21381729199004
88.52934079955543, -354.0706609097299
88.52934079955543, -355.13197889639724
88.52934079955543, -355.26470895364884
88.52934079955543, -355.3404406662529
88.52934079955543, -355.53521658071327
88.52934079955543, -355.65080835612554
88.52934079955543, -355.9641874136998
88.52934079955543, -356.1619846571866
88.52934079955543, -356.7485489823062
88.52934079955543, -357.1620467967206
88.52934079955543, -358.6422452035931
88.52934079955543, -359.9950610956697
88.52934079955543, -369.68188032393965
88.52934079955543, -383.10180409820646
79.09065436910953, -383.10180409820646
77.57691189600752, -383.10180409820646
77.57691189600752, -397.58055113279045
77.57691189600752, -399.1017125454721
88.52934079955543, -399.1017125454721
88.52993697739811, -399.10863483264507
88.531129955474, -399.122486633638
88.53145395731849, -399.1262486550542
88.53190687943254, -399.1315075840452
88.53205787380114, -399.1332607964363
88.53229533546539, -399.136017990205
88.53238238349803, -399.1370287145835
88.53252840632109, -399.13872420180684
88.53258496106776, -399.1393808652543
88.53268378554048, -399.1405283271875
88.53272346102096, -399.14098900359926
88.5327947707678, -399.1418169889939
88.53282413421033, -399.14215793118774
88.53287800916627, -399.14278347928666
88.53290063675848, -399.14304621077446
88.5334606726023, -399.149548849183
88.58203134839084, -399.71741389930185
88.5856774345213, -399.7596715298471
88.62075780153822, -400.17097838278613
88.62337718664304, -400.2015554994814
88.62394529174293, -400.2081597256762
88.62762049273243, -400.2225014867948
88.67491535725077, -400.4088408807182
88.82606617827332, -401.0049931498279
88.83736321465273, -401.0491760035373
88.88211463170245, -401.22541204792975
88.88509822329229, -401.2325871396329
88.88856943538605, -401.246156464595
89.0576646408582, -401.6482916923187
89.07027435407684, -401.67796453637965
89.29257335663618, -402.2066380785365
89.30949206329137, -402.2350760456017
89.32691136936506, -402.27605383474594
89.3392778029064, -402.29694889497813
89.3402073744358, -402.2984790367628
89.6743717711106, -402.86243639098046
89.69908916933758, -402.9036012141077
89.87872607511866, -403.20655423341043
89.91870288209884, -403.25827166679466
89.93423820343202, -403.28414662750333
90.08845410727281, -403.48346078975413
90.58433517759852, -404.124917162343
90.65471259660035, -404.1979436322317
90.66594188413495, -404.21225401271903
90.69654861075912, -404.25123858938093
90.70629106076586, -404.2636491826551
91.0495306292998, -404.6191359224591
91.07435405699499, -404.644427027733
91.49585495776734, -405.08117626429686
91.60050958690175, -405.1704416782693
91.63717350125933, -405.20778537274225
92.21233385590779, -405.69830047304697
92.25312252900528, -405.7324358150174
92.55115510149528, -405.98638514458435
92.69018289765563, -406.08566710354313
92.7197658321798, -406.11042479665537
92.90488287664607, -406.2423028225362
92.9178318982373, -406.25135620048417
93.57945258627274, -406.7235705118389
93.62524727272182, -406.7555908996615
93.75596809046709, -406.84888182294577
93.77559530871378, -406.86259864129556
93.94646739319938, -406.9656771566715
94.36564382112635, -407.21829342435234
94.39420633866774, -407.2351536295583
95.0540805831493, -407.63312070481805
95.25215101455512, -407.7345316729434
95.30859674840804, -407.76781072342266
95.99912311515959, -408.1213733702381
96.0447738769742, -408.14420333246557
96.53377834119482, -408.3945089326077
96.75179891744955, -408.489328124281
96.79685008375594, -408.51185779427215
96.92159382790186, -408.56605542240084
96.98620063559815, -408.5934287887715
97.8578829687857, -408.9724880523736
98.134848896606, -409.0927368201326
98.37031387061865, -409.17929957853255
98.40172413745012, -409.19261857337847
98.80333998994956, -409.3404006831325
98.82845141189398, -409.3493746486576
99.7885139820051, -409.7022368863911
99.84589407717817, -409.72275758560784
100.09657483897735, -409.8000358242572
100.1125244945598, -409.8057431703523
100.82730158087332, -410.0258740176447
100.87016594745774, -410.0386784878549
101.59406468453551, -410.2615994054518
101.86088926196584, -410.3293635734447
101.9183713420598, -410.34653477521016
101.93509875802317, -410.3507165308152
101.99719590229591, -410.3659577417273
103.04229178162109, -410.63131012026025
103.48215251206057, -410.74311895875695
103.76710376792693, -410.80131740938486
103.80734690724029, -410.81119199613966
104.15647031202678, -410.88246074933977
104.17595213566182, -410.8862840706939
105.3790857558007, -411.13194692504845
105.43873529449394, -411.1436496936889
105.7449271694764, -411.1918856851367
105.76663615022267, -411.19614431975504
106.48846421931802, -411.309851264343
106.52667055446761, -411.3155910874843
107.39243832148856, -411.4521251611868
107.67806064124312, -411.4844631829278
107.72195176345963, -411.4894066009212
107.78310427027822, -411.49858517868654
108.91953758673219, -411.6274994162652
108.9763575671443, -411.6335425307971
109.4526378419327, -411.68764455445984
109.80228281940538, -411.71232745234084
109.84245542767223, -411.7165951900341
110.21754947415707, -411.74315702014974
110.23569602752838, -411.7443175175318
111.49406823365456, -411.8334489653822
111.55133898044755, -411.83711115378
111.91228585551414, -411.8482709290692
111.93065045486037, -411.84944310513674
112.77553853415736, -411.87527543546616
112.81385618041475, -411.8760991923101
113.51100928843795, -411.89735769207874
113.98248106239828, -411.9000744215171
114.03379636596168, -411.9011784743637
114.03780864096888, -411.90126821230893
114.12931638549298, -411.90185292633146
114.16791312271545, -412.35280609285724
114.16945266744955, -412.37251027496427
114.19211432862068, -412.63882034405776
114.1930272707811, -412.6504586937756
114.19829067099033, -412.7112798582168
114.20023107937755, -412.7192872727965
114.23122644200868, -412.8421726134159
114.3442607419098, -413.2902169734628
114.34899207964418, -413.3097114577266
114.38613592376208, -413.4566780443629
114.38768593222005, -413.46306545759376
114.39338917641857, -413.4855127743988
114.50863952883986, -413.7602564624557
114.7023503645346, -414.22273418173336
114.70747225664871, -414.23122322519646
114.71281581911921, -414.2440181343388
114.72130072167852, -414.26430438950626
114.96113489444349, -414.66912450359376
114.9715115222109, -414.68641682867536
115.15563353145649, -414.9969952210806
115.1838878828263, -415.03337691554964
115.19274823141899, -415.0481607094887
115.25700821996111, -415.1309372617857
115.58430627738727, -415.55239623215743
115.70869828821498, -415.7126840818664
115.77244608968175, -415.7782730099119
115.7751798523035, -415.7817300348408
115.78909379493643, -415.7993199524295
115.79661931540011, -415.80883548705725
115.97783506883832, -415.9954704921769
115.98552371028325, -416.00318959007836
116.39106374755733, -416.42067421225784
116.40764434651885, -416.4373302972998
116.52432617363036, -416.53613001391346
116.52893661726716, -416.5407584213853
116.86078486498417, -416.82179272394507
117.17922615182277, -417.0913644819649
117.3407343214646, -417.20582996099904
117.34939867425118, -417.2119985801027
117.36299712020673, -417.2231543291523
117.38216188663608, -417.2388813169769
117.89643827968365, -417.6031126380923
118.0842084841317, -417.73607799894154
118.10484901766961, -417.75015863284546
118.33476391361603, -417.88774672858085
118.35047638563407, -417.89846506072524
118.4935646868787, -417.9840375304935
118.49923475641918, -417.9872901189766
119.09843184432157, -418.3456142022655
119.12110845048664, -418.3585940569223
119.41610758849714, -418.5081559935518
119.42715797825946, -418.5144802688342
119.75139583740196, -418.6788028853033
120.19222763729363, -418.9023066606882
120.40543637266359, -418.9940412100306
120.56389798390308, -419.0622991366776
120.57596300686401, -419.0681282971173
120.60514746415515, -419.0822101454463
121.1364542792299, -419.3107288790289
121.36856334322283, -419.41063378947007
121.3878045151925, -419.41845088887504
121.85225837088421, -419.5877085117287
121.87604845439819, -419.59737827015965
121.90008516731001, -419.6061521587071
122.63300803728396, -419.8731315927402
122.65940453786516, -419.8821033729996
123.21185790438642, -420.0509017201181
123.2295359428079, -420.05690961006883
123.45909144607947, -420.12729539869264
123.4668252372702, -420.1294650217994
123.98458317148805, -420.287539722175
124.2579642434547, -420.3564101974073
124.28348698027622, -420.36357888515835
124.64439013168288, -420.4546927606446
124.65552957410944, -420.45782123827905
125.1104467596503, -420.57250821730906
125.37526086839807, -420.63922766748345
125.94822126515999, -420.75539362581213
126.1014793469123, -420.7864801063861
126.11540007045085, -420.78964357900946
126.14483403013753, -420.7963308337277
126.82538723109764, -420.9342146715849
126.84598950373743, -420.9378696361775
127.66412623394808, -421.0660221802048
127.68647249598075, -421.069991772598
127.75801134620036, -421.0811969309025
128.30754396991603, -421.1673351458208
128.64055720116806, -421.20502925243454
128.66656152582817, -421.2084312517576
129.25408278333168, -421.27503445933456
129.26945447797465, -421.2770450468153
129.57759810773035, -421.31191681237544
129.8365286366303, -421.3410815636589
129.84454712042952, -421.3417728129597
130.49185514269345, -421.38801720583774
130.51450553917795, -421.3899651621894
130.87282883196957, -421.41543132295357
130.8815845173395, -421.41618863946496
131.39717653582983, -421.45284221062445
132.3545033499043, -421.4815140312048
132.47509514643673, -421.48517688984896
132.48778751048053, -421.48572095136257
132.51141341658695, -421.48672910596787
132.96863213336508, -421.5003842678632
132.9864149057036, -421.500384410226
133.3289994143136, -421.49650456461984
133.34646098963037, -421.4965046302362
134.14778264405948, -421.487465063984
134.2687150571059, -421.48596948458044
134.5296732199563, -421.4830516929675
135.1878885682844, -421.44451372687024
135.20844450257516, -421.4436363358406
135.7655830867036, -421.41084331144543
135.77625464380566, -421.4103856432896
136.13769480999275, -421.3889606792053
136.56960967258124, -421.3637680428484
136.57614386849065, -421.36320311846055
137.0561753898482, -421.31160907068266
137.07229490792776, -421.31022248634207
137.38397968693988, -421.27684852324387
137.38941374066928, -421.2763800663405
138.10814327957206, -421.19944188519554
138.11784854627427, -421.1981724647445
138.88446889930088, -421.0826328249179
138.9571101885262, -421.0716548308289
138.972220925557, -421.0696778881402
139.6178541303995, -420.97239117366945
139.6297674340953, -420.970275303866
140.50418391535948, -420.7982116493708
140.51412650476334, -420.796447423564
140.67037547273952, -420.7657382045253
140.68402069219945, -420.7626383726131
141.091165475747, -420.68252838353715
141.53241924036013, -420.5740978923003
141.53842304797524, -420.57273348400594
142.0039951070841, -420.4584460110024
142.47184827657992, -420.34336414041746
142.47605013401574, -420.34218406034984
143.17452184368955, -420.12504312449465
143.1833999728588, -420.12254891684745
143.41696072912657, -420.04985046257434
143.41951639873434, -420.04913343679846
143.4596878928025, -420.0361505821541
143.46173600817087, -420.03549967896913
143.46415225554563, -420.0347317812539
143.46669275025948, -420.033924396999
143.46972697855256, -420.0329601012907
143.472961452189, -420.03193216642717
143.47688519042424, -420.030685179195
143.48114246857904, -420.0293321910025
143.48641321966755, -420.02765711511387
143.49226825975705, -420.02579634872285
143.49972134988946, -420.0234277125708
143.50827781354695, -420.02070841778266
143.51961586371675, -420.01710511833926
143.5332908176929, -420.01275913703614
143.55259385338445, -420.0066245180565
143.57787416079134, -419.99859028675183
143.61788502811908, -419.9858745963277
143.6797536006335, -419.96621239783957
143.80859546364024, -419.92526569127995
144.1786951148141, -419.810211645207
144.35528081969403, -419.7530167452465
144.52903498628183, -419.69907407756375
147.6143373626398, -418.6753704625205
152.76167112182105, -416.96334584625333
153.01754596418783, -416.8918136220686
153.2675357106338, -416.8219266319243
153.2675357106338, -414.8630090609667
153.2675357106338, -414.72131494568225
153.2675357106338, -414.49789342185124
153.2675357106338, -414.10174850659797
153.2675357106338, -413.7001599541957
153.2675357106338, -413.4184586751011
153.2675357106338, -413.2749649089034
153.2675357106338, -412.8363833298316
153.2675357106338, -412.6725773452813
153.2675357106338, -412.4808105702694
153.2675357106338, -412.4536514203367
153.2675357106338, -412.4111509077222
153.2675357106338, -412.192142655137
153.2675357106338, -412.0472901465888
153.2675357106338, -411.99092197257903
153.2675357106338, -411.8957673394586
153.34733236997766, -411.8931278919834
153.64315759232784, -411.87918122971206
153.7853534845991, -411.8708811261362
153.88696127396855, -411.86495555510015
153.9400632607518, -411.86153084263685
154.32218027697547, -411.81523524234393
154.60132866271965, -411.7804169592524
154.75245577019388, -411.75370715567783
155.038511331782, -411.70164278507286
155.18034373322575, -411.6727834536334
155.2537440696962, -411.6576892851381
155.60786516822913, -411.5664809382643
155.9007132939339, -411.4901527911118
156.28568845580543, -411.3692886494033
156.54067165743305, -411.283758446767
156.80641829638063, -411.18086000538796
Holes:
Exterior:
-454.69341326534334, -226.2018654237353
-440.19736573718353, -235.30658158781668
-440.21470929140435, -218.84926829180796
-440.2093212421523, -214.74736880642016
-453.0524200699273, -206.6808904309995
-463.26119188870655, -200.26894694937815
-463.2611988714493, -210.8919002668749
-463.2611831968653, -220.82060486842633
-454.69341326534334, -226.2018654237353
Holes:
Exterior:
-454.69341326534334, 236.81420178390147
-463.2611831968653, 231.43296875775115
-463.26117341448537, 219.3738504249572
-463.26119188870655, 210.8812675405562
-453.0524200699273, 217.29323072091466
-440.2093212421523, 225.35967960029254
-440.19298368515354, 241.66894075078667
-440.19736573718353, 245.91893922893797
-454.69341326534334, 236.81420178390147
Holes:
Exterior:
-440.1940552606442, -242.02760514186068
-454.043671359012, -239.89952907997716
-463.26119969598244, -238.50339234598167
-463.2612024272255, -254.16214820548086
-463.26119863617384, -257.2406473787791
-463.26119863617384, -259.0667991505921
-463.26119863617384, -260.89317928220146
-445.7178382912075, -263.5933866701915
-440.19093763514775, -264.4736274990937
-440.17400543282747, -253.46519512697725
-440.196628813668, -247.9926412219568
-440.1940552606442, -242.02760514186068
Holes:
Exterior:
-440.1940552606442, 252.63998357874848
-440.17422763454067, 263.95629782364415
-440.1917378262067, 275.0864901814752
-445.8094192352394, 274.191652206206
-463.26119863617384, 271.5054918051348
-463.26119863617384, 269.67910129353464
-463.26119863617384, 267.85295990171244
-463.2612024272255, 264.7744731805996
-463.26117404353636, 260.1535501281466
-463.26119969598244, 249.1157251184077
-454.043671359012, 250.51190751686497
-440.1940552606442, 252.63998357874848
Holes:
Exterior:
-524.973080654471, 248.58512733731075
-527.9185904114865, 248.14041150715235
-533.9338693461204, 247.22962764887515
-534.9959820697418, 247.0727172227825
-536.5333884163077, 246.84473565954391
-536.533358950673, 240.6571785890779
-536.533369212878, 239.24796268819347
-536.533369212878, 237.9664569598759
-533.1148068787073, 238.47407262989256
-527.9185904114865, 239.23804728171143
-527.9185550187098, 239.24485312029154
-519.33550180081, 240.53395896284033
-519.1526225517575, 240.5610512273318
-514.1634236871729, 241.31219954023663
-504.2949659168536, 242.83232685462315
-504.29495636265415, 244.46499493057
-504.29498129898434, 251.76153918962905
-506.00945408008613, 251.500057994261
-509.6828025878269, 250.9244222376262
-511.01007403966696, 250.72577808530073
-517.2513338980203, 249.7631302339727
-521.5074814548378, 249.1106325407955
-524.973080654471, 248.58512733731075
Holes:
Exterior:
-575.6424483325823, -101.03949940235285
-575.608783382882, -94.20271236139378
-575.6095777937886, -89.78100483080274
-584.4778185414051, -88.91741792669652
-588.3619672838814, -88.58480238101122
-589.288189555933, -88.48092408147909
-597.5303282444462, -87.55619837922619
-597.5228476797984, -92.44097380104712
-597.5263419018946, -110.01697317385889
-592.2597192463828, -110.57390732265274
-590.3035036811572, -110.78077295969169
-575.647150928454, -112.33072635293607
-575.6424483325823, -101.03949940235285
Holes:
Exterior:
-575.6099272735717, -243.74307846211954
-575.6069074340588, -241.4321293435588
-575.6391519898984, -221.53769384861664
-586.2352208144529, -219.94894220381673
-597.5332228980911, -218.27862983904475
-597.5563740559626, -223.8330915126574
-597.6345242235077, -240.58625878545755
-586.2205005590359, -242.26251298880624
-575.6099272735717, -243.74307846211954
Holes:
Exterior:
-575.6099272735717, 254.3553868655851
-577.660781803085, 254.0476281599255
-597.6345242235077, 251.19854711155958
-597.586303528634, 240.05834197195327
-597.5332228980911, 228.89095610212175
-591.6112529165716, 229.78252052387714
-575.6391519898984, 232.14999599155914
-575.6417449352662, 243.37983458814696
-575.6099272735717, 254.3553868655851
Holes:
Exterior:
-519.1526225517575, -229.9486623165869
-519.33550180081, -229.9216424760809
-521.7024523560546, -229.561031476289
-527.9185904114865, -228.62568923212365
-533.1148068787073, -227.86169823810553
-536.533369212878, -227.35408402998505
-536.533358950673, -230.04482327567726
-536.5333884163077, -236.23239898184542
-534.9959820697418, -236.46037875204797
-530.977731081796, -237.07893935753773
-527.9185904114865, -237.5280255042419
-527.9185808284318, -237.54343570235864
-517.2513338980203, -239.15077748820374
-511.01007403966696, -240.11348038079694
-509.6828025878269, -240.31212646997238
-504.29498129898434, -241.14923007223572
-504.2949863977484, -240.4362976440813
-504.2949659168536, -232.21991632073235
-508.09187271603616, -231.638526782164
-514.1634236871729, -230.69978295637617
-519.1526225517575, -229.9486623165869
Holes:
Exterior:
-37.61180222390189, 181.67997096142
-37.61176358048513, 181.76763879359993
-37.61179699994577, 190.14159200141097
-39.6952364115445, 189.82404034075682
-50.58030765177699, 188.16500371582688
-50.58030765177699, 184.11182969517165
-50.580283201641265, 181.26833263289413
-50.58031245054798, 180.95152703405822
-50.580306128899934, 164.4644492168374
-47.62514357121117, 164.91629519247078
-37.61180222390189, 166.42848003777854
-37.61180222390189, 181.67997096142
Holes:
Exterior:
-37.61179699994577, -217.2668742800282
-39.6952364115445, -218.1179218092012
-50.58030765177699, -222.56430168695323
-50.58030765177699, -225.43556695320197
-50.58032651641125, -239.0927604577822
-50.143115885242906, -238.91417055993358
-37.611786867311764, -233.79537013580662
-37.61179699994577, -230.72330525901035
-37.61179699994577, -217.2668742800282
Holes:
Exterior:
-37.61180222390189, -155.8161533669857
-41.30453132363064, -155.24939949590257
-50.580306128899934, -153.8520774420187
-50.58031245054798, -170.33921328526367
-50.580283201641265, -170.65601938320944
-50.58030765177699, -177.55268831944318
-47.98028163676992, -177.9489734457248
-37.61179699994577, -179.52933779187498
-37.611786867311764, -175.26128486956347
-37.61176358048513, -171.15534554255265
-37.61180222390189, -171.06771787417816
-37.61180222390189, -155.8161533669857
Holes:
Exterior:
-37.61179699994577, 227.87922166007803
-37.611786867311764, 230.90511315409572
-37.61178686731182, 244.40772762184284
-39.695236411544556, 245.2587792748961
-50.58032651641125, 249.70513779082458
-50.58032651641125, 249.22685813724107
-50.58030765177699, 233.17655404283286
-47.98028163676992, 232.11449348289742
-37.61179699994577, 227.87922166007803
Holes:
Exterior:
-37.611786867311764, -251.32831377947295
-39.695236411544556, -249.80115971635908
-50.58032651641125, -241.8224222135283
-50.58032564209603, -242.53439406573412
-50.580302744563056, -264.53719417911645
-47.76820719004857, -266.5984627400737
-37.61179045864452, -274.04314321578767
-37.61178686731182, -269.8846584377876
-37.611786867311764, -251.32831377947295
Holes:
Exterior:
-37.61179045864452, 266.51375346763183
-37.61179045864452, 284.6554376788384
-39.8433532454236, 283.01970192851127
-50.580302744563056, 275.1495202890246
-50.58030765177699, 271.2035571181848
-50.58032651641125, 252.43479733887992
-50.143115885242906, 252.7552693584225
-37.611786867311764, 261.94067126550914
-37.61179045864452, 266.51375346763183
Holes:
Exterior:
-37.61178686731182, 320.56072682255103
-37.61178686731182, 328.7381471103735
-48.0186402989803, 326.9255262043231
-50.58030765177699, 326.4746833508678
-50.580302744563056, 324.5883951544028
-50.580302744563056, 316.46373674225333
-47.76820719004857, 316.9529495417762
-37.61179045864452, 318.70020687057865
-37.61178686731182, 320.56072682255103
Holes:
Exterior:
-37.611786867311764, -318.1258691471692
-37.61179045864452, -316.08265721840417
-37.61179045864452, -308.0879733416896
-39.8433532454236, -307.6990365972023
-50.580302744563056, -305.85147274628343
-50.58030765177699, -307.6165439381915
-50.58030765177699, -315.86236795448406
-50.48047278768823, -315.8802891078035
-48.0186402989803, -316.3132165262869
-37.611786867311764, -318.1258691471692
Holes:
Exterior:
-532.998525782992, 127.45306692232123
-536.5333897343828, 127.07925379028683
-536.5333131523414, 111.47137945776913
-536.5333131523414, 104.45698039362416
-527.9185904114865, 105.33709909063148
-522.7955626600796, 105.89154155483986
-520.8535396615036, 106.09239937795813
-514.1634236871729, 106.79294117492762
-504.2949144612129, 107.84571452675526
-504.2949144612129, 114.08558639546952
-504.29494433480966, 130.48850117188024
-507.93764369995597, 130.10328567726893
-514.1634236871729, 129.4449134185494
-520.8535396615036, 128.73744319701075
-527.9185904114865, 127.9902843801866
-532.998525782992, 127.45306692232123
Holes:
Exterior:
-532.998525782992, -156.46812225658581
-536.5333897343828, -154.2479366900991
-536.5332293179329, -170.83772633745548
-536.5332293179329, -174.79979718719773
-536.533369212878, -185.36916269323953
-536.533369212878, -187.67105438186834
-527.9185904114865, -184.47133182421192
-523.655565206304, -182.88795216949555
-521.5074814548378, -184.23715415761185
-514.1634236871729, -188.84985941070093
-504.2949659168536, -195.04805619024722
-504.29494433480966, -191.96445463383685
-504.2949535436587, -176.04386769112065
-504.2949535436587, -174.4963831512139
-504.29494433480966, -159.75177090676132
-507.93764369995597, -161.1047506722196
-514.1634236871729, -163.4171535710967
-519.0468005578665, -165.23093923004242
-521.5074814548378, -163.68543707946654
-527.9185904114865, -159.65874537967497
-532.998525782992, -156.46812225658581
Holes:
Exterior:
-145.56008000009035, 173.68849040008118
-145.5392902864595, 154.82854054819043
-145.52204320726747, 150.95468710642936
-134.0027302998224, 152.53940433078716
-113.65635379856934, 155.355163863233
-113.65638593001913, 161.5953612592953
-113.65637141073034, 165.24098422646466
-113.65635450482245, 170.16769757530355
-113.65640699668057, 178.55111845355182
-124.13330347759543, 176.95426480699007
-127.05903883267948, 176.50833552475913
-129.50808208041948, 176.13507113074004
-145.56008000009035, 173.68849040008118
Holes:
Exterior:
-145.56008000009035, -163.07621936503443
-129.50808208041948, -165.5227505792477
-127.05903883267948, -165.89603338181664
-113.65640699668057, -167.9387972826358
-113.65635450482245, -159.55541083204125
-113.65635450482245, -158.3537121864832
-113.65637141073034, -154.62868208352216
-113.65638593001913, -150.9830867094359
-113.65635379856934, -144.7428621125204
-134.00273029982242, -141.92709135212448
-145.52204320726747, -140.3423468165142
-145.5392902864595, -144.21620025827528
-145.56008000009035, -163.07621936503443
Holes:
Exterior:
-584.4777954540886, 99.52971452115399
-575.6095777937886, 100.3933451207179
-575.608783382882, 104.8150300675054
-575.647150928454, 122.94296635506622
-584.815719149414, 121.97338307986148
-590.3035036811572, 121.39304995784187
-592.2597192463828, 121.18617893002694
-597.5263419018946, 120.6292302679129
-597.5221482379019, 103.13594039938667
-597.5296363930664, 98.1678476108941
-589.2880181070069, 99.09309702005548
-588.3619311175739, 99.19708026100024
-584.4777954540886, 99.52971452115399
Holes:
Exterior:
-581.3030131004476, 136.74123633175918
-575.6473684411739, 140.2933608393635
-575.6310011026735, 150.16580751910055
-575.6344829973499, 160.85323296727483
-581.5231092977612, 157.15457094242052
-584.3974530185966, 155.3492618990579
-584.4021801910832, 142.37996781243083
-584.410789186111, 136.9927989692051
-584.395617404129, 134.79881693165368
-581.3030131004476, 136.74123633175918
Holes:
Exterior:
-584.4097829420583, -203.98041193795254
-584.39921541663, -205.4495282540011
-581.3033543928824, -204.29962048312746
-575.6487323123066, -202.1993683462005
-575.6487323123066, -192.90565342666147
-575.6344829973499, -186.24886535688165
-581.5156637461529, -188.4332731277261
-584.3974023147373, -189.5036264776123
-584.4016998498512, -199.54866982297403
-584.4097829420583, -203.98041193795254
Holes:
Exterior:
-581.3029929367721, -126.12892451107007
-584.3955958307098, -124.18651706406337
-584.402156465259, -131.76760845468442
-584.3974530185966, -144.7368975440433
-580.3369900488682, -147.2873606080031
-575.6344829973499, -150.2409120632914
-575.6528145230243, -142.0532842254591
-575.6473684411739, -129.68109253117305
-581.3029929367721, -126.12892451107007
Holes:
Exterior:
29.783003009461822, -383.10180409820646
20.361567172777, -383.10180409820646
20.361567172777, -389.63402389461197
20.361567172777, -399.1017125454721
29.34509249184333, -399.1017125454721
38.836758167513096, -399.1017125454721
38.836758167513096, -390.003509634215
38.836758167513096, -383.10180409820646
29.783003009461822, -383.10180409820646
Holes:
Exterior:
29.783003009461822, 409.71409098235995
20.361567172777, 409.71409098235995
20.361567172777, 403.18184003772495
20.361567172777, 393.714106241149
29.34509249184333, 393.714106241149
38.836758167513096, 393.714106241149
38.836758167513096, 402.81235253626653
38.836758167513096, 409.71409098235995
29.783003009461822, 409.71409098235995
Holes:
Exterior:
-127.06701636958545, 280.94843577763163
-136.572476286795, 284.83118270452434
-145.55040729396717, 288.49850001783295
-145.5726107281606, 276.4489692451101
-145.57575454402223, 271.9803792415923
-143.31552797516935, 271.05711300272964
-113.65630935349068, 258.9419329896622
-113.6564302462296, 267.8453537147951
-113.6564302462296, 275.470418485056
-127.06701636958545, 280.94843577763163
Holes:
Exterior:
-440.19829983290276, -109.09169709534552
-440.22101510272887, -104.26219047219371
-456.83478056292415, -102.47033177559311
-463.26118491540944, -101.71849620838664
-463.2611688382333, -111.8548096593276
-463.2611910177077, -116.31425847808106
-463.26117168971757, -124.21555485366227
-453.469666578952, -125.25098277762024
-440.2052522443115, -126.65364333570966
-440.19829983290276, -109.09169709534552
Holes:
Exterior:
-113.6564302462296, -264.85807819514076
-113.65630935349068, -254.21085372466828
-113.65630935349068, -248.32965542015094
-143.31552797516935, -260.4448108597871
-145.57575454402223, -261.3680667742585
-145.55806707477808, -267.0124830748408
-145.55040729396717, -277.8861356458927
-136.572476286795, -274.21889648902834
-113.6564302462296, -264.85807819514076
Holes:
Exterior:
-527.9185904114865, -94.72477656038897
-528.3771016539681, -94.6786269672977
-536.5333131523414, -93.84467825068167
-536.5333131523414, -100.8590891254284
-536.533353436836, -112.71608867730203
-536.5333897343828, -116.46699555955021
-527.9185904114865, -117.37802038421675
-520.8535396615036, -118.12517920104091
-514.1634236871729, -118.83262295273954
-504.29494433480966, -119.87620475258596
-504.2949144612129, -103.47331189289608
-504.2949144612129, -97.23344002418183
-514.1634236871729, -96.18063903198512
-520.8535396615036, -95.48006012797009
-527.9185904114865, -94.72477656038897
Holes:
Exterior:
-527.9185904114865, 170.2710958632401
-521.5074814548378, 174.2977773693817
-519.0468005578665, 175.84327951995758
-514.1634236871729, 174.0294821838792
-504.29494433480966, 170.36409974938
-504.29494433480966, 172.75656181657644
-504.2949535436587, 185.10868816650682
-504.2949535436587, 186.65616983406315
-504.2949659168536, 205.66037043312906
-508.09187271603616, 203.2755991864853
-514.1634236871729, 199.46217323077607
-521.5074814548378, 194.8494766677317
-523.655565206304, 193.5002924594107
-527.9185904114865, 195.08365172682707
-533.1148068787073, 197.01366475080016
-536.533369212878, 198.2833946717835
-536.5332293179329, 185.41210668433206
-536.5332293179329, 181.4500358345898
-536.533369212878, 167.82716984905917
-536.5333897343828, 164.86025968431454
-527.9185904114865, 170.2710958632401
Holes:
Exterior:
-143.14945720332332, 207.29619501003117
-145.57526551604514, 205.51808144129203
-145.55184732669443, 199.11962007201092
-145.54926644070235, 182.82290364703636
-134.6822844677929, 190.7883354879637
-113.6563612463438, 206.20024792888788
-113.65630935349068, 220.83245099699218
-113.65630935349068, 228.91465333090065
-128.3390882737466, 218.15215365359316
-143.14945720332332, 207.29619501003117
Holes:
Exterior:
-143.14945720332332, -196.68389286708867
-113.65630935349068, -218.3023757613894
-113.6563612463438, -206.77336043831897
-113.6563612463438, -195.58798450964517
-127.0662293248121, -185.7584851968752
-134.6822844677929, -180.17600862777886
-145.54926644070235, -172.21061809001222
-145.57424356339698, -188.42150914298568
-145.57526551604514, -194.90579019555122
-143.14945720332332, -196.68389286708867
Holes:
Exterior:
-463.26119188870655, -160.4561418571104
-446.87082648439355, -154.36832573434293
-440.21582698113036, -151.89650061319517
-440.20774178302725, -139.17267412752807
-440.2053549980038, -135.94752095237328
-453.47576424950046, -140.8763791060323
-463.26118487941835, -144.51091771557373
-463.26118487941835, -153.5582083611267
-463.26119188870655, -160.4561418571104
Holes:
Exterior:
-463.26119188870655, 163.35717377744666
-463.26118487941835, 155.12321471639552
-453.47576424950046, 151.48867514979517
-440.2053549980038, 146.55977130875033
-440.213317554898, 159.09106013518144
-440.21582698113036, 162.50886361263778
-446.87082648439355, 164.98068229273207
-463.26119188870655, 171.06846244828844
-463.26119188870655, 163.35717377744666
Holes:
Exterior:
-463.26118491540944, 112.33077834914276
-447.42320133937244, 114.06279879283389
-440.22101510272887, 114.8744493141117
-440.22867004364105, 134.20389076556248
-440.2052522443115, 137.26600542819645
-453.469666578952, 135.8632628074954
-456.43528111618855, 135.54966604778113
-463.26117168971757, 134.82781022561522
-463.2611688382333, 122.46707365529744
-463.26118491540944, 112.33077834914276
Holes:
Exterior:
-584.4016998498512, 210.16093381894387
-584.3974023147373, 200.11591450462507
-580.3369672179581, 198.60777157938242
-575.6344829973499, 196.86116749982415
-575.6487323123066, 203.5179714824897
-575.6487323123066, 212.81170863611564
-581.5195022701021, 214.99223165650304
-584.39921541663, 216.0618220625554
-584.4016998498512, 210.16093381894387
Holes:
Exterior:
-113.65633481307515, 305.6775451275398
-113.65627212632751, 314.7916228321568
-113.6562704656987, 315.5055508792031
-114.48394254623935, 315.3619496983216
-114.50535961883648, 315.35867866362395
-114.51670931358879, 315.3568989361711
-114.51769159413158, 321.90900114938773
-114.51767253771644, 322.1261788844236
-114.43393832625301, 326.5930656760752
-114.45330923614728, 328.92010641161244
-132.08674990268665, 325.87111065418685
-145.51933303944486, 323.5790462166163
-145.51602519692796, 316.9394165848731
-145.53973223659096, 300.2505952938017
-134.6736158495322, 302.08038874269374
-113.65633481307515, 305.6775451275398
Holes:
