Exterior:
19.940269044513116, 52.63139640745841
19.940269044513116, 64.49214418702617
19.136929630277564, 64.48556182037724
9.666981772848203, 64.40940926203479
8.350897902029374, 64.39910186284624
7.499286789271764, 64.39910186284624
5.172496837656809, 64.39910186284624
-4.448784715158126, 64.39910186284624
-4.448784715158126, 63.09362408132315
-4.448784715158126, 61.19910491460405
-8.32461054662781, 61.19910491460405
-16.807812257024807, 61.19910491460405
-16.807539687240705, 54.97939232450394
-16.807539687240705, 48.55980779369989
-16.807812257024807, 44.38726063449539
-16.807812257024807, 37.374408786875726
-8.32461054662781, 41.213310727336186
-4.448784715158126, 42.96721709722124
-4.448784715158126, 20.111885358964667
-4.448784715158126, 19.4918082944936
-4.448784715158126, 17.874218041682916
-4.448784715158126, 15.431130061088426
-7.017402757114041, 16.593472257305105
-8.32461054662781, 17.18500542734317
-9.658605047755827, 17.788707539674753
-16.807812257024807, 21.023907379650062
-16.807539687240705, 9.838539364609769
-16.807539687240705, 1.5454739071689345
-16.807539687240705, -9.040262998879378
-16.807812257024807, -13.212729736025418
-16.807812257024807, -20.225581583645088
-8.32461054662781, -16.38669513315335
-4.448784715158126, -14.632804265083449
-4.448784715158126, -26.56198720860735
-4.448784715158126, -34.460438249178296
-4.448784715158126, -37.48813600334002
-4.448784715158126, -42.16889130121626
-7.017402757114041, -41.006538831513666
-8.32461054662781, -40.41500043314637
-9.658605047755827, -39.811300758363735
-16.807812257024807, -36.57608299087075
-16.807539687240705, -47.76148199769492
-16.807539687240705, -54.1810933921697
-16.807812257024807, -56.50119023900293
-16.807812257024807, -60.40085541254439
-8.32461054662781, -60.40085541254439
-4.448784715158126, -60.40085541254439
-4.448784715158126, -62.29537457926349
-4.448784715158126, -63.60085236078657
-3.6422281039176596, -63.60085236078657
5.172496837656809, -63.60085236078657
7.499286789271764, -63.60085236078657
8.111829397222664, -63.60085236078657
8.350897902029374, -63.60085236078657
9.666981772848203, -63.61114407139187
19.940269044513116, -63.693818391021175
19.940269044513116, -61.509738486526935
19.940269044513116, -50.89106908129667
24.17043931748276, -50.92551653304719
33.1218315801475, -50.997086121929414
33.1218315801475, -47.39829263986882
33.12179105778932, -46.18746247404341
33.12179105778932, -36.54816892118822
33.1218315801475, -29.904265342563086
28.592381323560858, -30.725126979764337
27.67673440110434, -30.891061525670512
21.151190870779374, -32.07367645746626
21.151190870779374, -29.661629139433547
21.151190870779374, -19.998175969185013
24.88772524983051, -20.69059730667185
27.67673440110434, -21.207431691393456
33.1218315801475, -22.21643258525051
33.1218315801475, -17.25636876574636
33.12188463397638, -15.416972464908353
33.12188463397638, 5.057775625160528
33.12188463397638, 16.215298260913332
33.1218315801475, 23.014730659631667
28.592381323560858, 22.175397354169284
27.67673440110434, 22.005736771387223
21.151190870779374, 20.796501765189987
21.151190870779374, 30.459954935438525
21.151190870779374, 32.87200225347124
24.88772524983051, 32.19482360384815
27.67673440110434, 31.68936660566428
33.1218315801475, 30.702563416944244
33.1218315801475, 35.64957035163145
33.12179105778932, 37.346494717193195
33.12179105778932, 46.985788270048374
33.1218315801475, 51.79541191793439
27.67673440110434, 51.75088000532759
19.940269044513116, 51.68933159258363
19.940269044513116, 52.63139640745841
Holes:
Exterior:
81.60611250631814, 42.629463278579955
81.60484337967159, 64.37838060428815
81.60484337967159, 65.00227453290059
62.7930299539853, 64.85601541850276
55.13782964760662, 64.7807528816091
55.13782964760662, 55.030109825137075
55.13492121061995, 49.821820233012
55.13492121061995, 42.07863686876196
74.1247376955323, 42.13358061459765
79.34111935600299, 42.15050219849224
80.60017842758543, 42.15859750749577
81.60594282540501, 42.16101230536144
81.60611250631814, 42.629463278579955
Holes:
Exterior:
81.60611250631814, -41.83113748257498
81.60594282540501, -41.362686509356465
79.34111935600299, -41.35217640248727
62.268449844970064, -41.30850465680551
55.13492121061995, -41.28032742102324
55.13492121061995, -49.023510785273274
55.13782964760662, -54.23180221262683
55.13782964760662, -63.982445269098825
74.12187461881672, -64.13991564208503
81.60484337967159, -64.20395245561889
81.60484337967159, -63.58005480828318
81.60611250631814, -41.83113748257498
Holes:
Exterior:
-63.19813448012928, -28.400809636177197
-63.19813448012928, -32.84731722507841
-63.19813448012928, -41.21831913042521
-53.948906785470626, -37.03278290277876
-52.113107979947245, -37.86353360552403
-52.113107979947245, -36.82184631287573
-52.113107979947245, -36.20204620287903
-52.113107979947245, -28.4008096361772
-52.113107979947245, -20.599573069475372
-52.113107979947245, -18.938094873813622
-53.948906785470626, -19.768836369575638
-63.19813448012928, -15.58334652908462
-63.19813448012928, -23.954302047275984
-63.19813448012928, -28.400809636177197
Holes:
Exterior:
-63.19813448012928, 24.752627843280962
-63.19813448012928, 16.381649131511885
-60.728166976817874, 17.499372850737146
-53.948906785470626, 20.567162165580612
-52.60335035930598, 19.95826333146068
-52.113107979947245, 19.736416066326967
-52.113107979947245, 20.778098755483644
-52.113107979947245, 21.397898865480347
-52.113107979947245, 29.199135432182175
-52.113107979947245, 37.000371998884006
-52.113107979947245, 38.66185940152901
-52.60335035930598, 38.44001090705214
-53.948906785470626, 37.83110869878374
-60.728166976817874, 40.89891501345716
-63.19813448012928, 42.01664492643018
-63.19813448012928, 33.64564302108339
-63.19813448012928, 29.199135432182178
-63.19813448012928, 24.752627843280962
Holes:
Exterior:
-63.19813448012928, -6.000907292427197
-57.084421732789906, -6.000907292427197
-52.113107979947245, -6.000907292427197
-52.113107979947245, 0.012953950547504312
-52.113107979947245, 6.799156794486866
-58.481289315109734, 6.799156794486866
-63.19813448012928, 6.799156794486866
-64.13385079995487, 6.799156794486866
-66.89317267907632, 6.799156794486866
-66.89317267907632, -1.274481556050152
-66.89317267907632, -6.000907292427197
-64.13385079995487, -6.000907292427197
-63.19813448012928, -6.000907292427197
Holes:
Exterior:
-66.89317267907632, 69.701427500745
-66.89317267907632, 69.42112455966543
-66.89317267907632, 66.51318413436302
-66.89317267907632, 65.15318068978956
-66.89317267907632, 64.51598899734016
-66.89317267907632, 64.39910186284624
-67.02777423394423, 64.39910186284624
-67.74881280664704, 64.39910186284624
-69.21925755173879, 64.39910186284624
-72.08241291773129, 64.39910186284624
-74.49039756781781, 64.39910186284624
-74.49039756781781, 56.30885650611911
-74.49039756781781, 51.5991903638228
-70.43547143897877, 51.5991903638228
-69.14070848265146, 51.5991903638228
-62.87612101985792, 51.5991903638228
-59.5118713047882, 51.5991903638228
-57.084421732789906, 51.5991903638228
-52.113107979947245, 51.5991903638228
-52.113107979947245, 56.68877171152
-52.113107979947245, 65.58691907175039
-52.113107979947245, 66.64369960158643
-52.113107979947245, 67.8144745210656
-65.85442436359563, 69.52681792729938
-66.89317267907632, 69.701427500745
Holes:
Exterior:
-66.89317267907632, -65.71487935928849
-66.89317267907632, -68.62287505760574
-66.89317267907632, -68.90317799868531
-66.3534070347448, -68.81244548195079
-65.85442436359563, -68.72856842523969
-58.359957016169346, -67.79462989354002
-52.113107979947245, -67.016165895209
-52.113107979947245, -64.78859327574538
-52.113107979947245, -59.115182703824686
-52.113107979947245, -55.89048636423349
-52.113107979947245, -50.800864567817825
-57.084421732789906, -50.800864567817825
-62.87612101985792, -50.800864567817825
-66.65175157549515, -50.800864567817825
-70.43547143897877, -50.800864567817825
-74.49039756781781, -50.800864567817825
-74.49039756781781, -58.89115814649843
-74.49039756781781, -63.60085236078657
-72.08241291773129, -63.60085236078657
-69.21925755173879, -63.60085236078657
-67.74881280664704, -63.60085236078657
-67.02777423394423, -63.60085236078657
-66.89317267907632, -63.60085236078657
-66.89317267907632, -63.717739495280476
-66.89317267907632, -64.35484430227913
-66.89317267907632, -65.71487935928849
Holes:
Exterior:
53.05087147769905, -25.909444987667683
53.463353086556026, -25.98587691748724
53.463353086556026, -24.959289641187063
53.4633797835902, -12.335042776568287
51.738716289717104, -12.015434885329514
48.739349399123284, -11.459631190563758
45.371847824372935, -10.835665659979076
45.183783644216874, -10.800864567817825
45.371847824372935, -10.800864567817825
53.4633797835902, -10.800864567817825
53.4633797835902, 7.7731811815844525
53.4633797835902, 11.5991903638228
51.738716289717104, 11.5991903638228
48.739349399123284, 11.5991903638228
45.371847824372935, 11.5991903638228
45.183783644216874, 11.5991903638228
45.371847824372935, 11.633962647132924
53.4633797835902, 13.133305309905605
53.4633797835902, 15.46490060187784
53.463353086556026, 25.757539143246724
53.463353086556026, 26.78413215710741
48.739349399123284, 25.908747134620267
40.46278199422545, 24.3750511902134
40.46278199422545, 16.37329160145257
40.46276504932689, 13.4059316737675
40.46276504932689, 5.392130001507048
40.46276504932689, -12.607605877762522
40.46278199422545, -23.576770116013833
53.05087147769905, -25.909444987667683
Holes:
Exterior:
53.05087147769905, 27.090824147666154
53.463353086556026, 27.016078778196313
53.4633797835902, 29.34163001508735
53.4633797835902, 40.63104284646481
48.739349399123284, 41.48715788605524
45.681830519216874, 42.04131377690874
53.463379239323785, 42.06660964982826
53.463379239323785, 50.183483722751035
53.4633797835902, 51.96216702041699
48.739349399123284, 51.921458384383044
40.46278199422545, 51.85501455459388
40.46278199422545, 46.04927449851756
40.4628258489538, 44.09586428616002
40.4628258489538, 40.0905012277967
40.46278199422545, 29.372163205963396
53.05087147769905, 27.090824147666154
Holes:
Exterior:
66.6753810938601, 29.232468839279292
66.67679896765117, 38.23633964097763
62.2583380659737, 39.03710697905237
55.12726011235145, 40.3294921695931
55.11896956999567, 27.1060052409926
55.11897449679918, 26.699931130945053
55.12729698684575, 13.441617745040796
62.19372802891439, 14.751226659650825
66.67691392029042, 15.582041918419748
66.67538156545243, 24.621688674538866
66.6785858629994, 26.924025998070025
66.6753810938601, 29.232468839279292
Holes:
Exterior:
66.67538156545243, -23.823413402943157
66.67691392029042, -14.783716122414774
62.19372802891439, -13.952929946837362
55.12729698684575, -12.643368242981134
55.12726011235145, -15.678262515895362
55.11896956999567, -26.30775573893294
55.12726011235145, -28.830848201966425
55.12726011235145, -39.53118270589366
62.2583380659737, -38.23880984586079
66.67679896765117, -37.43804900394343
66.6753810938601, -28.43421933721963
66.6785858629994, -26.12576359104066
66.67538156545243, -23.823413402943157
Holes:
Exterior:
45.681830519216874, -41.24298798090376
53.4633797835902, -39.83273008173749
53.463353086556026, -27.241708423877142
53.463353086556026, -26.217823538576145
48.739349399123284, -27.07397639024092
40.46278199422545, -28.57388213176383
40.46278199422545, -36.55462247198357
40.4628258489538, -39.292175431791726
40.4628258489538, -43.29753849015505
40.46278199422545, -51.056688758588905
48.739349399123284, -51.12313258837807
53.4633797835902, -51.16385425568967
53.463379239323785, -49.38515792674606
53.463379239323785, -41.268283853823284
48.739349399123284, -41.25025141796433
45.681830519216874, -41.24298798090376
Holes:
Exterior:
74.12187461881672, -10.800864567817825
79.38402383437028, -10.800864567817825
80.59860064687064, -10.800864567817825
81.60467953928082, -10.800864567817825
81.60518484800127, -0.1961068159837604
81.6053510250531, 0.39923547372743085
81.60484337967159, 11.05327806304238
81.60467953928082, 11.5991903638228
79.38402383437028, 11.5991903638228
62.192537123122065, 11.5991903638228
55.12692523654073, 11.5991903638228
55.12692523654073, -6.005040920569363
55.12692523654073, -10.800864567817825
74.12187461881672, -10.800864567817825
Holes:
Exterior:
-42.30134828688483, 51.5991903638228
-33.50223024351476, 51.5991903638228
-29.208169803343708, 51.5991903638228
-29.20814360329291, 53.386803994365955
-29.20814360329291, 61.19910491460405
-32.24295014221502, 61.19910491460405
-42.30134828688483, 61.19910491460405
-42.30134828688483, 55.27433528127198
-42.30134828688483, 51.5991903638228
Holes:
Exterior:
-42.30134828688483, 36.49275403680583
-42.30124557543627, 32.56030254831613
-42.30124557543627, 25.837968316048222
-42.30134828688483, 15.296342858249346
-33.50223024351476, 11.31451599933177
-29.208169803343708, 9.3714305100402
-29.20814360329291, 12.586235121438827
-29.20814360329291, 26.63537573030487
-32.24295014221502, 28.008663295767537
-34.873589402658126, 29.199135432182175
-29.20814360329291, 31.76290934086266
-29.208169803343708, 40.38076036629025
-29.208169803343708, 49.02687843861831
-32.24295014221502, 47.65349549163562
-42.30134828688483, 43.10195721380262
-42.30134828688483, 36.49275403680583
Holes:
Exterior:
-42.30134828688483, -21.107191031553548
-42.30124557543627, -25.039642520043248
-42.30124557543627, -31.761976752311156
-42.30134828688483, -42.30363141779765
-33.50223024351476, -46.285480341587544
-29.208169803343708, -48.22859085226449
-29.20814360329291, -45.01378624086586
-29.20814360329291, -30.964583544857685
-32.24295014221502, -29.591281772591838
-34.873589402658126, -28.4008096361772
-29.20814360329291, -25.837049934299895
-29.208169803343708, -17.219260870657447
-29.208169803343708, -8.573142798329386
-32.24295014221502, -9.946484944285741
-42.30134828688483, -14.498046269931985
-42.30134828688483, -21.107191031553548
Holes:
Exterior:
-42.30134828688483, -1.100645917890521
-42.30134828688483, -6.000907292427198
-33.50223024351476, -6.000907292427198
-29.208169803343708, -6.000907292427198
-29.208169803343708, 0.38860899176062846
-29.208169803343708, 6.799156794486865
-32.24295014221502, 6.799156794486865
-42.30134828688483, 6.799156794486865
-42.30134828688483, -1.100645917890521
Holes:
Exterior:
-42.30134828688483, -56.72568128740759
-42.30134828688483, -60.40085541254439
-32.24295014221502, -60.40085541254439
-29.20814360329291, -60.40085541254439
-29.208169803343708, -55.608746762624136
-29.208169803343708, -50.800864567817825
-32.24295014221502, -50.800864567817825
-42.30134828688483, -50.800864567817825
-42.30134828688483, -56.72568128740759
Holes:
