Exterior:
20.1331802964869, 44.09560296892602
18.27340699550814, 43.708334946786735
18.27338858829239, 36.03285944711114
18.273374715550062, 29.84267661270995
21.86924701743942, 30.59148541348269
31.222694231589458, 32.53921362871856
31.222750327895938, 44.13693431865258
31.222750327895938, 47.4006152623629
31.222694231589458, 51.097549528244755
31.222694231589458, 56.23985502067287
28.32121628091545, 56.200816339857745
22.470135309358056, 56.117978774542905
18.273381900771938, 56.06334462698473
18.273374091843834, 54.025741389077126
18.273399507700788, 45.49303509474453
27.455920235883468, 45.62045061449778
22.299053358942956, 44.54661723891149
20.1331802964869, 44.09560296892602
Holes:
Exterior:
16.07753777181415, 11.218442557857154
-1.9657262850660118, 11.218442557857154
-9.787817717476173, 11.218442557857154
-9.787817717476173, 2.6779939786260574
-9.787817717476173, -11.181612373783471
11.860583891098486, -11.181612373783471
16.07753777181415, -11.181612373783471
16.07753777181415, -8.481860131112823
16.07753777181415, 11.218442557857154
Holes:
Exterior:
16.07753777181415, -13.511114610181137
2.8983158677713163, -16.078997226832843
-9.787817717476173, -18.550804905864705
-9.787817717476173, -22.14979007937742
-9.787817717476173, -23.962488056571978
-9.787817717476173, -28.144777150695873
-9.787817717476173, -32.2884045589071
-9.787817717476173, -37.82826274740486
4.362561163011833, -40.77486089214771
16.07753777181415, -43.21432407774492
16.07753777181415, -32.56348145290969
16.07753777181415, -29.348598363589637
12.94601718894046, -28.696509085623262
10.867785470258468, -28.263750435306907
16.07753777181415, -27.248646204276902
16.07753777181415, -23.07930685257494
16.07753777181415, -13.511114610181137
Holes:
Exterior:
16.07753777181415, 65.61596702871205
16.07753777181415, 68.93940435632706
3.808352346431093, 68.67754111681802
3.144776039814815, 68.6692092278335
2.5918077624737634, 68.66020911300389
-9.787817717476173, 68.58926012783142
-9.787817717476173, 64.56509456854762
-9.787817717476173, 59.49313299864456
-9.787817717476173, 58.782731548035365
-9.787817717476173, 55.70170574815933
-9.787817717476173, 49.12625543771915
-9.787817717476173, 45.103440825150095
2.8829607151706114, 45.27933392418698
16.07753777181415, 45.462498286290746
16.07753777181415, 53.538007443052045
16.07753777181415, 56.037981151164814
16.07753777181415, 60.41740862599576
16.07753777181415, 61.42718648344922
16.07753777181415, 65.61596702871205
Holes:
Exterior:
16.07753777181415, 27.285476388350588
12.94601718894046, 27.895643553550222
10.867785470258468, 28.300580619380593
16.07753777181415, 29.385428547663324
16.07753777181415, 33.74014533504067
16.07753777181415, 43.25107796787329
2.7468097044743445, 40.4751594625774
-9.787817717476173, 37.86501663753322
-9.787817717476173, 34.16934781437473
-9.787817717476173, 32.325188931227785
-9.787817717476173, 28.18160733476956
-9.787817717476173, 23.999318240645664
-9.787817717476173, 18.58763508993839
3.8938905662603247, 15.921846386803395
16.07753777181415, 13.547944794254818
16.07753777181415, 24.08051367339025
16.07753777181415, 27.285476388350588
Holes:
Exterior:
16.07753777181415, -61.39035629937554
16.07753777181415, -60.38057844192208
16.07753777181415, -56.00115096709114
16.07753777181415, -46.65475087949424
16.07753777181415, -45.425727090111295
3.9643828754653896, -45.257556380897526
-9.787817717476173, -45.06663028883028
-9.787817717476173, -47.75641027378696
-9.787817717476173, -55.66487556408565
-9.787817717476173, -58.745901363961686
-9.787817717476173, -59.456302814570876
-9.787817717476173, -64.52821652878228
-9.787817717476173, -68.55242994375773
2.5919623656404838, -68.62338113154793
3.144944014419025, -68.63238146528533
3.8085362165879815, -68.64071355232629
16.07753777181415, -68.90257417225337
16.07753777181415, -65.57909732206166
16.07753777181415, -61.39035629937554
Holes:
Exterior:
43.69579354277539, -39.18778324793288
43.69579354277539, -53.25843781564488
43.69581378548651, -54.56154218060283
43.69581378548651, -56.37413256359429
55.8303910212619, -56.54253277265653
56.290441172036026, -56.54879386076235
56.290441172036026, -56.807852096728205
56.290441172036026, -63.080906238754864
56.30278707229991, -69.36158908851962
65.71763638708217, -69.50686753355343
72.49008497823638, -69.6348849780224
83.7863469457318, -69.81916117838891
83.72880810079278, -58.70416583456218
83.72260917433323, -46.44992819121585
78.60872985251103, -46.35398200077034
73.46672838923632, -46.26741877485672
69.68614484525847, -46.20900190015066
69.68614484525847, -41.45187403484424
69.68614484525847, -11.181612373783473
73.46674722591888, -11.181612373783473
76.98027296197824, -11.181612373783473
78.14569189663075, -11.181612373783473
79.53238573904878, -11.181612373783473
81.98220821910536, -11.181612373783473
83.7863469457318, -11.181612373783473
83.7419344622308, -6.942680779161515
83.76327667276655, 0.01836766175009769
83.7419344622308, 6.979510963235194
83.7863469457318, 11.218442557857152
81.98220821910536, 11.218442557857152
79.53238573904878, 11.218442557857152
78.14569189663075, 11.218442557857152
76.98027296197824, 11.218442557857152
74.67195029185882, 11.218442557857152
73.46674722591888, 11.218442557857152
69.68614484525847, 11.218442557857152
69.68614484525847, 15.975560061556322
69.68614484525847, 46.24575579027903
78.60872985251103, 46.3907604388331
80.59414804369999, 46.429188571358274
83.72260917433323, 46.48674442454429
83.72880810079278, 58.740959900221306
83.77406556263304, 63.92717820900958
83.7863469457318, 69.8559913624626
65.71763638708217, 69.54369771762713
56.30278707229991, 69.39841927259332
56.29200976449738, 63.81448771296331
56.290441172036026, 63.11773642282854
56.290441172036026, 62.85867664332421
56.290441172036026, 56.58562250129756
46.94063176255122, 56.45504308310053
43.69581378548651, 56.41094967207945
43.69579354277539, 53.29524550584118
43.69579354277539, 39.224590938129175
43.69581378548651, 37.51292865204613
43.69581378548651, 35.1365711944279
46.94063176255122, 35.81225347031783
50.48570539213347, 36.55047380785715
50.48570539213347, 32.97600017504983
50.48570539213347, 20.581235526607152
46.94063176255122, 21.271973843963345
46.05384936744713, 21.444759561273848
43.69581378548651, 21.904210497468572
43.69579536851052, 17.749799117039
43.69579536851052, 10.975716712198471
43.69579536851052, -17.71296893296532
43.69581378548651, -19.512976768901687
43.69581378548651, -21.867380313394893
46.94063176255122, -21.235155404143978
50.48570539213347, -20.544405342533473
50.48570539213347, -24.118878975340795
50.48570539213347, -36.51364362378347
46.94063176255122, -35.77542328624415
46.05384936744713, -35.59076986104008
43.69581378548651, -35.09974101035422
43.69579354277539, -39.18778324793288
Holes:
Exterior:
-74.96816243140847, -44.62335418048612
-75.01434961345944, -67.66944599646105
-67.16658359764347, -67.74534751862502
-60.29026820852482, -67.82659914996897
-48.3409683701218, -67.96772454607218
-48.3409683701218, -61.205929571656895
-48.3409683701218, -50.1690089555688
-48.3409683701218, -44.56965623761928
-53.39873989118587, -44.501074657050374
-61.85203042456715, -44.38840969338078
-74.96475172837768, -44.2213413401357
-74.96816243140847, -44.62335418048612
Holes:
Exterior:
-23.252243273415615, 21.19552502506985
-23.213635428179032, 21.203565238521215
-21.68516677488674, 20.905752815497156
-20.767240587230617, 20.726901681956388
-20.767240587230617, 21.382693303059124
-20.767239153456785, 21.712995641705405
-20.76723743797038, 22.3824470843968
-20.76723743797038, 35.57872751310999
-21.68516677488674, 35.38758357270711
-23.252243273415615, 35.06126294010891
-23.531628592241532, 35.00308000902903
-32.234229982929264, 36.69874189073336
-34.59240106639277, 37.15820137442248
-35.92061699088913, 37.417000136839995
-41.23496203545437, 38.45246841370177
-41.234952851880735, 31.31663118751562
-41.234952851880735, 24.653341055994996
-41.234998907700174, 17.450869631497888
-23.252243273415615, 21.19552502506985
Holes:
Exterior:
-23.252243273415615, -35.024442018953955
-20.76723743797038, -35.541901012616165
-20.767239153456785, -34.54660773394986
-20.767239153456785, -21.676165457631726
-20.767240587230617, -20.69007149788271
-21.465450823303627, -20.82611305944335
-21.68516677488674, -20.868922631423477
-21.99547074731072, -20.92938465327412
-23.213635428179032, -21.166735054447535
-23.252243273415615, -21.158704103914893
-34.59240106639277, -18.797325302729575
-41.234998907700174, -17.41408738585211
-41.234998907700174, -26.126465211929844
-41.234952851880735, -31.27983766710138
-41.23496203545437, -33.31872563559665
-41.23496203545437, -38.41568621671861
-34.59240106639277, -37.121447484294116
-23.531628592241532, -34.96632611890066
-23.252243273415615, -35.024442018953955
Holes:
Exterior:
-23.252243273415615, 44.91681615396802
-22.786756060861762, 44.923306804839804
-22.705099737921728, 44.92443505624871
-21.501201223779162, 44.94092231596517
-20.767176380449882, 44.95131290151409
-20.767178872365548, 45.35485711808809
-20.767240587230617, 55.54303858070155
-21.68516677488674, 55.53062559208408
-29.245780100965703, 55.4401832529887
-34.59240106639277, 55.365454909958764
-41.23496203545437, 55.28242733112285
-41.23496203545437, 51.34856710664513
-41.23496203545437, 44.68565556237835
-34.59240106639277, 44.76939526482761
-23.252243273415615, 44.91681615396802
Holes:
Exterior:
-23.252243273415615, -44.88005300092094
-34.59240106639277, -44.73256508075393
-41.23496203545437, -44.64882537830467
-41.23496203545437, -48.582685602782384
-41.23496203545437, -55.24559714704917
-34.59240106639277, -55.328624725885085
-29.245780100965703, -55.40338467266081
-21.68516677488674, -55.49387170195571
-20.767240587230617, -55.50628104850042
-20.767178872365548, -45.31802693401441
-20.767176380449882, -44.91448566514951
-21.328804850963934, -44.906691723863844
-21.501201223779162, -44.90409213189149
-22.705099737921728, -44.887611924593465
-23.155575759909652, -44.8813974232445
-23.252243273415615, -44.88005300092094
Holes:
Exterior:
-60.38591227808024, 31.24044728617001
-60.38634164451241, 28.44650257167661
-57.61304949067903, 27.906140922114968
-59.08382126687388, 27.599872798799463
-60.38634164451241, 27.32863274966061
-60.38590663024843, 24.49160083023071
-60.38869301106752, 13.462389348987196
-56.76948608520502, 14.216037607130527
-48.327223641504816, 15.974018434371295
-48.32310774952066, 26.096036322566842
-48.3230881292875, 29.84063450141889
-48.32719912648622, 39.834348298835735
-52.949247614795695, 40.734926741452306
-60.38872554394561, 42.184464422474
-60.38591227808024, 31.24044728617001
Holes:
Exterior:
-60.38590663024843, -24.454770646157023
-60.38634164451241, -27.291802565586924
-57.61304949067903, -27.869310738041282
-59.08382126687388, -28.15587485213324
-60.38634164451241, -28.409672387602924
-60.38591227808024, -31.203617102096327
-60.38872554394561, -42.1476515994619
-56.71782697856361, -41.43240488758231
-48.32719912648622, -39.797554761676096
-48.3230881292875, -29.803825113655492
-48.32310774952066, -26.05920613849316
-48.327223641504816, -15.937188250297607
-52.91457624761915, -14.981937453118233
-60.38869301106752, -13.425559164913503
-60.38590663024843, -24.454770646157023
Holes:
Exterior:
-61.85203042456715, 44.425232233929975
-56.81241534631749, 44.49312336462056
-48.3409683701218, 44.60645041897694
-48.3409683701218, 50.20580313692646
-48.3409683701218, 56.96759811134176
-48.3409683701218, 68.00451872742987
-60.29026820852482, 67.86338722605791
-75.01434961345944, 67.70627618053474
-74.9854984369847, 61.96098792583257
-74.96475172837768, 44.25816871859459
-61.85203042456715, 44.425232233929975
Holes:
Exterior:
27.455920235883468, -45.58369672436941
22.299053358942956, -45.5103368871372
18.273399507700788, -45.4562672382104
18.273374091843834, -53.98891120500345
18.273381900771938, -56.02652897301793
22.470135309358056, -56.08117331658173
31.222694231589458, -56.20306193221458
31.222750327895938, -47.36384889333701
31.222750327895938, -44.10016794962668
31.222694231589458, -39.24417768152749
31.222694231589458, -32.502383444644884
22.470135309358056, -30.67975497018661
18.273374715550062, -29.805846428636265
18.27338858829239, -35.99606332368908
18.27340699550814, -41.158769943675054
18.27340699550814, -43.671567230404044
22.299053358942956, -44.50986334878312
27.455920235883468, -45.58369672436941
Holes:
Exterior:
-21.68516677488674, 11.218442557857156
-29.245780100965703, 11.218442557857156
-34.59240106639277, 11.218442557857156
-35.91425264252575, 11.218442557857156
-41.234998907700174, 11.218442557857156
-41.234998907700174, -2.8563757522218873
-41.234998907700174, -11.18161237378347
-34.59240106639277, -11.18161237378347
-29.245780100965703, -11.18161237378347
-21.68516677488674, -11.18161237378347
-20.767240587230617, -11.18161237378347
-20.767240587230617, -10.112292527404458
-20.767240587230617, 11.218442557857156
-21.465450823303627, 11.218442557857156
-21.68516677488674, 11.218442557857156
Holes:
Exterior:
-68.62686042851851, 11.218442557857156
-75.01434961345944, 11.218442557857156
-74.9784276114276, 7.67829309747897
-75.01451413848963, 0.018310681578081293
-74.9784276114276, -7.641462913405277
-75.01434961345944, -11.18161237378347
-68.62686042851851, -11.18161237378347
-61.100239278915296, -11.181612373783468
-60.97487663017159, -11.181612373783468
-60.39296810040992, -11.181612373783468
-58.89794450180307, -11.181612373783468
-56.82013668965101, -11.181612373783468
-48.3273648700806, -11.181612373783468
-48.3273648700806, -0.625086564295057
-48.3273648700806, 11.218442557857157
-56.82013668965101, 11.218442557857157
-60.39296810040992, 11.218442557857157
-60.97487663017159, 11.218442557857157
-61.100239278915296, 11.218442557857157
-68.62686042851851, 11.218442557857156
Holes:
Exterior:
21.86924701743942, -26.120173024503025
31.222694231589458, -24.297702612238957
31.222664484839925, -12.511592655155646
31.222664484839925, 6.7065451434061565
31.222664484839925, 12.548422839229325
31.222694231589458, 17.655059193287904
31.222694231589458, 24.334532796312644
22.470135309358056, 26.039898396918076
18.273374715550062, 26.857624305714594
18.273374715550062, 20.930967360102247
18.273381900771938, 13.120099356285666
28.033312814008468, 11.218442557857152
22.470135309358056, 11.218442557857152
18.273381900771938, 11.218442557857154
18.273381900771938, -6.915543932940477
18.273381900771938, -11.181612373783471
28.033312814008468, -11.181612373783473
22.470135309358056, -12.265555693763138
18.273381900771938, -13.083269172211983
18.273381900771938, -24.204465919962413
18.273374715550062, -26.82079412164091
21.86924701743942, -26.120173024503025
Holes:
