Exterior:
30.142229366757533, -186.3669799507768
31.995598543329606, -186.59690015600768
31.995598543329606, -186.11184599672094
31.995598543329606, -185.4684602916904
31.995598543329606, -155.91513746069518
31.995598543329606, -133.36000977057262
31.995598543329606, -122.63696806006152
31.995598543329606, -86.81746595190612
31.995598543329606, -66.83297129822314
31.995598543329606, -45.32233350561705
31.995598543329606, -0.07629276396615059
31.995598543329606, 21.434345028639942
31.995598543329606, 63.470256191285905
31.995598543329606, 99.28977807442848
31.995598543329606, 108.35811259034838
31.995598543329606, 128.34260724403134
31.995598543329606, 161.62079501665045
31.995598543329606, 182.74905599884008
31.995598543329606, 183.23410875512513
30.142229366757533, 183.00419959684592
21.083111334558566, 181.88042230095553
20.59066235645537, 181.81933434746935
19.195610750360856, 181.64627916528138
19.195610750360856, 183.22653463917376
19.195610750360856, 183.34687445432436
19.195610750360856, 183.65525847787998
19.195610750360856, 183.8538552624631
19.195610750360856, 184.40321649871143
19.195610750360856, 184.7915050471238
19.195610750360856, 186.03844686065105
19.195610750360856, 187.1137978969927
19.195610750360856, 192.44143487903256
19.195610750360856, 196.60462267114076
15.278325488517453, 196.60462267114076
14.974010784869392, 196.60462267114076
14.974010784869392, 196.64286422940836
14.974010784869392, 196.6518165647174
7.325493562860856, 196.95061571313295
0.19385798908047036, 197.51891344954217
0.19385798908047036, 196.9207123639331
0.19385798908047036, 196.6365954901236
0.19385798908047036, 196.60462267114076
-5.240215454735676, 196.60462267114076
-7.138515096692458, 196.60462267114076
-7.138515096692458, 196.6334855943161
-7.138515096692458, 196.8899673110516
-7.138515096692458, 197.46920807710202
-7.138515096692458, 198.39300363104843
-7.710059415654769, 198.46268541528138
-8.277708432150234, 198.55718969722
-15.074866544561019, 199.68880541039857
-21.91866789248138, 201.1552939320978
-21.91866789248138, 199.33768823774457
-21.91866789248138, 198.07145213043856
-21.91866789248138, 197.28142874281735
-21.91866789248138, 196.8279932988202
-21.91866789248138, 196.62721685503138
-21.91866789248138, 196.60462267114076
-25.75871358607742, 196.60462267114076
-29.25095288159457, 196.60462267114076
-29.25095288159457, 196.62410699658852
-29.25095288159457, 196.79724861533293
-29.25095288159457, 197.1882733057211
-29.25095288159457, 197.86955805007364
-29.25095288159457, 198.9615097013449
-29.25095288159457, 200.67329657280817
-29.25095288159457, 203.0795493615352
-29.98087240393602, 203.27397234155092
-30.621971525944105, 203.47966786392874
-36.89218832190477, 205.49145586205873
-43.9213627129069, 208.150247020061
-43.973944913701644, 208.1701362819806
-44.03110567738338, 208.19544028623648
-44.03110567738338, 208.14895843404005
-44.03110567738338, 203.8349121711902
-44.03110567738338, 201.20126133294377
-44.03110567738338, 199.36427225001978
-44.03110567738338, 198.2032227205826
-44.03110567738338, 197.46258732255967
-44.03110567738338, 197.0004939714364
-44.03110567738338, 196.73527460310152
-44.03110567738338, 196.61783825730376
-44.03110567738338, 196.60462267114076
-46.27721559504403, 196.60462267114076
-51.36347876315642, 196.60462267114076
-51.36347876315642, 196.6147283614963
-51.36347876315642, 196.70452955022
-51.36347876315642, 196.90733741508706
-51.36347876315642, 197.26069081645784
-51.36347876315642, 197.82703966443603
-51.36347876315642, 198.7148706608988
-51.36347876315642, 200.11957890687205
-51.36347876315642, 202.13347821846207
-51.36347876315642, 205.4323417856256
-51.36347876315642, 211.3831109198697
-51.36347876315642, 211.44538327097686
-58.98783041174852, 215.38250810815248
-66.14363155894523, 219.69518610777482
-66.14363155894523, 207.08923824049648
-66.14363155894523, 202.21575207601816
-66.14363155894523, 199.95635076860327
-66.14363155894523, 198.70383088613272
-66.14363155894523, 197.93918910034677
-66.14363155894523, 197.40584633811045
-66.14363155894523, 197.06875268367372
-66.14363155894523, 196.85372008894387
-66.14363155894523, 196.71955808080236
-66.14363155894523, 196.64255553798859
-66.14363155894523, 196.60845962221154
-66.14363155894523, 196.60462267114076
-66.79575653829716, 196.60462267114076
-73.47600464471827, 196.60462267114076
-73.47600464471827, 196.60534972640409
-73.47600464471827, 196.61181048510707
-73.47600464471827, 196.626401524453
-73.47600464471827, 196.65182358284204
-73.47600464471827, 196.69256962752712
-73.47600464471827, 196.75644474898948
-73.47600464471827, 196.85750667427504
-73.47600464471827, 197.0023969334046
-73.47600464471827, 197.23973412018884
-73.47600464471827, 197.6678630126905
-73.47600464471827, 198.59132898899713
-73.47600464471827, 201.631024237349
-73.47600464471827, 224.74716066210544
-75.19022298987352, 225.95085985375795
-75.51983506153636, 225.95085985375795
-76.81629941555263, 225.95085985375795
-78.97547632554165, 225.95085985375795
-79.87062683325826, 225.95085985375795
-81.40786804391303, 225.95085985375795
-82.06285385806848, 225.95085985375795
-83.21288349160591, 225.95085985375795
-83.71284993038466, 225.95085985375795
-84.60553042526112, 225.95085985375795
-84.99964430409148, 225.95085985375795
-85.75252978579249, 225.95085985375795
-86.06859036210722, 225.95085985375795
-86.6466732215655, 225.95085985375795
-86.90767900717333, 225.95085985375795
-87.38920032927024, 225.95085985375795
-87.60837750780138, 225.95085985375795
-88.0156582792846, 225.95085985375795
-95.40445638831102, 225.95085985375795
-95.40445638831102, 218.45573157787757
-95.40445638831102, 216.26931078149232
-95.60799026555196, 216.29522530099584
-95.66707524800597, 216.3030492454321
-95.85283034110932, 216.32302578664797
-96.20312022786004, 216.36759159586504
-96.44485133284775, 216.39361100943194
-96.45321581693258, 216.39451220293893
-96.74064980269827, 216.422636638526
-97.58506651341497, 216.5052038306275
-97.6145427326262, 216.50808562753417
-97.84629662917439, 216.52319758208887
-98.04891446404395, 216.536402498103
-98.40714186922253, 216.5714395367831
-98.86415158828515, 216.59693505498026
-99.58723629613166, 216.63721246990266
-99.85605854828395, 216.6436144358645
-99.98111595728665, 216.65057445461736
-100.21595314199635, 216.6637011742307
-100.82993673063618, 216.6725627498582
-100.98888771999543, 216.67633641620216
-101.57443552652182, 216.68472810121602
-101.64521817668458, 216.68349674859482
-102.00184781409439, 216.6886707102046
-102.22836507018098, 216.6847472499617
-102.98111937904127, 216.66457905939782
-103.10276409736286, 216.6624659313429
-103.56284751237104, 216.6501794161844
-103.66336010048803, 216.64429638019183
-104.01388127850385, 216.63490598772356
-104.23259486910058, 216.62206751128076
-105.10526630898892, 216.5625268616203
-105.1939916769195, 216.55731643675122
-105.53873938200923, 216.53376183758206
-105.66358575486322, 216.52117296584305
-106.00718259189739, 216.4977947336102
-106.2172925482962, 216.47659286735652
-107.19138285809925, 216.36879084657102
-107.25094207448137, 216.3627870626831
-107.4887444130128, 216.33647607096444
-107.82522177066187, 216.29927111324946
-107.96914829445188, 216.27847966383473
-108.21720445915548, 216.2401969154871
-109.02878093084632, 216.1148361708687
-109.26152597647285, 216.08121620352156
-109.3994908963283, 216.0598868765515
-109.55914918501662, 216.02950934684796
-109.88660174240181, 215.9789891069535
-110.22325097715952, 215.91148862182737
-111.01453806521783, 215.75288940035767
-111.21422599825542, 215.71492877338454
-111.25889493322416, 215.7060126474483
-111.43023132304836, 215.66507522376537
-111.74521608373095, 215.60200981786568
-112.16165853674852, 215.49802329841262
-112.2515995113356, 215.47654055614194
-112.63445470599049, 215.38110150958715
-112.71381533456258, 215.36212134339578
-113.05378124975812, 215.27727822106445
-113.14861235003195, 215.24964344054106
-113.23367307421347, 215.22483710566064
-113.31862185810894, 215.2000729095703
-113.37459346878643, 215.18375146401405
-113.41762871046512, 215.17302956930618
-113.6733244480314, 215.1092648264307
-114.16143089093373, 214.96155878366338
-114.52934573084701, 214.85030746619438
-114.77286608653844, 214.77672399977203
-114.95840973886595, 214.71187798198673
-115.07123411543148, 214.6724485579856
-115.3457508921988, 214.58937576714575
-115.90323232570097, 214.3881606924981
-116.404059471349, 214.2074332138269
-116.44616403464374, 214.18997580222486
-116.69121843818436, 214.10164990846368
-116.83738613023843, 214.0410406529141
-117.45972698151922, 213.77562362402873
-117.54519692616157, 213.74018698420423
-117.93702144588792, 213.57319780619585
-117.99217917351348, 213.54621061067834
-118.20123946631452, 213.4571083983503
-118.33515242685428, 213.3916025419516
-119.01581414198142, 213.05023227307362
-119.07645028558295, 213.02057168580006
-119.36048768228432, 212.87814002711175
-119.42662408411286, 212.8399916962443
-119.59734094390899, 212.75442130823234
-119.71880126925373, 212.68434705849947
-119.75650716245457, 212.6626025620649
-119.91122426319077, 212.57125723555592
-120.48558706323354, 212.23228222915293
-120.66468915700887, 212.12669736648093
-120.73967035230066, 212.0754623805752
-120.86480343582332, 211.99000613197123
-120.99770351324378, 211.91167988407096
-121.2374617621416, 211.74444079238853
-121.76254479317026, 211.37834060612997
-121.84072147610914, 211.32405398824474
-121.92235640436024, 211.25744605166997
-122.01510611485116, 211.18172792749152
-122.1149771316351, 211.11201504148983
-122.42506256178069, 210.8541356356351
-122.8801910968574, 210.475566407473
-122.88307562436125, 210.47271347066948
-122.89936798739859, 210.45899851147044
-122.98200097678705, 210.37717359592065
-123.04495401174904, 210.31483805944868
-123.10418892060454, 210.2657266221036
-123.46151281126879, 209.90317642140516
-123.77357151818956, 209.5865207513277
-123.87361954623054, 209.48477933476056
-123.89170004065477, 209.46450121117982
-124.14808008180557, 209.50371461809496
-124.1984820482229, 209.5114273210666
-124.75515390757016, 209.60377898903025
-125.51621081834503, 209.70751982550914
-125.77920292784995, 209.74336697146876
-125.98239708614676, 209.765945748795
-126.76583651329167, 209.87282239539476
-126.91446875737404, 209.88935230927905
-127.19737796904496, 209.915691644224
-128.0024146366543, 209.9907179403406
-128.10251501051778, 209.9975196772981
-128.6462205986801, 210.0481676574082
-128.89209012469064, 210.0648712599007
-129.10942548135552, 210.08509888010704
-130.25295048336443, 210.1438004663145
-130.25943754498553, 210.14412466635383
-130.49856769296173, 210.15026008377185
-131.227507339486, 210.1877013933753
-131.32657089577083, 210.19024664884031
-131.95791956350115, 210.19676005238577
-132.53388464066825, 210.20257802666845
-132.66874000989515, 210.2003816882747
-133.3596592362154, 210.2075158735828
-133.55125286788711, 210.20440582489968
-134.81044977188571, 210.16577992718211
-134.84656012466235, 210.1636687670704
-135.07024642356305, 210.1568083181082
-135.29133007710163, 210.143888748752
-135.3481936342912, 210.14056887351268
-135.76793247103046, 210.12774582596745
-136.71812252819348, 210.0594978838925
-137.0726535308678, 210.03396872815276
-137.66362790227743, 209.99151684153426
-137.81923155658683, 209.97575431913353
-138.24273484964556, 209.9275154044494
-138.38362111475942, 209.9132387030843
-139.3051978019978, 209.8081879485626
-139.36953853681337, 209.79880192057217
-139.89812002732344, 209.7386133949616
-140.11510340325208, 209.70696565688363
-141.36380969059348, 209.51022749274773
-141.49244716986652, 209.4899085852683
-141.66225548329328, 209.4572091731334
-142.12079919041582, 209.38496735829935
-142.85719143699419, 209.23522943401738
-142.9506821099883, 209.2172322661106
-143.61865632374497, 209.08134149887493
-144.00550206896185, 209.00265591886424
-144.0911839318054, 208.98188967421657
-144.3443052164463, 208.91810892908566
-144.50260170196657, 208.8797495710114
-145.66941160648958, 208.58527170393035
-145.68354049453637, 208.5810841523513
-145.79549257385156, 208.55282591095695
-145.95771936596168, 208.50474727182626
-146.15858307983115, 208.45415398141213
-147.19919959200786, 208.13609530744284
-147.24803702025133, 208.1216216449624
-147.62987011543873, 208.005001276664
-147.73339986874714, 207.96812084105613
-147.8365116880725, 207.9313977802929
-148.08353387116426, 207.85597340041082
-148.66605888504705, 207.64357815164783
-149.4864690688952, 207.3447456873404
-149.52789138872288, 207.32721208868327
-149.72144233583208, 207.2566792535012
-150.9885282003968, 206.71040293823364
-151.12998990827577, 206.65050582396756
-151.22622361061235, 206.60908597065827
-151.33482792611142, 206.55466383241293
-151.48388736764275, 206.49032540664072
-152.27796152583892, 206.08682341841336
-152.3350855921375, 206.05821876146052
-152.83658731964226, 205.803212866244
-152.88966236879116, 205.77173532452923
-152.9836349074469, 205.71602203172745
-153.09015058641535, 205.6620738045233
-153.46544739204126, 205.4371052501294
-154.3070654089786, 204.93273990941148
-154.40595248364377, 204.86300979472261
-154.43484578820437, 204.84264555358047
-154.50135895502797, 204.80281240295767
-155.3574917755899, 204.19490027941333
-155.62652067511067, 204.0037613416789
-155.67864435577462, 203.95957594689418
-155.73548302850634, 203.91142266271754
-155.76664679571888, 203.8893706535521
-156.23881227746494, 203.48806387807292
-156.78632033771157, 203.0229376189628
-156.80284085214623, 203.00581507024188
-156.86667258437308, 202.93963569266054
-156.87696696021135, 202.92892275882275
-156.87752021344193, 202.92847350876184
-157.0407941940398, 202.7598738618377
-157.6754569747609, 202.10362320081248
-157.75378006107326, 202.022349565711
-157.77433780386593, 201.99613135389512
-157.81742870594076, 201.93987992986013
-158.25949178680685, 201.36865323637056
-158.52389879303485, 201.02687418308804
-158.55327429421982, 200.9885106038439
-158.5869532496995, 200.93165931081342
-158.60340884329685, 200.90321680118782
-158.77794952806812, 200.60824375881444
-159.14169613394722, 199.9947161068006
-159.18035049789694, 199.92794138400126
-159.21853994337755, 199.83696123457565
-159.2186718958211, 199.83663794590294
-159.22006579889546, 199.83329252504026
-159.24754463842828, 199.7647690419139
-159.55088818139586, 199.04158640911427
-159.62148975871548, 198.8745033214981
-159.63251235623352, 198.84705850277615
-159.66432459604732, 198.7198416752992
-159.67379418680923, 198.6786428484499
-159.78542983801015, 198.23831142541363
-159.8946112269981, 197.8069276827511
-159.907269377199, 197.7516730332274
-159.92123117612152, 197.58800125495583
-159.9222421061579, 197.5742269470023
-159.9350874800814, 197.42587337275143
-159.94013982799663, 197.35612667095987
-160.00437093909227, 196.60462267114076
-160.00437093909227, 176.8673596322895
-160.00437093909227, 176.15166551782045
-161.3038297751242, 176.15166551782045
-175.20165811526988, 176.15166551782045
-175.20165811526988, -38.75377766698222
-175.20165811526988, -179.51438062475768
-160.00437093909227, -179.51438062475768
-160.00437093909227, -198.13950262258209
-160.00437093909227, -199.9674140720233
-159.99842055378963, -200.03702711225353
-159.9439548979069, -200.78884507366465
-159.942763086808, -200.80260887456382
-159.9318713514474, -200.95096969940082
-159.93057549243326, -200.96615674108165
-159.79433289676558, -201.56090861706642
-159.78416409517342, -201.60109632299987
-159.77375574376845, -201.64214439563207
-159.67242038447534, -202.0830692924867
-159.66944600620877, -202.09496654786204
-159.55169366844837, -202.38809884577086
-159.54507302420495, -202.40376751776463
-159.5165761744081, -202.47171053975435
-159.22587099249017, -203.19664852655066
-159.22573905955085, -203.19696516055365
-159.2243450901948, -203.2003106336376
-159.22072967028566, -203.20892020971615
-158.81349751436426, -203.91246706209301
-158.77870494928288, -203.9711543920811
-158.7619669891044, -203.99943133845258
-158.59097812452728, -204.29496850895652
-158.5877339137827, -204.30045142936132
-158.28339735094232, -204.69791576686973
-158.25773398629678, -204.73108921856652
-158.214681745211, -204.7867178260784
-157.77609109421667, -205.35935765847623
-157.77406691612907, -205.36193573543713
-157.67157021500543, -205.4684606357497
-157.6638372594531, -205.4764952725582
-157.60096098268718, -205.54150758838713
-156.96667910423253, -206.1991174709997
-156.95021653749325, -206.21611718067211
-156.95016071015675, -206.21615905742502
-156.78656948985792, -206.38571151244906
-156.73108910737676, -206.43284034574256
-156.18182434743028, -206.8982754473713
-156.13317977201564, -206.93962343535017
-156.1299613373302, -206.94190249975844
-155.62825392600337, -207.36709186868796
-155.6002002830021, -207.38703026524544
-155.32963035652188, -207.57779691954477
-155.2393650661278, -207.64188719322425
-155.2323209612431, -207.64610218204675
-154.30976975074975, -208.29665723969785
-154.2187869876932, -208.35119120662918
-154.1779754160907, -208.37565100859686
-154.16636521791054, -208.38153382769283
-153.31708776562766, -208.88495612125593
-152.8404895610895, -209.16763903433258
-152.78437718072598, -209.19617785689613
-152.27820466891387, -209.44967560506464
-152.18802097199205, -209.49549770323404
-152.1710141811219, -209.50283556747527
-151.23033325553843, -209.97419226282113
-151.21916696628898, -209.9790060099847
-150.00858943274727, -210.49156032243235
-149.85766360697858, -210.5566361948056
-149.83444430610336, -210.56508711241824
-149.4907787203623, -210.7105475021593
-149.39133109585032, -210.74678084882825
-148.56346486766722, -211.04154628080224
-148.4913205437074, -211.06784183649435
-148.46060232981824, -211.0772297319877
-147.6346091305984, -211.3714483580394
-147.58646683596908, -211.38615495698235
-147.2013269669053, -211.500258211008
-147.06844295739143, -211.54086758951848
-147.04263547255857, -211.54738338825874
-145.79619608308326, -211.91684403592154
-145.78152750804998, -211.92054646691912
-145.67386401947908, -211.95238506631023
-145.51977485633108, -211.9912690529716
-144.34058416235325, -212.277183813839
-144.30636261243876, -212.2858032331914
-143.6759761885835, -212.4385101898302
-143.623056801566, -212.4492676979688
-143.5311995741788, -212.46795624782214
-142.85742202337542, -212.59769445495067
-142.7545237066372, -212.61861793172673
-142.6900667754859, -212.62876975742495
-141.49633625628542, -212.85856215630358
-141.4779169114836, -212.86148520319117
-141.29787910173707, -212.88983919511108
-139.81858723244648, -213.10569525156447
-139.7402552438109, -213.11461200829197
-139.3085856139594, -213.17753256312912
-139.17028749925544, -213.19331133391125
-138.2418371090572, -213.2873459553446
-138.17713488998822, -213.2947018266595
-137.1667126285406, -213.3971676614494
-137.07488230748265, -213.40376020084267
-137.0195290208619, -213.4077539946473
-136.663404549044, -213.42860598669535
-136.51334155940344, -213.43936933224353
-136.44659017800166, -213.44142742986088
-135.070026216487, -213.52181869454773
-135.03380894539634, -213.5229236697729
-134.81132921801816, -213.53585506330109
-134.60540361716926, -213.54216259081403
-133.44903382039126, -213.5610864413809
-133.3334826103095, -213.55990043878367
-132.53345098809427, -213.57289309730018
-132.43568060930988, -213.57190647568146
-131.86005561754007, -213.55709818108838
-131.75144407274524, -213.55598074366216
-130.38597072366997, -213.52091562496378
-130.2577271938802, -213.51432255937678
-130.25658489302702, -213.51426541738513
-130.0540260635173, -213.50386919036941
-130.01525725563476, -213.50026292633785
-128.64706718019886, -213.40731124849233
-128.5483946794467, -213.39813355358334
-127.99967443323919, -213.36091905961152
-127.85178448751435, -213.3471054922638
-127.05131697165405, -213.25808186191458
-126.99857100315728, -213.25318845685095
-125.9236640270284, -213.13374704597229
-125.77525433236417, -213.11348569461296
-125.72527634445453, -213.10668916509707
-125.57987435070675, -213.08684352401494
-125.47278640528612, -213.0690828882035
-125.2112359484156, -213.02902748133255
-123.89170004065477, -212.82714002417174
-123.79932482586196, -212.93087075570023
-123.77972614710757, -212.9508189140662
-123.71846431193705, -213.01296759716934
-123.40006546257757, -213.32817582984575
-123.32943164777771, -213.3998406334333
-123.31769685209736, -213.4095754477171
-122.90099987604901, -213.82225540643125
-122.89776168507308, -213.82500025868183
-122.88325051894219, -213.8393202993273
-122.79255643978627, -213.9147372118425
-122.3308795120754, -214.29166618970132
-122.26853857676804, -214.34352386600418
-122.24841680136672, -214.35755780980455
-121.84355753791112, -214.6878197936017
-121.82775404717927, -214.69879998068436
-121.21653351063651, -215.1162683308605
-121.10937731689773, -215.19099972708943
-121.06025152032248, -215.22525366055456
-121.03296715622321, -215.24133596402712
-120.66790529453169, -215.4907441556291
-120.63101306891326, -215.51251173390472
-120.4495619834845, -215.61715532811203
-120.33056223210224, -215.68736465563043
-119.74770940672101, -216.02368347104692
-119.71534145337603, -216.0428068980591
-119.39990694035316, -216.22475617038202
-119.36407455142785, -216.24272486256606
-119.30435270501823, -216.27265130840917
-119.01660937894803, -216.4133068515215
-118.8724357843231, -216.48563302039688
-118.24336044176255, -216.7934438793667
-118.19865229867935, -216.81249448338033
-117.94116629108566, -216.93846757326145
-117.85694002969433, -216.97436098713112
-117.46051392220068, -217.13865842555222
-117.32560764762388, -217.19618610486805
-116.65462516835316, -217.4744986041246
-116.60098964133135, -217.49383863439914
-116.40894274210166, -217.57352082287434
-116.29873233553872, -217.61328045068623
-115.79186363422173, -217.79034580531498
-115.6679006898222, -217.83509303556124
-115.60658621160906, -217.85364811993318
-114.77750184235515, -218.1433746706274
-114.72268931871463, -218.15994912074243
-114.47704338305789, -218.2315723216635
-114.39377202498679, -218.25673564034554
-114.02189707592436, -218.36513667068442
-113.91053592109097, -218.3988335234717
-113.5392731736523, -218.50713389062997
-113.48050523528013, -218.52181323350132
-113.4705983079898, -218.5242760096504
-113.05817114493368, -218.64438322317713
-112.97968299242757, -218.6639894559095
-112.63673836233215, -218.74606480572467
-112.54779434389172, -218.7682280980866
-112.16165853674852, -218.86048999047583
-112.06423804249687, -218.88480186541892
-111.99026057525839, -218.89962181476588
-111.26266437801485, -219.07328361793768
-111.25210151990109, -219.07539890857308
-110.4115102751656, -219.2352270901765
-110.22250262176999, -219.2731119622508
-110.14159817655377, -219.28931981186938
-110.06261987367975, -219.30153430531573
-109.40228079490203, -219.42711976807655
-109.36877813987815, -219.43227572810864
-108.41539767826498, -219.57008729496644
-108.21609797032863, -219.60089059787643
-108.15483062381804, -219.6103470513736
-107.57406873676325, -219.6941687847463
-107.4903954242933, -219.7034256450746
-107.43107454799804, -219.70997192838885
-107.1926642018442, -219.73403051169223
-106.94769717149188, -219.7611361516462
-106.11647129638982, -219.84504105712074
-106.02899667522922, -219.85101343447045
-105.5396436124696, -219.9003432357551
-105.45128605034336, -219.90637767168886
-105.10580711324553, -219.92666246639095
-104.88018172873421, -219.9420462796604
-104.03838090294596, -219.99142912549354
-103.94669462560853, -219.99389706837138
-103.56320393660121, -220.01639346503836
-103.4420537393296, -220.01961770531463
-102.98129681566775, -220.02765081110846
-102.7812237599544, -220.03302681752734
-101.9329984304079, -220.047690226537
-101.83717413932834, -220.04628585347564
-101.57425996506095, -220.05091290450147
-101.41587290316352, -220.04863889910723
-100.83011130000853, -220.03470501096507
-100.662387324002, -220.03228505001084
-100.59793204854054, -220.02869979213318
-100.56353878598281, -220.02678245596533
-99.58654464639653, -220.00345893416636
-99.38569366757872, -219.99225731041645
-98.66322831457285, -219.94513616026023
-98.53477533660248, -219.93798573107716
-98.43362619462664, -219.92811127054154
-97.61301018990662, -219.87460638242416
-97.60464610363385, -219.8737799640563
-97.57540632215853, -219.87057029829413
-97.33456754951555, -219.84701387889675
-96.49223586580251, -219.75651670254584
-96.40924424186085, -219.74839569093936
-95.76851812558778, -219.67946954967059
-95.66673987281308, -219.6665237646243
-95.46376161735657, -219.63958541094726
-95.40445638831102, -219.63202588842955
-95.40445638831102, -227.12715416430993
-95.40445638831102, -229.31357496069518
-79.87062683325826, -229.31357496069518
-78.97547632554165, -229.31357496069518
-76.81629941555263, -229.31357496069518
-75.51983506153636, -229.31357496069518
-75.19022298987352, -229.31357496069518
-74.58458739684352, -228.88830359398435
-73.47600464471827, -228.1098676705774
-73.47600464471827, -204.9937913428357
-73.47600464471827, -201.95410828199374
-73.47600464471827, -201.03064893718704
-73.47600464471827, -200.60252342625915
-73.47600464471827, -200.36518662683034
-73.47600464471827, -200.2202966287258
-73.47600464471827, -200.1192336690786
-73.47600464471827, -200.05536102840966
-73.47600464471827, -200.01461304560718
-73.47600464471827, -199.98919292533554
-73.47600464471827, -199.9746018859896
-73.47600464471827, -199.9681389569724
-73.47600464471827, -199.9674140720233
-73.33161878845635, -199.9674140720233
-66.14363155894523, -199.9674140720233
-66.14363155894523, -199.9712395695088
-66.14363155894523, -200.00534693887113
-66.14363155894523, -200.0823494816849
-66.14363155894523, -200.2165012616332
-66.14363155894523, -200.43154408455626
-66.14363155894523, -200.76862464688907
-66.14363155894523, -201.301972867851
-66.14363155894523, -202.06661327610703
-66.14363155894523, -203.31913111435375
-66.14363155894523, -205.5785145758994
-66.14363155894523, -210.45196574339465
-66.14363155894523, -223.0578630677394
-61.526716119101366, -220.2753277185938
-58.98783041174852, -218.74518506811705
-56.38096050104673, -217.39904128946657
-51.36347876315642, -214.80809810575587
-51.36347876315642, -214.74582620183259
-51.36347876315642, -208.79510406970704
-51.36347876315642, -205.49624588658213
-51.36347876315642, -203.4823502031048
-51.36347876315642, -202.07762758004162
-51.36347876315642, -201.18983106531857
-51.36347876315642, -200.62345527851534
-51.36347876315642, -200.2701288159696
-51.36347876315642, -200.06732095110254
-51.36347876315642, -199.97748959613898
-51.36347876315642, -199.9674140720233
-49.35659038932101, -199.9674140720233
-44.03110567738338, -199.9674140720233
-44.03110567738338, -199.98059020867538
-44.03110567738338, -200.09806600398406
-44.03110567738338, -200.36328537231896
-44.03110567738338, -200.82534349454136
-44.03110567738338, -201.56601412146514
-44.03110567738338, -202.72701855785212
-44.03110567738338, -204.56402644223
-44.03110567738338, -207.19767253585883
-44.03110567738338, -211.51171175780163
-44.03110567738338, -211.5581932428614
-43.99290316157146, -211.5412819001257
-43.973944913701644, -211.5328895358905
-39.20470705684943, -209.72892128316934
-36.89218832190477, -208.85420911596862
-34.457544876204565, -208.0730580612011
-29.98087240393602, -206.6367255954608
-29.73495957790874, -206.57122246146656
-29.25095288159457, -206.44229890755952
-29.25095288159457, -204.03602149100467
-29.25095288159457, -202.32430110222745
-29.25095288159457, -201.2322975114235
-29.25095288159457, -200.55106470660365
-29.25095288159457, -200.16004001621548
-29.25095288159457, -199.98684023530555
-29.25095288159457, -199.9674140720233
-25.38161239567421, -199.9674140720233
-21.91866789248138, -199.9674140720233
-21.91866789248138, -199.98994081058885
-21.91866789248138, -200.19078469970273
-21.91866789248138, -200.6442201436999
-21.91866789248138, -201.43418330181223
-21.91866789248138, -202.70047963862712
-21.91866789248138, -204.51801474048386
-17.357464566047042, -203.5406879601478
-15.074866544561019, -203.05159681128112
-12.435453426653908, -202.6121503310362
-7.710059415654769, -201.82540052221862
-7.518797672669166, -201.80208415438824
-7.138515096692458, -201.7557246039495
-7.138515096692458, -200.83199947798457
-7.138515096692458, -200.25275871193415
-7.138515096692458, -199.99619083721905
-7.138515096692458, -199.9674140720233
-1.4066291079500388, -199.9674140720233
0.19385798908047036, -199.9674140720233
0.19385798908047036, -199.99929144975545
0.19385798908047036, -200.28350376481563
0.19385798908047036, -200.8817048504247
4.903279828719519, -200.50642575160163
7.325493562860856, -200.3134071140155
9.984188457011555, -200.20950314777764
14.974010784869392, -200.01449681898552
14.974010784869392, -200.00554147638562
14.974010784869392, -199.9674140720233
19.195610750360856, -199.9674140720233
19.195610750360856, -195.80420504587795
19.195610750360856, -190.4765408906124
19.195610750360856, -189.40118436952082
19.195610750360856, -188.15423619605735
19.195610750360856, -187.76594566720743
19.195610750360856, -187.21658162898197
19.195610750360856, -187.0179838314704
19.195610750360856, -186.70959823502443
19.195610750360856, -186.58925780608934
19.195610750360856, -185.00899427221862
20.59066235645537, -185.18205776957006
21.083111334558566, -185.24314865828367
30.142229366757533, -186.3669799507768
Holes:
Exterior:
143.349474236216, -187.36485550922734
145.34472955669133, -187.61502370138862
145.34469243774015, -180.14774163797824
145.34469243774015, -175.6784151551787
145.34472955669133, -165.15666099070208
145.34472955669133, -161.54684974184622
136.97159525112102, -154.6614445590165
135.07017695568243, -153.09791511494515
135.0702351841786, -168.16081759249658
135.07022245109022, -171.57572502074805
142.2220389730171, -177.45665662573424
136.57070851235642, -176.74224046154075
135.07022245109022, -176.5525494146731
135.07010977108928, -184.51594787020503
135.07010977108928, -186.31233774692066
143.349474236216, -187.36485550922734
Holes:
Exterior:
143.349474236216, 184.00209484743212
135.07010977108928, 182.94957748342003
135.07022245109022, 174.60846435688592
135.07022245109022, 173.18983430773588
142.2220389730171, 174.093941518797
136.57070851235642, 169.44684375468972
135.07022245109022, 168.21299884261322
135.0701572208385, 153.13398575154272
135.07017695568243, 149.7351735274872
142.84291975744577, 156.12680745218427
145.34472955669133, 158.18405088852705
145.34469243774015, 172.31568210360726
145.34469243774015, 176.78501755872392
145.34472955669133, 182.34447648310757
145.34472955669133, 184.25228535235198
143.349474236216, 184.00209484743212
Holes:
Exterior:
280.3852679807867, -75.18225198646113
279.6282565628728, -75.11419210708071
267.37588519215353, -74.13098402995638
249.5990940412056, -72.57108082945481
249.59747315234455, -78.4442280985493
249.59744201482022, -78.48159057330969
249.59746016838415, -78.52047949987372
249.59746016838415, -108.20825812429338
249.5996230021313, -113.29313319108148
249.9437368817854, -113.48814848356773
262.3502887234589, -120.5192204543495
262.35529450066286, -113.9337729823788
262.33863132663396, -101.16451987209598
252.23897622887648, -95.44081800268737
252.25757446410728, -95.44238798358347
252.26247476403273, -95.44280164526549
252.26529270354206, -95.44302558747815
252.26729718535142, -95.44318488404578
252.2855155355171, -95.44463269995299
277.7106509774313, -97.72716726646584
279.62781738799794, -97.899280355573
280.3848002914858, -97.96723828828168
280.3819672113079, -85.04239436145886
280.3852679807867, -75.18225198646113
Holes:
Exterior:
280.4297412179461, 197.5098496089596
280.466712027055, 215.105927325601
258.58472153288665, 212.16160804269134
249.6302697122212, 210.9710828761145
249.59985937699406, 205.7706794942403
249.59985937699406, 200.59834960906426
249.5978944031242, 198.43544661154488
249.6000506249236, 197.89598942426218
249.59984322413385, 197.58936231463775
249.5998957386072, 188.37463048451167
251.97240827905017, 188.6971207999179
280.3974088855458, 192.57036348340807
280.4297412179461, 197.5098496089596
Holes:
Exterior:
280.4297412179461, -200.87261115498535
280.3974088855458, -195.93312653588052
271.12228105311897, -194.68861753303202
249.5998957386072, -191.7374223632416
249.60017523862768, -192.01803596516572
249.60009831273476, -192.05055035575216
249.59798752793165, -192.95207694887333
249.5978944031242, -201.7981277851567
249.59985937699406, -209.1334327481502
249.6302697122212, -214.33386108643012
258.58472153288665, -215.52437232806582
280.466712027055, -218.46871872648353
280.4297412179461, -200.87261115498535
Holes:
Exterior:
116.99958190588745, -138.23856776134167
103.5245292073921, -127.15804212378112
126.6501398806056, -112.94187353621011
126.6501398806056, -104.36937329009365
126.65012495864289, -97.72770377869922
114.44629223902814, -105.22986435073112
97.73724075520272, -115.50149455242624
97.73724075520272, -116.93455084470409
97.73719917396716, -122.39907586272585
97.73716817293712, -130.71574414600616
97.73719522277327, -140.87671859140497
106.76607401429362, -148.30117597665713
126.65018581042966, -164.65190391118747
126.65010655705248, -152.31617537391085
126.6501398806056, -146.17414883025305
116.99958190588745, -138.23856776134167
Holes:
Exterior:
116.99958190588745, 115.51164632030358
103.5245292073921, 123.79521257592592
126.6501398806056, 142.8113837647606
126.65020513170873, 153.85379029792566
126.65018581042966, 161.28917728234632
113.72093898015464, 150.65743321900584
97.73719522277327, 137.51397056930404
97.73719808742419, 135.0594392896017
97.73716817293712, 127.35294893757822
97.73719917396716, 119.03630887248517
97.73724075520272, 112.138779445489
103.84628017618695, 108.38334420106509
126.65012495864289, 94.36503848963933
126.65012495864289, 104.29944559070753
126.6501398806056, 109.5791299648386
116.99958190588745, 115.51164632030358
Holes:
Exterior:
60.27332449007088, 53.81743026513912
67.39841579846893, 54.39563127950678
67.39841579846893, 65.66179681530804
67.39840178914085, 77.08876105021635
62.24311396129917, 76.6704065753117
56.327469879340356, 76.19036238085471
56.327469879340356, 69.13860139661831
56.32748811617569, 53.497223191406974
60.27332449007088, 53.81743026513912
Holes:
Exterior:
60.27332449007088, -40.085054407648585
67.39841579846893, -33.94616145145987
67.39838724616504, -22.020016503827073
67.39838724616504, -14.819902559147142
61.97687207365391, -19.491015187298252
56.3274314611341, -24.358407770428244
56.3274314611341, -33.54611133990544
56.32748811617569, -43.484711851775494
60.27332449007088, -40.085054407648585
Holes:
Exterior:
245.09832071129935, 107.37950570376489
248.43669719388268, 109.27133706001933
249.1394395372587, 109.66958575422099
249.2278412404349, 109.71968457721488
249.227841240435, 109.71968457721493
249.22784124043508, 109.71968457721496
249.2278412404352, 109.71968457721499
249.22784124043528, 109.719684577215
249.2278412404354, 109.719684577215
249.22784124043548, 109.719684577215
249.22784124043557, 109.71968457721499
249.22784124043568, 109.71968457721498
249.22784124043577, 109.71968457721493
249.22784124043585, 109.71968457721489
249.22784124043594, 109.71968457721485
249.22784124043602, 109.71968457721479
249.2278412404361, 109.71968457721472
249.22784124043616, 109.71968457721465
249.22784124043622, 109.71968457721457
249.22784124043628, 109.71968457721448
249.2278412404363, 109.7196845772144
249.22784124043636, 109.71968457721431
249.22784124043636, 109.71968457721421
249.2278412404364, 109.71968457721411
249.2278412404364, 109.71968457721401
249.2278398665451, 106.63202482488082
249.2278398665451, 72.79014652447675
249.22784468389162, 72.76692318650325
249.22784618455646, 72.74382365927721
249.2278412695094, 69.17570989323846
249.2278412695094, 69.17570989323836
249.22784126950938, 69.17570989323826
249.22784126950938, 69.17570989323816
249.22784126950933, 69.17570989323808
249.2278412695093, 69.175709893238
249.22784126950924, 69.17570989323791
249.22784126950918, 69.17570989323782
249.22784126950913, 69.17570989323775
249.22784126950904, 69.17570989323768
249.22784126950896, 69.17570989323762
249.22784126950887, 69.17570989323758
249.2278412695088, 69.17570989323754
249.2278412695087, 69.1757098932375
249.2278412695086, 69.17570989323748
249.2278412695085, 69.17570989323747
248.43669719388325, 69.10933984628758
239.33305123183058, 68.36043195313842
226.90875613087834, 67.34496089632707
217.59587930504935, 66.58379442406952
217.59587930504935, -69.94658582495207
239.33305123183058, -71.72316305338867
248.43669719388325, -72.47205495322481
249.2278412695085, -72.53842735014757
249.2278412695086, -72.53842735014759
249.2278412695087, -72.5384273501476
249.2278412695088, -72.53842735014764
249.22784126950887, -72.53842735014769
249.22784126950896, -72.53842735014773
249.22784126950904, -72.53842735014778
249.22784126950913, -72.53842735014786
249.22784126950918, -72.53842735014793
249.22784126950924, -72.53842735014801
249.2278412695093, -72.5384273501481
249.22784126950933, -72.53842735014818
249.22784126950938, -72.53842735014827
249.22784126950938, -72.53842735014837
249.2278412695094, -72.53842735014847
249.2278412695094, -72.53842735014857
249.2278398665451, -76.15286163141398
249.2278398665451, -109.99477199110387
249.2278404621687, -112.95563233723763
249.2278412404364, -113.0824378311239
249.2278412404364, -113.082437831124
249.22784124043636, -113.0824378311241
249.22784124043636, -113.0824378311242
249.2278412404363, -113.08243783112428
249.22784124043628, -113.08243783112437
249.22784124043622, -113.08243783112445
249.22784124043616, -113.08243783112454
249.2278412404361, -113.08243783112461
249.22784124043602, -113.08243783112468
249.22784124043594, -113.08243783112474
249.22784124043585, -113.08243783112478
249.22784124043577, -113.08243783112482
249.22784124043568, -113.08243783112486
249.22784124043557, -113.08243783112488
249.22784124043548, -113.08243783112489
249.2278412404354, -113.08243783112489
249.22784124043528, -113.08243783112489
249.2278412404352, -113.08243783112488
249.22784124043508, -113.08243783112485
249.227841240435, -113.08243783112482
249.2278412404349, -113.08243783112476
248.43669719388268, -112.63408796186653
245.09832071129935, -110.74225538061876
245.09832071129935, -177.36960523413128
248.43670769362055, -176.24428131546802
249.13943953725888, -176.00739424821538
249.22784124043503, -175.97759417907747
249.2278412404351, -175.97759417907744
249.22784124043523, -175.9775941790774
249.2278412404353, -175.9775941790774
249.22784124043542, -175.9775941790774
249.2278412404355, -175.9775941790774
249.22784124043562, -175.97759417907744
249.2278412404357, -175.97759417907747
249.2278412404358, -175.97759417907753
249.22784124043588, -175.97759417907756
249.22784124043596, -175.97759417907764
249.22784124043605, -175.9775941790777
249.2278412404361, -175.97759417907776
249.22784124043616, -175.97759417907784
249.22784124043622, -175.97759417907793
249.22784124043625, -175.977594179078
249.2278412404363, -175.97759417907812
249.2278412404363, -175.9775941790782
249.22784124043633, -175.97759417907832
249.22784124043633, -175.9775941790784
249.22784124043633, -191.28925367589525
249.2278404621687, -191.41506236573179
249.2278404621687, -191.41506236573187
249.2278404621687, -191.41506236573198
249.22784046216867, -191.41506236573207
249.22784046216864, -191.41506236573215
249.2278404621686, -191.41506236573224
249.22784046216853, -191.41506236573233
249.2278404621685, -191.4150623657324
249.22784046216842, -191.41506236573247
249.22784046216836, -191.41506236573255
249.22784046216827, -191.4150623657326
249.2278404621682, -191.41506236573267
249.2278404621681, -191.4150623657327
249.22784046216802, -191.41506236573272
248.65605996911512, -191.60781019018697
248.65703743596922, -191.6079527374365
248.678032625361, -191.6110145358895
249.22778281201894, -191.68654105958075
249.22778281201903, -191.68654105958078
249.22778281201911, -191.6865410595808
249.22778281201923, -191.68654105958083
249.2277828120193, -191.6865410595809
249.22778281201937, -191.68654105958092
249.22778281201946, -191.68654105958097
249.2277828120195, -191.68654105958106
249.2277828120196, -191.68654105958112
249.22778281201965, -191.6865410595812
249.22778281201968, -191.6865410595813
249.22778281201974, -191.68654105958137
249.22778281201977, -191.68654105958146
249.2277828120198, -191.68654105958154
249.2277828120198, -191.68654105958166
249.2277828120198, -191.68654105958174
249.2278404621687, -200.95967339650736
249.2278409818459, -201.0188970605994
249.2278409818459, -201.0188970605995
249.22784098184587, -201.01889706059958
249.22784098184587, -201.01889706059967
249.22784098184582, -201.01889706059978
249.2278409818458, -201.01889706059987
249.22784098184573, -201.01889706059995
249.22784098184567, -201.01889706060004
249.2278409818456, -201.0188970606001
249.22784098184553, -201.01889706060018
249.22784098184545, -201.01889706060024
249.22784098184536, -201.01889706060027
249.22784098184525, -201.01889706060032
249.22784098184516, -201.01889706060035
249.22784098184508, -201.01889706060038
249.22784098184496, -201.01889706060038
249.22784098184488, -201.01889706060038
249.22784098184476, -201.01889706060038
248.43669719388302, -200.91345711245592
245.09832071129935, -200.47453992651663
245.09832071129935, -207.09220044897643
245.09832071129935, -207.09220044897654
245.09832071129932, -207.09220044897663
245.09832071129932, -207.0922004489767
245.09832071129927, -207.09220044897683
245.09832071129924, -207.0922004489769
245.09832071129918, -207.092200448977
245.09832071129912, -207.09220044897708
245.09832071129904, -207.09220044897714
245.09832071129898, -207.09220044897722
245.0983207112989, -207.09220044897728
245.0983207112988, -207.0922004489773
245.0983207112987, -207.09220044897737
245.0983207112986, -207.0922004489774
245.09832071129853, -207.09220044897742
245.0983207112984, -207.09220044897742
245.09832071129833, -207.09220044897742
245.09832071129821, -207.09220044897742
244.44506436496474, -207.006936247922
211.70473499921488, -202.7339017775663
204.79589151207946, -201.83226697729773
204.79589151207938, -201.8322669772977
204.7958915120793, -201.83226697729768
204.79589151207918, -201.83226697729765
204.7958915120791, -201.8322669772976
204.79589151207904, -201.83226697729756
204.79589151207895, -201.8322669772975
204.7958915120789, -201.83226697729742
204.7958915120788, -201.83226697729737
204.79589151207875, -201.83226697729728
204.79589151207873, -201.8322669772972
204.79589151207867, -201.8322669772971
204.79589151207864, -201.83226697729702
204.7958915120786, -201.83226697729694
204.7958915120786, -201.83226697729683
204.7958915120786, -201.83226697729674
204.7958915120786, -195.22116773413356
196.02059908315255, -194.09212264156085
181.65786554179806, -192.2441567463446
174.69960855309623, -191.34886853979788
174.69960855309623, -197.95546644018737
174.69960855309623, -197.95546644018745
174.6996085530962, -197.95546644018756
174.6996085530962, -197.95546644018765
174.69960855309614, -197.95546644018776
174.6996085530961, -197.95546644018785
174.69960855309606, -197.95546644018793
174.699608553096, -197.955466440188
174.69960855309594, -197.95546644018808
174.69960855309586, -197.95546644018813
174.69960855309577, -197.9554664401882
174.6996085530957, -197.95546644018825
174.6996085530956, -197.9554664401883
174.69960855309552, -197.95546644018833
174.6996085530954, -197.95546644018836
174.69960855309532, -197.95546644018836
174.6996085530952, -197.95546644018836
174.69960855309512, -197.95546644018836
169.35121353091438, -197.2716746666522
164.94262094319413, -196.7080484789209
163.60463005891745, -196.53752721653805
158.76783168947372, -195.91905896197682
155.498406160517, -195.50231092261023
155.4984061605169, -195.5023109226102
155.4984061605168, -195.5023109226102
155.4984061605167, -195.50231092261015
155.49840616051662, -195.50231092261012
155.49840616051654, -195.50231092261006
155.49840616051645, -195.50231092261
155.4984061605164, -195.50231092260995
155.49840616051634, -195.50231092260987
155.49840616051628, -195.50231092260978
155.49840616051623, -195.5023109226097
155.49840616051617, -195.5023109226096
155.49840616051614, -195.50231092260952
155.4984061605161, -195.50231092260944
155.4984061605161, -195.50231092260933
155.4984061605161, -195.50231092260924
155.4984061605161, 192.13963396264467
155.4984061605161, 192.13963396264475
155.4984061605161, 192.13963396264487
155.49840616051614, 192.13963396264495
155.49840616051617, 192.13963396264504
155.49840616051623, 192.13963396264512
155.49840616051628, 192.1396339626452
155.49840616051634, 192.1396339626453
155.4984061605164, 192.13963396264538
155.49840616051645, 192.13963396264543
155.49840616051654, 192.1396339626455
155.49840616051662, 192.13963396264555
155.4984061605167, 192.13963396264558
155.4984061605168, 192.13963396264563
155.4984061605169, 192.13963396264563
155.498406160517, 192.13963396264566
158.76783168947372, 192.55635427057496
163.60463005891745, 193.17482412398667
164.94262094319413, 193.34533337198366
169.35121353091438, 193.90895955971496
174.69960855309512, 194.59275133325113
174.6996085530952, 194.59275133325113
174.69960855309532, 194.59275133325113
174.6996085530954, 194.59275133325113
174.69960855309552, 194.5927513332511
174.6996085530956, 194.59275133325107
174.6996085530957, 194.59275133325102
174.69960855309577, 194.59275133325096
174.69960855309586, 194.5927513332509
174.69960855309594, 194.59275133325085
174.699608553096, 194.59275133325076
174.69960855309606, 194.5927513332507
174.6996085530961, 194.59275133325062
174.69960855309614, 194.59275133325053
174.6996085530962, 194.59275133325042
174.6996085530962, 194.59275133325033
174.69960855309623, 194.59275133325022
174.69960855309623, 194.59275133325013
174.69960855309623, 187.98607713891533
181.65786554179806, 188.88140062358508
196.02059908315255, 190.72942343615566
204.7958915120786, 191.85849077416898
204.7958915120786, 198.4694755764142
204.7958915120786, 198.46947557641428
204.7958915120786, 198.4694755764144
204.79589151207864, 198.46947557641448
204.79589151207867, 198.46947557641457
204.79589151207873, 198.46947557641465
204.79589151207875, 198.46947557641474
204.7958915120788, 198.46947557641482
204.7958915120789, 198.46947557641488
204.79589151207895, 198.46947557641496
204.79589151207904, 198.46947557641502
204.7958915120791, 198.46947557641505
204.79589151207918, 198.4694755764151
204.7958915120793, 198.46947557641514
204.79589151207938, 198.46947557641516
204.79589151207946, 198.4694755764152
211.70473499921488, 199.37114365307085
244.44506436496474, 203.64418600688143
245.09832071129821, 203.72944719506754
245.09832071129833, 203.72944719506754
245.0983207112984, 203.72944719506754
245.09832071129853, 203.72944719506754
245.0983207112986, 203.7294471950675
245.0983207112987, 203.72944719506748
245.0983207112988, 203.72944719506742
245.0983207112989, 203.7294471950674
245.09832071129898, 203.72944719506734
245.09832071129904, 203.72944719506725
245.09832071129912, 203.7294471950672
245.09832071129918, 203.7294471950671
245.09832071129924, 203.72944719506702
245.09832071129927, 203.72944719506694
245.09832071129932, 203.72944719506683
245.09832071129932, 203.72944719506674
245.09832071129935, 203.72944719506665
245.09832071129935, 203.72944719506654
245.09832071129935, 197.11178667260674
248.43669719388302, 197.55077544836595
249.10562629701607, 197.6397559428014
249.22784098184476, 197.6562196385338
249.22784098184488, 197.6562196385338
249.22784098184496, 197.6562196385338
249.22784098184508, 197.6562196385338
249.22784098184516, 197.65621963853377
249.22784098184525, 197.65621963853374
249.22784098184536, 197.65621963853368
249.22784098184545, 197.65621963853366
249.22784098184553, 197.6562196385336
249.2278409818456, 197.6562196385335
249.22784098184567, 197.65621963853346
249.22784098184573, 197.65621963853337
249.2278409818458, 197.6562196385333
249.22784098184582, 197.6562196385332
249.22784098184587, 197.6562196385331
249.22784098184587, 197.656219638533
249.2278409818459, 197.65621963853292
249.2278409818459, 197.6562196385328
249.2277836222497, 188.43063809475868
249.22778309204418, 188.38768082521568
249.2277828120198, 188.3237498991453
249.2277828120198, 188.3237498991452
249.2277828120198, 188.3237498991451
249.22778281201977, 188.323749899145
249.22778281201974, 188.32374989914493
249.22778281201968, 188.32374989914484
249.22778281201965, 188.32374989914476
249.2277828120196, 188.32374989914467
249.2277828120195, 188.32374989914462
249.22778281201946, 188.32374989914453
249.22778281201937, 188.32374989914447
249.2277828120193, 188.32374989914445
249.22778281201923, 188.3237498991444
249.22778281201911, 188.32374989914436
249.22778281201903, 188.32374989914433
249.22778281201894, 188.3237498991443
248.678032625361, 188.24822313500695
248.67708958746246, 188.2480888830839
248.65605996911515, 188.24509508324974
249.1394395372595, 188.08214783524366
249.22784046216802, 188.0523472587955
249.2278404621681, 188.05234725879546
249.2278404621682, 188.05234725879544
249.22784046216827, 188.05234725879538
249.22784046216836, 188.05234725879532
249.22784046216842, 188.05234725879524
249.2278404621685, 188.05234725879518
249.22784046216853, 188.0523472587951
249.2278404621686, 188.052347258795
249.22784046216864, 188.05234725879492
249.22784046216867, 188.05234725879484
249.2278404621687, 188.05234725879475
249.2278404621687, 188.05234725879464
249.2278404621687, 188.05234725879455
249.2278404621687, 172.71601839871076
249.2278412404364, 172.61484092516852
249.2278412404364, 172.61484092516844
249.22784124043636, 172.61484092516832
249.22784124043636, 172.61484092516824
249.2278412404363, 172.61484092516812
249.22784124043628, 172.61484092516804
249.22784124043622, 172.61484092516795
249.22784124043616, 172.61484092516787
249.2278412404361, 172.6148409251678
249.22784124043602, 172.61484092516775
249.22784124043594, 172.61484092516767
249.22784124043585, 172.61484092516764
249.22784124043577, 172.61484092516758
249.22784124043568, 172.61484092516756
249.22784124043557, 172.61484092516753
249.22784124043548, 172.61484092516753
249.22784124043537, 172.61484092516753
249.22784124043528, 172.61484092516753
249.22784124043517, 172.61484092516756
249.22784124043508, 172.61484092516758
248.43670769362055, 172.88153041350824
245.09832071129935, 174.00689012719405
245.09832071129935, 107.37950570376489
Holes:
Exterior:
104.43059610192336, -1.681357553468614
126.65010961207793, 21.068813062772477
126.65013296677876, 33.38634583402746
126.65011230800224, 42.94623616796346
114.46302457293336, 30.46806156770113
97.73722250939738, 13.342766089793955
97.73722250939738, 11.313279348345834
97.7372018621844, 4.295689494683654
97.7372018621844, -7.658449345355521
97.73722250939738, -16.705550413178376
103.94991207161524, -23.066619869793996
126.65011230800224, -46.308977134976736
126.65008425882672, -32.0353744997142
126.65010961207793, -24.4315281697097
117.25479781713682, -14.811839500339216
104.43059610192336, -1.681357553468614
Holes:
Exterior:
120.31337349572163, 171.32432367213283
126.6501852247776, 172.12539996780922
126.65008768497478, 190.97792737132858
126.65008768497478, 195.10298586953735
110.99780871375094, 193.18107964145003
106.53448728375668, 192.56709982075827
97.74255326931052, 191.46964929819376
97.7425570970845, 178.4590813964752
97.74255758887364, 178.24264041485137
97.73725944690045, 178.27475053151986
97.73724660805442, 172.85426261084794
97.73722913993174, 168.470325450221
120.31337349572163, 171.32432367213283
Holes:
Exterior:
252.2855155355171, 92.08191759301576
252.26729718535142, 92.08040945144575
252.26247476403273, 92.08001024438295
252.25757446410728, 92.07961249276562
252.23897622887648, 92.07810289575013
262.33863132663396, 97.801813614228
262.3352179289934, 102.28481645296448
262.3502887234589, 117.15644203513969
259.86040464237186, 115.74538992762618
249.5996230021313, 109.9303799371716
249.60031993459933, 109.7312587554927
249.59746016838415, 104.84551489338294
249.59746016838415, 75.15776439293649
249.5990940412056, 69.20836572251758
279.9326607276146, 71.77843733740897
280.3852277276958, 71.81913684821147
280.3855705077396, 72.33423507820211
280.38285581154776, 78.9063558069344
280.3870626712262, 93.64696853936555
280.3848002914858, 94.60452318134445
279.62781738799794, 94.53656524863577
277.7106509774313, 94.36445215952861
252.2855155355171, 92.08191759301576
Holes:
Exterior:
119.80512693064475, 58.6484253681037
126.65012265121709, 59.20390601495046
126.65008768497478, 77.8353655738636
126.65008768497478, 81.89697570888225
108.1353359426056, 80.39449579263456
97.73725019379367, 79.55070674997208
97.73725019379367, 67.39196287412899
97.73725944690045, 56.85762105726072
119.80512693064475, 58.6484253681037
Holes:
Exterior:
135.07014816888045, 29.68994302923386
142.78731324567138, 37.591477227197686
145.34472553701028, 40.20997114072511
145.34470490668838, 59.35455446002521
145.3447099906797, 81.02133107938907
145.3447099906797, 83.95521745722111
145.34472955669133, 95.11461005277086
145.34472955669133, 98.08685044411378
136.97159525112102, 103.23418780147948
135.07017695568243, 104.40305291592588
135.07017695568243, 92.70933382407117
135.0701572208385, 89.18895579492047
144.5670096761421, 83.35091478539857
136.97159525112102, 82.73455826788424
135.0701572208385, 82.58024279486267
135.07019411936324, 63.817265894574426
135.07019411936324, 59.88718721350335
143.89531778161086, 60.60334093285951
136.86057450010935, 53.40058211394383
135.07019833063885, 51.56743475319676
135.07016170652867, 33.72036755464739
135.07014816888045, 29.68994302923386
Holes:
Exterior:
135.07014816888045, -33.05265813617109
135.07018331365668, -50.03789904177737
135.07019833063885, -54.93016309385628
143.89531778161086, -63.96605603979674
136.86057450010935, -63.39517811669969
135.07019411936324, -63.24990232044058
135.0701572208385, -81.7686983545771
135.0701572208385, -85.94290967515704
144.5670096761421, -86.71355359839049
136.97159525112102, -91.382750014343
135.0701572208385, -92.5516086415636
135.0701572208385, -104.96724518751701
135.07017695568243, -107.7657651832514
142.84291975744577, -102.98760245305166
145.34472955669133, -101.44964929743294
145.3447099906797, -87.31786712588465
145.3447099906797, -84.3839753202168
145.34470490668838, -62.71726956696244
145.34472955669133, -47.846687329503055
145.34472553701028, -43.57268624766234
137.00576785442956, -35.03450522180911
135.07014816888045, -33.05265813617109
Holes:
Exterior:
119.3736657125495, -84.66914065319591
126.65008768497478, -85.25961452187417
126.65012265121709, -66.50235154352026
126.65012265121709, -62.56662112188769
108.1353359426056, -61.064159779945314
97.73725944690045, -60.22037077244575
97.73725944690045, -72.61944801275797
97.73725019379367, -82.91338644066074
119.3736657125495, -84.66914065319591
Holes:
Exterior:
56.3274314611341, 20.995692663491
63.133089502497796, 15.13204440319736
67.39838724616504, 11.457187452209936
67.39841579846893, 20.952517680059078
67.39841579846893, 30.583370050577333
61.97687207365391, 35.25450552469697
56.32748811617569, 40.12194717253216
56.32748811617569, 33.423072713801
56.3274314611341, 20.995692663491
Holes:
Exterior:
56.3274314611341, 173.0750489469038
56.3274314611341, 168.37260464916568
56.32747928734511, 163.23544430391067
60.251808662757526, 163.73154340786084
67.3984089580623, 164.63499011147803
67.3984089580623, 169.47676250284178
67.39841579846893, 174.45482472032995
61.97687207365391, 173.7764664827459
56.3274314611341, 173.0750489469038
Holes:
Exterior:
56.3274314611341, -148.2659438821753
56.32747928734511, -156.17174179675635
60.49893402539817, -153.60745603823335
67.39841628167483, -149.36609012674177
67.39842492466971, -139.25319894717614
67.39842949058527, -134.15193148802746
61.69278583187736, -137.65939698813278
56.3274677848666, -140.9575559281272
56.3274314611341, -148.2659438821753
Holes:
Exterior:
56.3274314611341, 94.58660123762702
56.327469879340356, 84.98503632830463
59.83955409880957, 87.87303318221586
67.39840876041194, 94.08869236378321
67.39841958939644, 105.98785673397578
67.39842949058527, 112.56635517652897
61.69278583187736, 107.8746083429277
56.3274677848666, 103.46276983918003
56.3274314611341, 94.58660123762702
Holes:
Exterior:
56.3274314611341, -176.43776555129867
61.720242201111546, -177.11247592073585
67.39841579846893, -177.81755903587933
67.39841579846893, -172.96418750891306
67.3984089580623, -167.99778187328172
61.99001675861598, -167.31409222622906
56.32747928734511, -166.59826056446457
56.32747928734511, -170.0079681042527
56.3274314611341, -176.43776555129867
Holes:
Exterior:
56.3274677848666, -106.82552355330189
63.6054037252286, -112.81015876848073
67.39842949058527, -115.92912107705408
67.39842310268682, -106.74125583596971
67.39840876041194, -97.45136727631538
62.24311396129917, -93.21215298991659
56.327469879340356, -88.34769884923719
56.327492544542224, -94.50361584082756
56.3274677848666, -106.82552355330189
Holes:
Exterior:
56.327469879340356, -79.55304860972788
59.83204248434197, -79.83739909540814
67.39840178914085, -80.45139986320827
67.39840178914085, -69.73159855766096
67.39841579846893, -57.75838480366828
61.97687207365391, -57.31842361492455
56.32748811617569, -56.85998787065029
56.32748811617569, -64.8081791280262
56.327469879340356, -79.55304860972788
Holes:
Exterior:
56.3274677848666, 137.5948210573857
63.6054037252286, 133.1208227547046
67.39842949058527, 130.78915283732363
67.39842281206427, 138.7083049087497
67.39841628167483, 146.00330020018268
61.99001675861598, 149.32799179697412
56.32747928734511, 152.8089653981064
56.32750425214715, 147.1497093507721
56.3274677848666, 137.5948210573857
Holes:
Exterior:
262.35474525398314, 173.43801425461587
262.3467603411326, 183.6299490427875
260.64979393157347, 184.20199435414995
249.60018097469322, 187.92683086812116
249.60018097469322, 172.65638910156247
249.5996230021313, 172.48951390312374
249.94311478971747, 172.3737214594024
262.35031642635624, 168.19124850192134
262.35474525398314, 173.43801425461587
Holes:
Exterior:
262.3429810876314, -182.51736997761404
262.35031642635624, -171.55396360885857
259.86040464237186, -172.39333967406915
249.5996230021313, -175.85226715703362
249.60018097469322, -176.01914194264293
249.60018097469322, -191.2895459750584
249.94358477061235, -191.1737855908392
262.3467603411326, -186.992675214276
262.3429810876314, -182.51736997761404
Holes:
Exterior:
97.74255760341275, -181.6252157812878
97.73725944690138, -181.63750378543014
97.73725944690133, -181.63750378543023
97.73725944690128, -181.6375037854303
97.73725944690122, -181.6375037854304
97.73725944690115, -181.63750378543045
97.73725944690108, -181.6375037854305
97.73725944690099, -181.63750378543057
97.73725944690092, -181.63750378543062
97.73725944690082, -181.63750378543068
97.73725944690074, -181.6375037854307
97.73725944690064, -181.63750378543074
97.73725944690054, -181.63750378543074
97.73725944690044, -181.63750378543074
97.73725944690035, -181.63750378543074
97.73725944690025, -181.6375037854307
97.73725944690015, -181.6375037854307
97.73725944690007, -181.63750378543065
97.73725944689997, -181.63750378543062
97.7372594468999, -181.63750378543057
97.73725944689981, -181.6375037854305
97.73725944689974, -181.63750378543045
97.73725944689967, -181.63750378543037
97.73725944689961, -181.63750378543028
97.73725944689957, -181.63750378543023
97.73725944689953, -181.6375037854301
97.7372594468995, -181.63750378543003
97.73725944689947, -181.63750378542994
97.73725944689946, -181.63750378542983
97.73725944689946, -181.63750378542974
97.73724160756242, -177.15828673602542
97.73722913993075, -171.8330914850996
97.73722913993075, -171.8330914850995
97.73722913993076, -171.8330914850994
97.73722913993079, -171.83309148509932
97.73722913993082, -171.8330914850992
97.73722913993086, -171.83309148509912
97.73722913993092, -171.83309148509903
97.73722913993097, -171.83309148509895
97.73722913993105, -171.8330914850989
97.73722913993112, -171.8330914850988
97.7372291399312, -171.83309148509875
97.73722913993129, -171.83309148509872
97.73722913993137, -171.83309148509866
97.73722913993147, -171.83309148509863
97.73722913993157, -171.8330914850986
97.73722913993167, -171.8330914850986
97.73722913993177, -171.8330914850986
97.73722913993187, -171.8330914850986
107.89075590482516, -173.11659750903218
126.65018522477773, -175.48810899849357
126.65018522477783, -175.4881089984936
126.65018522477791, -175.48810899849363
126.650185224778, -175.48810899849366
126.6501852247781, -175.4881089984937
126.65018522477817, -175.48810899849374
126.65018522477826, -175.4881089984938
126.65018522477833, -175.48810899849389
126.65018522477838, -175.48810899849394
126.65018522477844, -175.48810899849403
126.65018522477848, -175.4881089984941
126.65018522477853, -175.4881089984942
126.65018522477855, -175.48810899849428
126.65018522477858, -175.48810899849437
126.6501852247786, -175.48810899849448
126.6501852247786, -175.48810899849457
126.6501852247786, -179.1592710131035
126.65008768497577, -198.4658085898489
126.65008768497577, -198.46580858984902
126.65008768497576, -198.4658085898491
126.65008768497573, -198.4658085898492
126.6500876849757, -198.4658085898493
126.65008768497566, -198.4658085898494
126.6500876849756, -198.46580858984947
126.65008768497555, -198.46580858984956
126.65008768497547, -198.46580858984962
126.6500876849754, -198.4658085898497
126.65008768497532, -198.46580858984976
126.65008768497523, -198.4658085898498
126.65008768497515, -198.46580858984984
126.65008768497505, -198.46580858984987
126.65008768497495, -198.4658085898499
126.65008768497485, -198.4658085898499
126.65008768497475, -198.4658085898499
126.65008768497465, -198.4658085898499
120.45761760573087, -197.69176412013445
97.74255326931039, -194.8324160278096
97.74255326931029, -194.83241602780956
97.7425532693102, -194.83241602780953
97.74255326931012, -194.8324160278095
97.74255326931002, -194.83241602780947
97.74255326930995, -194.83241602780942
97.74255326930987, -194.83241602780936
97.7425532693098, -194.83241602780927
97.74255326930974, -194.83241602780922
97.74255326930968, -194.83241602780913
97.74255326930964, -194.83241602780905
97.7425532693096, -194.83241602780896
97.74255326930957, -194.83241602780888
97.74255326930954, -194.8324160278088
97.74255326930952, -194.83241602780868
97.74255326930952, -194.8324160278086
97.74256348061934, -189.65256855054722
97.74255760341275, -181.6252157812878
Holes:
