Exterior:
13.388667387446958, 10.762274309585488
-7.270816791995458, 10.762274309585488
-12.476688101843138, 10.762274309585488
-12.476688101843138, 5.168323047884529
-12.476688101843138, -11.637780622055137
13.083761868974761, -11.637780622055137
13.388667387446958, -11.637780622055137
13.388667387446958, -11.437303957566284
13.388667387446958, 10.762274309585488
Holes:
Exterior:
13.388667387446958, 74.01240680617204
11.961620548639075, 73.981669466316
0.4567290119121026, 73.79325734965416
-5.504586699451238, 73.65984573036322
-10.77698098898236, 73.5973120833406
-12.476688101843138, 73.57327633660871
-12.476688101843138, 72.15080030683345
-12.476688101843138, 70.16349996514188
-12.476688101843138, 60.736853721848
-12.476688101843138, 53.13882787782214
-12.476688101843138, 50.60966524756374
-4.002853329283198, 50.78095776817052
13.388667387446958, 51.13251494396069
13.388667387446958, 61.01969343660745
13.388667387446958, 61.198896463617736
13.388667387446958, 73.65077556567651
13.388667387446958, 73.86154302063835
13.388667387446958, 74.01240680617204
Holes:
Exterior:
13.388667387446958, 25.014011479000104
0.8800145259212968, 27.827488851635945
-11.73481143079789, 30.664846941421427
13.388667387446958, 36.81227342418115
13.388667387446958, 50.88909515583248
13.388667387446958, 51.06288748827929
-4.184093468304127, 46.76298120934514
-12.476688101843138, 44.733853286527015
-12.476688101843138, 37.25799832555905
-12.476688101843138, 30.831715846285608
-12.476688101843138, 30.65884032984448
-12.476688101843138, 30.483318768586432
-12.476688101843138, 16.796251304712058
12.562694949967408, 11.164301417126294
13.388667387446958, 10.97852066658675
13.388667387446958, 24.772928711634513
13.388667387446958, 25.014011479000104
Holes:
Exterior:
13.388667387446958, -74.52635603460587
13.388667387446958, -62.074402776087375
13.388667387446958, -52.037991439294785
13.388667387446958, -52.008020818459826
13.10383652203609, -52.0022627636682
-12.476688101843138, -51.48513460001088
-12.476688101843138, -56.611975051185844
-12.476688101843138, -61.61236003431764
-12.476688101843138, -71.03906241746856
-12.476688101843138, -73.02636622153594
-12.476688101843138, -74.44884938381128
-5.5051995161256855, -74.53537591606833
0.4553383673439839, -74.66878304427911
11.961378413750936, -74.85723919170371
13.184402478188304, -74.88394090323813
13.388667387446958, -74.88798839876398
13.388667387446958, -74.7371238567775
13.388667387446958, -74.52635603460587
Holes:
Exterior:
13.388667387446958, -37.68777973665079
0.8800145259212968, -34.62705616325979
-11.73481143079789, -31.540353253891073
13.388667387446958, -25.88951779146975
13.388667387446958, -12.371337316836124
13.388667387446958, -11.854026979056401
-3.997899297220556, -15.764677336639215
-12.476688101843138, -17.671757617181704
-12.476688101843138, -24.980224345040153
-12.476688101843138, -31.35882508105608
-12.476688101843138, -31.534346642314127
-12.476688101843138, -31.70722402400424
-12.476688101843138, -45.60939540193942
13.12046386478437, -51.87276745332217
13.388667387446958, -51.93839422500822
13.388667387446958, -37.93057279522593
13.388667387446958, -37.68777973665079
Holes:
Exterior:
-21.88857495380762, -38.28223397578069
-21.88854335213523, -33.89724557364176
-21.88854335213523, -29.055858896440007
-21.88857495380762, -19.78871373340112
-27.436939375814518, -21.03667221217633
-30.231986531851135, -21.665332777586375
-41.62220156751664, -24.227273419906698
-42.04334066307524, -24.124165982901992
-43.06196207836729, -23.874916586182216
-43.27032605957811, -23.823933196395696
-43.78150758078664, -23.698853628533453
-43.78150784811646, -24.510303823553112
-43.78150784811646, -37.94941274339285
-43.78150358697894, -38.282871928034176
-43.78150358697894, -38.74861985520604
-43.06196207836729, -38.586782464401985
-42.07966006361039, -38.36583848338326
-42.04334066307524, -38.3747305580973
-30.231986531851135, -41.264884689411204
-21.88853469258538, -43.306449953227535
-21.88857495380762, -38.28223397578069
Holes:
Exterior:
-21.88857495380762, 10.762274309585488
-27.436939375814518, 10.762274309585488
-30.231986531851135, 10.762274309585488
-35.238462765056056, 10.762274309585486
-43.06196207836729, 10.762274309585486
-43.27032605957811, 10.762274309585486
-43.78150758078664, 10.762274309585486
-43.78150758078664, -10.890207618006592
-43.78150758078664, -11.63778062205514
-43.06196207836729, -11.63778062205514
-35.238462765056056, -11.63778062205514
-30.231986531851135, -11.637780622055137
-21.88857495380762, -11.637780622055137
-21.88857495380762, -3.740402833169353
-21.88857495380762, 10.762274309585488
Holes:
Exterior:
-21.88857495380762, 60.55441525687535
-26.37640318017202, 60.474688938829686
-30.231986531851135, 60.39976753621315
-35.238462765056056, 60.31479998626789
-43.06196207836729, 60.16866791100868
-43.31808352793678, 60.16447386587418
-43.78150358697894, 60.15629090446196
-43.78150358697894, 59.815609280858645
-43.78150358697894, 49.97934097963656
-43.06196207836729, 49.99299109151057
-42.04334066307524, 50.0127907033769
-41.93198476892917, 50.015040794993936
-40.330641763150425, 50.04735330244517
-29.885637564091894, 50.25571499834153
-21.888521437942245, 50.41978938692557
-21.888559872361157, 53.81421942997355
-21.88857495380762, 60.55441525687535
Holes:
Exterior:
-21.88857495380762, 23.861569497178102
-21.88854335213523, 28.18035258397036
-21.88854335213523, 33.02171334160322
-21.88853469258538, 42.430894561759516
-27.483715325552566, 41.06180748047901
-30.231986531851135, 40.38933115895234
-42.04334066307524, 37.499147951682346
-42.07966006361039, 37.490255876968305
-43.06196207836729, 37.71119985798703
-43.272364208092085, 37.75852257829031
-43.78150358697894, 37.873039780497635
-43.78150784811646, 37.07383448130777
-43.78150784811646, 23.634797511083466
-43.78150358697894, 23.29623477860884
-43.78150758078664, 22.823347316063806
-43.06196207836729, 22.99941027371257
-42.04334066307524, 23.248659670432346
-41.62220156751664, 23.351767107437052
-30.231986531851135, 20.78982646511673
-21.88857495380762, 18.913207420931474
-21.88857495380762, 23.861569497178102
Holes:
Exterior:
-21.88857495380762, -61.42992156934499
-21.888559872361157, -54.68972574244319
-21.888521437942245, -51.29529569939521
-27.206667741754472, -51.1878496013041
-29.885637564091894, -51.13122131081117
-40.330641763150425, -50.922920329006054
-40.58027556936918, -50.9178911256288
-42.04334066307524, -50.888303073118145
-43.06196207836729, -50.868499911515855
-43.78150358697894, -50.8548472921062
-43.78150358697894, -51.195528915709524
-43.78150358697894, -61.0317972169316
-43.06196207836729, -61.04417673101397
-35.238462765056056, -61.19033606994189
-30.231986531851135, -61.27527384868279
-21.88857495380762, -61.42992156934499
Holes:
Exterior:
13.58681979111202, -51.92411295255927
13.586819757165358, -51.98688029597427
13.69884335435836, -52.01429124217232
13.624450647315598, -52.01276819161627
13.586819877642256, -52.01202795628657
13.586886739529973, -61.93569079433845
13.586885950107671, -62.07764224816287
25.134858124268703, -62.298249842998025
26.45222948481046, -62.32101798333892
26.452245357260836, -58.99237026544128
26.452245357260836, -45.59535332997436
26.45222948481046, -42.90191751202768
26.452229484810687, -40.88434904269492
13.838973594560457, -37.79796448944667
13.586885127175492, -37.73628133913086
13.58681979111202, -51.92411295255927
Holes:
Exterior:
13.586819877642256, 51.136521643816934
13.69884335435836, 51.13878492970268
13.624450647315598, 51.12058174187738
13.586819757165358, 51.111373829011455
13.586885950107444, 37.05508610219689
13.586885127175492, 36.86077502666122
23.889660985830915, 39.38174615974845
26.45222948481046, 40.0087772378351
26.452245357260836, 44.7197959450613
26.452245357260836, 58.11681288052823
26.45222948481046, 60.013289590895006
26.45222948481046, 61.44544617847907
13.838973594560457, 61.206619780093945
13.586885950107671, 61.20213593569323
13.586886739529973, 61.06018448186881
13.586819877642256, 51.136521643816934
Holes:
Exterior:
64.81196959518593, 74.99273580385461
61.17494948248577, 74.92315642730404
61.170456884344276, 71.41422033973939
61.170456884344276, 67.90884169345881
61.170456884344276, 62.10997805684321
57.09394946692146, 62.03138990731059
55.07724331046302, 61.99098405905336
53.332994040620406, 61.95723606700536
51.95049130357734, 61.930487200210486
51.95049130357711, 67.1243131969283
51.95049130357711, 68.33521132130423
45.74795776356041, 68.2161244299945
41.35334092587709, 68.13172087815407
39.15080868638961, 68.08939222950735
39.15080868638961, 65.17765701676883
39.15080868638961, 61.68474440235893
35.22028432243428, 61.60987459434862
32.75035702623336, 61.562826677749555
32.75035702623336, 54.980628950763375
32.75035702623359, 41.54985670704643
32.75035702623336, 34.67894100447869
32.75035702623359, 20.659048601577677
32.75035702623336, 6.781715973763545
32.75035702623359, -21.534554914047323
32.75035702623336, -28.40549570943408
32.75035702623359, -42.42543931346138
32.75035702623336, -49.00763704044756
32.75035702623359, -62.43840928416451
35.22028432243428, -62.48542775901351
39.15080868638961, -62.56025071482857
39.15080868638961, -65.47202061296638
39.15080868638961, -68.96497483592233
41.35334092587709, -69.00730348456905
45.747957763560635, -69.09170703640947
51.95049130357711, -69.21079392771921
51.95049130357734, -64.0169060614393
51.95049130357734, -62.80599351268014
53.332994040620406, -62.832742379475015
55.07724331046302, -62.866490371523014
61.170456884344276, -62.985484369312864
61.170456884344276, -66.49090477214091
61.170456884344276, -72.28980294615437
61.171664115157455, -73.37129249200567
61.17494948248577, -75.79873903371902
64.81196959518593, -75.8683184102696
74.21483573465616, -76.08867231272373
88.18677150487588, -76.41483894266202
88.13067504811306, -64.87388347281362
88.12083690118675, -53.639671906964494
82.74996039282178, -53.506841142139336
73.08149952065378, -53.27561101748291
72.83617376089887, -53.270211749528535
72.31761776842109, -53.258416608383264
72.94502136388905, -53.10493482190243
72.94615063749711, -47.27311776422623
72.94828376912824, -39.21847585200166
72.94816474982713, -38.853638493181
66.27745965687245, -40.48578903396806
58.35033261217109, -42.42543931346139
58.35033261217109, -34.43348618669376
58.35033261217109, -22.31939072947701
66.27745965687245, -24.439561201295547
72.94819375377278, -26.22375230834223
72.94547472086947, -14.93272135926928
72.94480046010767, -11.706579902085132
72.68749081529609, -11.637780622055136
72.89981329692068, -11.637780622055136
72.94495471807977, -11.637780622055136
72.96042776125273, -11.637780622055136
72.97165946728273, -11.637780622055136
81.79369410516506, -11.637780622055136
88.18677150487588, -11.637780622055136
88.11311156843135, -4.721585296847847
88.13037170147845, -0.4376880775810788
88.11311156843135, 3.8462674327157766
88.18677150487588, 10.76227430958549
81.79369410516506, 10.76227430958549
72.97165946728273, 10.76227430958549
72.96042776125273, 10.76227430958549
72.94495471807977, 10.76227430958549
72.92078937281212, 10.76227430958549
72.89981329692068, 10.76227430958549
72.68749081529609, 10.76227430958549
72.94480046010767, 10.831073589615485
72.94547472086947, 14.057198092021402
72.94831263812398, 24.979515640748776
72.94819375377278, 25.34816970192728
66.27745965687245, 23.563978594880595
58.35033261217109, 21.443808123062052
58.35033261217109, 29.435761249829675
58.35033261217109, 41.54985670704642
66.27745965687245, 39.61024972815092
72.94816474982713, 37.978055886766036
72.94615063749711, 46.39753515781126
72.94502136388905, 52.229383410972524
72.31761776842109, 52.3828340019683
73.08149952065378, 52.4000290974441
82.74996039282178, 52.63128085618584
88.12083690118675, 52.76416559449484
88.1655943593662, 59.08011535299019
88.18677150487588, 75.53928139446313
78.29560640950149, 75.30869740919219
74.21483573465616, 75.21305002057308
64.81196959518593, 74.99273580385461
Holes:
Exterior:
13.586885950107444, 10.762274309585488
13.586885950107444, -11.33234773031072
13.586885950107671, -11.637780622055137
14.35008847154586, -11.637780622055137
13.838973594560457, -11.752741853862824
13.586885950107671, -11.809442932820781
13.586885950107444, -25.653555841423422
13.586885127175492, -25.844934163500017
23.889660985830915, -23.527541358879073
26.45222948481046, -22.95115726228754
26.45224482735466, -18.147050285367953
26.45224482735466, -10.479876363355421
26.45224482735466, 17.271543972898307
26.45222948481046, 20.08853206431175
26.45222948481046, 22.075650949817895
13.838973594560457, 24.91272748475255
13.586885127175492, 24.96942785103037
13.586885127175492, 11.34459243428831
13.586885950107671, 10.933936620351131
14.35008847154586, 10.762274309585488
13.838973594560457, 10.762274309585488
13.586885950107444, 10.762274309585488
Holes:
Exterior:
-71.82748969070872, 10.762274309585488
-78.3324955799626, 10.762274309585488
-83.61008745600066, 10.762274309585488
-83.56408118371724, 3.0512859702522364
-83.55002407377447, -0.4375800569663617
-83.5862394522212, -6.111767468784825
-83.61008745600066, -11.637780622055137
-78.3324955799626, -11.637780622055137
-71.82748969070872, -11.637780622055137
-69.01613082451604, -11.637780622055137
-66.14394568747412, -11.637780622055137
-62.284019005827076, -11.637780622055137
-57.457554193976875, -11.637780622055137
-57.457554193976875, 3.489199557911388
-57.457554193976875, 10.762274309585488
-62.284019005827076, 10.762274309585488
-69.01613082451604, 10.762274309585488
-71.82748969070872, 10.762274309585488
Holes:
Exterior:
-69.00443275988505, -17.527157586480037
-68.9993720554055, -30.385168169659103
-69.00013552781706, -31.076704008533213
-68.99935929995286, -31.778847697914298
-69.00703613580004, -37.962508642889105
-69.00441029379999, -44.42179644166652
-61.95025139873201, -42.835163721423854
-57.45691604531953, -41.82451553490052
-57.453552159737455, -34.60399535560902
-57.45361420228528, -27.788202873442934
-57.45707554905334, -24.71375460898041
-57.45703187376171, -20.35267326372704
-63.95952996246774, -18.761587055488935
-69.00443275988505, -17.527157586480037
Holes:
Exterior:
-69.00443275988505, 16.65165127401038
-62.06451760789673, 18.349768387470224
-57.45703187376171, 19.477166951257395
-57.45361420228528, 26.912696560973288
-57.453552159737455, 33.7284519943365
-57.45691604531953, 40.94895580409026
-64.03051068561899, 42.427509021281736
-69.00441029379999, 43.5462538892081
-68.99935929995286, 30.903333809779916
-69.00013552781706, 30.20119769606356
-68.9993720554055, 29.50966185718945
-69.00720648369793, 23.269244585777965
-69.00443275988505, 16.65165127401038
Holes:
Exterior:
-72.69651456517363, 49.42888118104638
-62.272011465184505, 49.639290448824326
-57.477274199027306, 49.73392505493583
-57.477274199027306, 53.052678409474254
-57.477274199027306, 57.19277179764816
-57.477274199027306, 72.74091860773905
-64.30890653850565, 72.6194335271203
-67.92137866664689, 72.5795064324858
-83.61008745600066, 72.36560520782952
-83.57815907263375, 57.511662405138274
-83.52073913911886, 49.23511018925797
-78.85195345055376, 49.3224246458669
-72.69651456517363, 49.42888118104638
Holes:
Exterior:
-72.69651456517363, -50.30438749351602
-78.85195345055376, -50.19793095833654
-83.52073913911886, -50.11061650172761
-83.52968595653488, -56.24937216262142
-83.61008745600066, -73.2411547539982
-64.30890653850565, -73.49496002514398
-57.477274199027306, -73.61642492020871
-57.477274199027306, -69.4763315320348
-57.477274199027306, -53.92823635324519
-57.477274199027306, -50.60948299870677
-66.13930694561145, -50.43233024595963
-72.69651456517363, -50.30438749351602
Holes:
