Exterior:
-67.14012234549568, 47.15093183179199
-67.13815843630732, 42.23515730051802
-67.14001189983128, 33.11547224367155
-57.13721364852768, 30.865605321960846
-55.55235509113459, 30.509126251524663
-55.55235509113459, 32.029957792456706
-55.5581860074617, 44.545886925474655
-59.04994721925027, 45.331264645862845
-67.14012234549568, 47.15093183179199
Holes:
Exterior:
-67.14012234549568, -48.405569179658485
-64.97070328847735, -47.91761996969812
-55.5581860074617, -45.80054150292994
-55.55235509113459, -33.28458399516423
-55.55235509113459, -31.763752454232197
-57.13721364852768, -32.12024193132996
-67.14001189983128, -34.3701355203425
-67.14439334477356, -37.89937211106881
-67.14012234549568, -48.405569179658485
Holes:
Exterior:
-24.9161074662004, -38.908478453708106
-24.916106593728728, -38.17128834944481
-24.916161202707826, -24.872828585148376
-24.916163923208842, -24.482280534377924
-24.916163923208842, -23.920777430234942
-26.40119864543408, -23.55740134389571
-37.74614065875721, -20.781374931933094
-40.80060108610519, -20.033996495170037
-48.294140605989014, -18.200423398298494
-48.294144524846615, -30.095677535072213
-48.294144524846615, -32.450907929045314
-48.29408205975187, -37.33917065902572
-48.29408205975187, -44.16668760509118
-37.74614065875721, -41.79427226245893
-26.09684841150056, -39.17405875735279
-25.43984292648588, -39.02627552414924
-24.9161074662004, -38.908478453708106
Holes:
Exterior:
-24.9161074662004, 37.65377830567685
-26.09684841150056, 37.91935626069995
-37.74614065875721, 40.53956976580609
-40.83047882190613, 41.23328552052019
-48.29408205975187, 42.91202222136652
-48.294144524846615, 31.196269117025505
-48.294144524846615, 28.841051332364678
-48.29408205975187, 23.87797440078713
-48.294140605989014, 16.94579719559096
-37.74614065875721, 19.52674872922556
-26.40119864543408, 22.302775141188175
-25.58963703920631, 22.501360131572508
-24.916163923208842, 22.666151227527408
-24.916161202707826, 23.618202382440842
-24.916106593728728, 36.91658985999116
-24.9161074662004, 37.221711788119194
-24.9161074662004, 37.65377830567685
Holes:
Exterior:
14.913489622713314, -74.78538422615874
14.913489622713314, -73.78849753713456
14.913489622713314, -72.39578037754937
14.913489622713314, -61.95656049684567
14.913489622713314, -53.54243440893334
14.913489622713314, -51.84969869097424
-1.1737106429543473, -51.5244847067385
-10.951865866577009, -51.32681247252529
-10.951865866577009, -53.286547172084155
-10.951865866577009, -61.494517755075925
-10.951865866577009, -68.90848676041205
-10.951865866577009, -72.077739901893
-10.951865866577009, -74.34624521120604
0.16591695850638644, -74.48423341593644
1.9801233878993116, -74.52483848790453
5.482211997541981, -74.58219880688925
13.563742582131908, -74.75863907875382
14.913489622713314, -74.78538422615874
Holes:
Exterior:
14.913489622713314, 10.572714364466547
-2.4065961095054718, 10.572714364466547
-10.951865866577009, 10.572714364466547
-10.951865866577009, 1.3904238901090742
-10.951865866577009, -11.827340567174078
9.151068982072047, -11.827340567174078
14.913489622713314, -11.827340567174078
14.913489622713314, -8.038524690028714
14.913489622713314, 10.572714364466547
Holes:
Exterior:
14.913489622713314, -33.66661473517081
10.972730464363167, -32.70235626652966
6.998522252634984, -31.729913199010017
14.913489622713314, -29.94965901437595
14.913489622713314, -25.69085560050109
14.913489622713314, -15.914188444807152
2.9657923382428635, -18.601508345579056
-10.951865866577009, -21.73191908293246
-10.951865866577009, -24.72521622206425
-10.951865866577009, -27.337672164704237
-10.951865866577009, -31.58457770957398
-10.951865866577009, -35.7675048988035
-10.951865866577009, -41.58820136197168
-0.234601068949587, -44.21061095223561
14.913489622713314, -47.91720018504048
14.913489622713314, -38.25516970507503
14.913489622713314, -33.66661473517081
Holes:
Exterior:
14.913489622713314, 28.695032811668415
10.972730464363167, 29.58139818176575
6.998522252634984, 30.475286996302483
14.913489622713314, 32.41198853246328
14.913489622713314, 36.84678776892556
14.913489622713314, 46.66255002023828
2.7925076515680303, 43.69664802496261
-10.951865866577009, 40.333515818486006
-10.951865866577009, 37.20345207898062
-10.951865866577009, 34.51283356468187
-10.951865866577009, 30.329951506866447
-10.951865866577009, 26.083045961996703
-10.951865866577009, 20.477292880224926
-0.696593940809862, 18.1706394994297
14.913489622713314, 14.65956224209962
14.913489622713314, 24.138800698420724
14.913489622713314, 28.695032811668415
Holes:
Exterior:
14.913489622713314, 71.14109200503023
14.913489622713314, 72.53380673815693
14.913489622713314, 73.53068842867246
5.483811982824818, 73.32758142582726
1.981588461728279, 73.27022657423858
0.1668942480214355, 73.2296145172212
-8.241257606276577, 73.129888971047
-10.951865866577009, 73.09155795910914
-10.951865866577009, 70.82306402435202
-10.951865866577009, 67.6538164044956
-10.951865866577009, 60.2398915523684
-10.951865866577009, 54.2641509572228
-10.951865866577009, 50.07224752837156
3.0929000229871235, 50.35615244451955
14.913489622713314, 50.595097224768516
14.913489622713314, 57.31516967641955
14.913489622713314, 60.70193429413814
14.913489622713314, 71.14109200503023
Holes:
Exterior:
-67.14004344294312, -27.839614618795487
-57.13691724135106, -30.287199397928955
-55.55235509113459, -30.674916896269536
-55.55827073263572, -25.42050727885802
-55.55818062483331, -16.4230297182845
-58.98719130231302, -15.583990394871961
-67.14002540918227, -13.589086016810871
-67.13811141250835, -18.45208277764466
-67.14004344294312, -27.839614618795487
Holes:
Exterior:
-67.14004344294312, 26.584951346388838
-67.14450789596413, 23.028846331359883
-67.14002540918227, 12.33445981410334
-65.06402246120751, 12.84243376714786
-55.55818062483331, 15.168403515576967
-55.552349447171764, 27.854787932671133
-55.55235509113459, 29.420290693562002
-57.13691724135106, 29.03256279057056
-67.14004344294312, 26.584951346388838
Holes:
Exterior:
78.71080531879306, 10.572714364466547
74.07366264785924, 10.572714364466547
74.0742591078797, 12.86831538639298
74.07317513911175, 16.229644983475982
74.07317513911175, 35.60138253202003
74.07317513911175, 46.249527625052664
74.07365350005239, 51.8271526574108
78.67201083620785, 51.926317850117634
82.49850048366898, 52.01784042775248
89.23846237573343, 52.18459869725369
89.26939715432695, 56.54996070245896
89.29311951929253, 74.98730598538658
81.83263581529809, 74.81338632598057
78.7546846512173, 74.74124358271
71.66250401041862, 74.57506997143796
62.26742291002961, 74.39533385083625
62.26683002834602, 73.93226462687277
62.25877892157928, 67.98389287240609
61.71336299881705, 67.97342104080799
61.55791493899983, 67.97043548623978
57.884142369822484, 67.89983228438842
57.884142369822484, 67.32128149195995
57.884142369822484, 61.495184457239986
52.71815697029797, 61.396781216544326
50.83880611940572, 61.36111858951941
50.39587070450125, 61.35325077887677
50.062453819619805, 61.346778622531524
50.0624637718297, 60.595641962829305
50.0624637718297, 42.075622763301325
50.062453819619805, 41.46782137781054
50.062453819619805, 41.012536419233335
50.83880611940572, 41.20250260966604
51.483690709666234, 41.360296761927486
51.483690709666234, 40.43849802621809
51.483690709666234, 20.469488656458733
50.83880611940572, 20.614538105009757
50.545935759477516, 20.680412594688665
50.062453819619805, 20.789159463790604
50.0624482303333, 19.70505872488759
50.0624482303333, 17.974871498890224
50.0624482303333, -20.959684927595124
50.062453819619805, -21.595371967916268
50.062453819619805, -22.043785666498138
50.83880611940572, -21.86916689023071
51.483690709666234, -21.724114859166267
51.483690709666234, -22.645916961316154
51.483690709666234, -42.614999258580326
50.83880611940572, -42.45720510631888
50.545935759477516, -42.3855397850155
50.062453819619805, -42.2672364784048
50.0624637718297, -43.33031956848985
50.0624637718297, -61.85033876801783
50.062453819619805, -62.27829790119152
50.062453819619805, -62.601478681702986
50.83880611940572, -62.61581850365883
52.71815697029797, -62.65146899825104
57.884142369822484, -62.749810659947514
57.884142369822484, -63.32836834423386
57.884142369822484, -69.15453478104126
61.5579149389996, -69.22513798289262
61.71336299881705, -69.22812353746083
62.25877892157928, -69.23859536905893
62.258936211705986, -69.37950266343853
62.26742291002961, -75.65003634748909
71.66250401041862, -75.8297724680908
78.7546846512173, -75.99597601261958
89.29311951929253, -76.24198958169643
89.25080835599738, -67.53713940670588
89.23846237573343, -53.43922489996122
82.49850048366898, -53.272534362276915
78.67201083620785, -53.181020346770474
74.07365350005239, -53.08185515406364
74.07425444651858, -50.81269908176716
74.07317513911175, -47.504230121705504
74.07317513911175, -36.85608502867287
74.07317513911175, -17.48431159138775
74.07366264785924, -11.827340567174078
78.71080531879306, -11.827340567174078
82.13167676198964, -11.827340567174078
89.29311951929253, -11.827340567174078
89.23756097283399, -6.610749597371965
89.2616687953946, -0.6272827406296065
89.23756097283399, 5.356265533203013
89.29311951929253, 10.572714364466547
82.13167676198964, 10.572714364466547
78.71080531879306, 10.572714364466547
Holes:
Exterior:
-65.12968400593945, 10.572714364466547
-67.14352476272302, 10.572714364466547
-67.98451332903983, 10.572714364466547
-75.5866712024906, 10.572714364466547
-81.75439607720023, 10.572714364466547
-81.71432342634216, 3.856244453819938
-81.69625920397084, -0.627155903434891
-81.72652580424665, -5.369295007011644
-81.75439607720023, -11.827340567174078
-75.5866712024906, -11.827340567174078
-67.98451332903983, -11.827340567174078
-67.14352476272302, -11.827340567174078
-66.28434065441024, -11.827340567174078
-65.12968400593945, -11.827340567174078
-55.55845606383696, -11.827340567174078
-55.55845606383696, -3.850317606533489
-55.55845606383696, 10.572714364466547
-65.12968400593945, 10.572714364466547
Holes:
Exterior:
-81.75439607720023, -73.14416803945691
-59.197825494961535, -73.44078079787911
-55.568999849103875, -73.50530050625615
-55.568999849103875, -65.30180487424283
-55.568999849103875, -57.04296954392477
-55.568999849103875, -50.46693946560474
-60.17009736344471, -50.372839487670014
-68.27558321134256, -50.21468708051134
-75.884435281881, -50.083094184666585
-81.6556077871769, -49.975163166858145
-81.66043384217551, -53.28650518562435
-81.75439607720023, -73.14416803945691
Holes:
Exterior:
-81.75439607720023, 71.88950417908141
-81.72658563102345, 58.95133652814082
-81.6556077871769, 48.72053696415062
-75.884435281881, 48.82846798195906
-68.27558321134256, 48.96006087780381
-65.06965660528431, 49.02476963785314
-55.568999849103875, 49.21228583738879
-55.568999849103875, 55.788315915708814
-55.568999849103875, 63.991811547722136
-55.568999849103875, 72.25067430354862
-59.197825494961535, 72.18614387301142
-63.41958699665952, 72.13948256601076
-81.75439607720023, 71.88950417908141
Holes:
Exterior:
-25.58963703920631, -11.827340567174078
-24.916163923208842, -11.827340567174078
-24.916163923208842, -10.944725169802846
-24.916163923208842, 10.572714364466547
-26.40119864543408, 10.572714364466547
-33.554247571292535, 10.572714364466547
-37.74614065875721, 10.572714364466547
-40.80060108610519, 10.572714364466547
-48.294140605989014, 10.572714364466547
-48.294140605989014, -0.8684783677098571
-48.294140605989014, -11.827340567174078
-37.74614065875721, -11.827340567174078
-33.554247571292535, -11.827340567174078
-26.40119864543408, -11.827340567174078
-25.58963703920631, -11.827340567174078
Holes:
Exterior:
31.059917028869677, 11.02784856022282
31.525023975497334, 10.923233166456289
31.52498182937984, 18.66152694025199
31.52498182937984, 24.958688610207115
23.423843241369696, 26.78086286832736
18.65961399748562, 27.852445182114845
18.65961399748562, 21.57796608315849
18.659629550110367, 13.816966707723655
31.059917028869677, 11.02784856022282
Holes:
Exterior:
31.059917028869677, -11.827340567174078
31.525023975497334, -11.827340567174078
31.525023975497334, 9.234461008830271
31.525023975497334, 10.572714364466547
23.423843241369696, 10.572714364466547
18.659629550110367, 10.572714364466547
18.659629550110367, -6.054953079612654
18.659629550110367, -11.827340567174078
31.059917028869677, -11.827340567174078
Holes:
Exterior:
27.35024397287407, -62.183805235355585
31.52498182937984, -62.25595726495813
31.525028130341525, -52.546077006658685
31.525028130341525, -52.18527902205043
23.286061201501298, -52.01660169249675
18.65959454740505, -51.92559441045737
18.659644469431896, -59.335037637112244
18.659629550110367, -62.01778339909454
27.35024397287407, -62.183805235355585
Holes:
Exterior:
-25.479944075415688, -61.214239130872286
-24.916163923208842, -61.223836100914234
-24.916163923208842, -60.81932984668274
-24.916163923208842, -51.04721020832896
-26.40119864543408, -51.01796785745301
-37.74614065875721, -50.797409250805195
-48.29408205975187, -50.59727204151347
-48.29408205975187, -55.5914103353517
-48.29408205975187, -60.81623815062268
-37.74614065875721, -60.99771258614976
-33.554247571292535, -61.07602592114014
-26.40119864543408, -61.197381553062996
-25.479944075415688, -61.214239130872286
Holes:
Exterior:
18.65957973553418, -48.833847606628424
31.250134871228965, -51.91461842702197
31.525028130341525, -51.981880478007746
31.52498182937984, -44.12495433498064
31.52498182937984, -37.731298210900256
23.423843241369696, -35.749000442638454
18.65961399748562, -34.58324830951734
18.659583909065987, -41.116997172904
18.65957973553418, -48.833847606628424
Holes:
Exterior:
18.65957973553418, 47.57920240995961
18.659629550110367, 37.000914290899196
18.65961399748562, 33.32862210680981
23.404225569595155, 34.48957416236208
31.52498182937984, 36.476629944277285
31.525028130341525, 50.21897561090337
31.525028130341525, 50.72725427530024
23.286061201501298, 48.71125743295247
18.65957973553418, 47.57920240995961
Holes:
Exterior:
18.65959454740505, 50.670968207749844
31.241518141662937, 50.92516929953146
31.525028130341525, 50.9306528193429
31.52498182937984, 56.462797801613945
31.52498182937984, 61.001288998335134
23.423843241369696, 60.847897537111486
18.659629550110367, 60.76315719638701
18.659644469431896, 58.080411434404716
18.65959454740505, 50.670968207749844
Holes:
Exterior:
18.65961399748562, -29.10707138482238
23.404225569595155, -28.039870771242942
31.52498182937984, -26.21331481291465
31.525023975497334, -13.016386071376257
31.525023975497334, -12.17785936916382
23.423843241369696, -13.999997127675535
18.659629550110367, -15.071592910431187
18.659629550110367, -25.490205416536302
18.65961399748562, -29.10707138482238
Holes:
Exterior:
-48.29408205975187, 59.561611947915154
-48.29408205975187, 54.56747365407692
-48.29408205975187, 49.34264583880594
-37.74614065875721, 49.54274628949686
-26.40119864543408, 49.76326536080017
-25.584590382509987, 49.77965585435364
-24.916163923208842, 49.79251071783888
-24.916163923208842, 50.19701697207037
-24.916163923208842, 59.96920989820671
-26.40119864543408, 59.94274651954618
-33.554247571292535, 59.82134835174151
-37.74614065875721, 59.74304962484143
-41.500689922785114, 59.681568053893244
-48.29408205975187, 59.561611947915154
Holes:
