Exterior:
-97.04307885117498, -223.20489404292638
-82.18173919001754, -223.20489404292638
-82.18173919001754, -217.88981420431713
-82.18173919001754, -210.40482995601232
-95.34120487209395, -210.40482995601232
-97.04307885117498, -210.40482995601232
-99.18428364135036, -210.40482995601232
-106.52704720612212, -210.40482995601232
-112.64053570009617, -210.40482995601232
-120.78282536939207, -210.40482995601232
-120.78282536939207, -214.54696742676603
-120.78282333238894, -223.20489404292638
-118.69273788013163, -223.20489404292638
-117.58107090311375, -223.20489404292638
-112.9623716949892, -223.20489404292638
-97.04307885117498, -223.20489404292638
Holes:
Exterior:
-97.04307885117498, 265.99577168460064
-99.8588450763043, 264.5878885720359
-106.32911489607272, 261.3527536621517
-116.65619275654035, 266.5162925923855
-120.78279550163245, 268.57958061292504
-120.78279062364413, 260.11283384310246
-120.7827865709038, 253.9186827132553
-120.78278317071101, 250.2380074349864
-128.30747697492563, 248.1447044777865
-131.4998031988789, 247.2566069894871
-132.0107123379289, 247.114478977637
-133.5844150259669, 246.6766730730333
-133.58441485599963, 245.5699020558906
-133.58441485599963, 221.04286097515367
-131.82601081142082, 221.53203567250236
-131.4998031988789, 221.62280746248936
-121.24200755152799, 224.47648020200327
-120.78281797402781, 224.60422494539745
-107.65842802743293, 228.2553981087644
-102.7858406328537, 229.61093772628155
-87.53478811384605, 233.8537454834408
-86.86339818727072, 233.51805052015308
-86.48202032106099, 233.32736158704824
-82.18181861474102, 231.17724258287592
-82.18181861474113, 245.3081596260665
-82.18173919001754, 259.83670302573944
-82.18173919001754, 273.42644151517925
-95.34120487209395, 266.84670867414104
-97.04307885117498, 265.99577168460064
Holes:
Exterior:
-97.04307885117498, 383.0005643636115
-82.18173919001754, 375.5698830698663
-82.18173919001754, 386.15518899016445
-82.18173919001754, 389.7151021462811
-82.18173919001754, 399.7172587759215
-82.18173919001754, 405.2826701326293
-82.18173919001754, 419.8229107207075
-91.99842429267017, 417.09191476427225
-97.04307885117498, 415.6885114150332
-99.18428364135036, 415.09284592763987
-106.52704720612212, 413.05010399836124
-108.91440827932422, 412.3859538492769
-110.85972348495022, 411.8447747784385
-110.9828348552362, 411.81053339171785
-111.18158892996712, 411.75523702608245
-111.18158892996712, 417.9326181975817
-111.18158892996712, 426.40311840900927
-114.10427142625713, 425.5900209164881
-114.38136962054136, 425.51295946267805
-133.58442687370075, 420.1707171469483
-133.58445298764354, 397.8779403663256
-133.58445298764354, 396.2096176022678
-133.58445002492488, 394.53689325826934
-124.93072317243991, 396.94433691410484
-124.57924943514729, 396.7686000454586
-124.43107412458835, 396.69451239017906
-123.99168237582819, 396.9142178265314
-122.67814443708835, 397.5710153809017
-120.78278487455611, 398.0982978323711
-120.78278626838244, 397.79257833413163
-120.78280998249068, 397.17098476144884
-120.78279949630098, 393.7010985983836
-120.78279949630098, 390.29455664066734
-120.78279062364425, 388.8835085843131
-120.78279341372615, 384.04073235642096
-120.78279550163245, 380.41674397212057
-106.32911489607272, 387.6435709228939
-99.8588450763043, 384.4084440002477
-97.04307885117498, 383.0005643636115
Holes:
Exterior:
-97.04307885117498, 166.49630332769112
-82.18173919001754, 159.06563349711243
-82.18173919001754, 169.65096172429023
-82.18173919001754, 173.2108525735272
-82.18173919001754, 183.21297939438952
-82.18176203318001, 187.1620191312174
-82.18178255515897, 201.23006333346652
-95.3072760588019, 194.6673408817245
-97.00654491911848, 193.8177152650152
-99.80972848775127, 192.416126950621
-106.24427602888522, 189.1988611450619
-106.29967873194516, 189.2265375853045
-116.64010167304502, 194.39676116912915
-120.78280857820153, 196.46808704559908
-120.78279573948623, 187.97494437370892
-120.78279949630098, 186.59025671390955
-120.78279461758473, 185.38522649655016
-120.78280008904983, 180.1690531006283
-120.78280615385029, 177.80231697865364
-120.78279949630098, 173.79030706791346
-120.78279062364425, 172.37925901155927
-120.78279238599055, 170.2614778999075
-120.78279238599055, 163.9124692256647
-106.32911489607272, 171.13932135014002
-99.8588450763043, 167.9041864402558
-97.04307885117498, 166.49630332769112
Holes:
Exterior:
-97.04307885117498, 49.49156025881939
-99.8588450763043, 48.083677146254686
-106.32911489607272, 44.848542236370484
-116.65619275654035, 50.01208116660431
-120.78279238599055, 52.07538098132942
-120.78279062364413, 43.608604574951244
-120.78279949630098, 42.19755651859705
-120.78279949630098, 38.79101456088076
-120.78279949630098, 29.397568725628297
-120.78279062364425, 27.986520669274096
-120.78279238599055, 25.868752937138723
-120.78279238599055, 19.519744262895927
-106.32911489607272, 26.74658300785486
-99.8588450763043, 23.51144809797066
-97.04307885117498, 22.103564985405953
-82.18173919001754, 14.672895154827273
-82.18173919001754, 25.25822338200506
-82.18173919001754, 28.818114231242046
-82.18173919001754, 38.820270860882445
-82.18173919001754, 42.7770110129833
-82.18173919001754, 56.92223008939807
-95.34120487209395, 50.342497248359834
-97.04307885117498, 49.49156025881939
Holes:
Exterior:
-97.04307885117498, -122.2891581362395
-82.18173919001754, -129.71984965424457
-82.18173919001754, -119.13452142706679
-82.18182134053825, -115.45094695227134
-82.18182134053825, -105.36147499107906
-82.18182134053825, -101.52831886192973
-82.18173919001754, -87.47054639985973
-95.34120487209395, -94.05027924089796
-97.04307885117498, -94.90121623043842
-99.8588450763043, -96.30909934300313
-106.32911489607272, -99.54423425288732
-116.65619275654035, -94.3806953226535
-120.78279238599055, -92.31739550792838
-120.78280023399213, -100.73183461716646
-120.78280903851339, -102.06132409663732
-120.78281116169467, -103.27122423061316
-120.78280008904983, -108.59513757319982
-120.78279860726855, -110.92874158262973
-120.78280903851339, -114.86123559566076
-120.78280023399213, -116.33216870003895
-120.78279238599055, -118.52397401720656
-120.78279238599055, -124.87295593241657
-106.32911489607272, -117.64611718745763
-99.8588450763043, -120.88126807181786
-97.04307885117498, -122.2891581362395
Holes:
Exterior:
-97.04307885117498, -416.2897896360765
-82.18173919001754, -420.4241672543244
-82.18173919001754, -410.89114376905843
-82.18173919001754, -405.8838520448932
-82.18173919001754, -400.3184073354071
-82.18173919001754, -390.31631032332285
-82.18173919001754, -376.1711208568707
-95.34120487209395, -382.7508050720671
-97.04307885117498, -383.6017473125965
-99.8588450763043, -385.0096165214474
-106.32911489607272, -388.24471948237954
-116.65619275654035, -383.0812315452765
-120.78279550163245, -381.0179459396324
-120.78279062364413, -389.4846928285388
-120.78279949630098, -390.8957814940983
-120.78279949630098, -394.30230314722286
-120.78280998249068, -397.7723098558857
-120.78278626838244, -398.39387336081523
-120.78278487455611, -398.69959897974735
-122.67814443708835, -398.172316528278
-122.97885206829665, -398.02196271267377
-124.43107412458835, -397.295851684528
-124.77491070103645, -397.4677437216774
-124.93072317243991, -397.5456380614811
-130.56627268301816, -395.9778312958748
-133.58445002492488, -395.13818824621654
-133.58445298764354, -398.47922659776424
-133.58442687370075, -420.7719101247256
-132.27312914646006, -421.1367100282417
-114.38136962054136, -426.1141788676411
-114.10427142625713, -426.19130713385044
-111.18158892996712, -427.0043873813522
-111.18158892996712, -420.8270062098529
-111.18158892996712, -412.3564839389694
-110.9828348552362, -412.4117791556346
-110.85972348495022, -412.4460377788421
-108.91440827932422, -412.9872047707694
-106.52704720612212, -413.65134804744747
-99.18428364135036, -415.6940854445812
-97.04307885117498, -416.2897896360765
Holes:
Exterior:
-97.04307885117498, -338.7934000033002
-82.18173919001754, -346.2240927602118
-82.18173919001754, -335.638764533034
-82.18173919001754, -332.07887368379704
-82.18173919001754, -328.12213353169614
-82.18173919001754, -318.1199769020558
-82.18173919001754, -303.9748024394004
-95.34120487209395, -310.55451096751773
-97.04307885117498, -311.4054276562197
-99.8588450763043, -312.8133107687844
-106.32911489607272, -316.0484456786686
-116.65619275654035, -310.8849067484348
-120.78279550163245, -308.8216454319084
-120.78279062364413, -317.2883833400878
-120.78279949630098, -318.69943139644204
-120.78279949630098, -322.1059733541583
-120.78279949630098, -331.4994191894108
-120.78279062364413, -332.910467245765
-120.78279341372615, -337.75323583665755
-120.78279550163245, -341.37723185795755
-106.32911489607272, -334.1504049071842
-99.8588450763043, -337.3855238425924
-97.04307885117498, -338.7934000033002
Holes:
Exterior:
-97.04307885117498, -78.89703271480138
-82.18173919001754, -78.89703271480138
-82.18173919001754, -71.41204846649653
-82.18173919001754, -66.09696862788732
-95.34120487209395, -66.09696862788732
-97.04307885117498, -66.09696862788732
-99.18428364135036, -66.09696862788732
-106.52704720612212, -66.09696862788732
-112.64053570009617, -66.09696862788732
-120.78280632652991, -66.09696862788732
-120.78280008904983, -67.84509343921579
-120.78280008904983, -72.4969625243717
-120.7828063265298, -74.57249257975595
-120.78280632652991, -78.89703271480138
-113.03787081983148, -78.89703271480138
-106.52704720612212, -78.89703271480138
-99.18428364135036, -78.89703271480138
-97.04307885117498, -78.89703271480138
Holes:
Exterior:
-97.04307885117498, -295.401320434528
-82.18173919001754, -295.401320434528
-82.18173919001754, -287.91629157246376
-82.18173919001754, -282.6011800536686
-95.34120487209395, -282.6011800536686
-97.04307885117498, -282.6011800536686
-99.18428364135036, -282.6011800536686
-106.52704720612212, -282.6011800536686
-112.64053570009617, -282.6011800536686
-120.78281236493945, -282.6011800536686
-120.78281236493945, -286.76113192723307
-120.78281236493945, -295.401320434528
-113.02507618052516, -295.401320434528
-106.52704720612212, -295.401320434528
-99.18428364135036, -295.401320434528
-97.04307885117498, -295.401320434528
Holes:
Exterior:
-97.04307885117498, 310.8041761189826
-82.18173919001754, 303.37351713211706
-82.18173919001754, 313.9587784386558
-82.18173919001754, 317.5187139016522
-82.18173919001754, 327.5209003400707
-82.18173919001754, 331.47764049217153
-82.18173919001754, 345.6228297598082
-95.34120487209395, 339.04309691876995
-97.04307885117498, 338.19215992922955
-99.8588450763043, 336.7842768166648
-106.32911489607272, 333.5491419067806
-116.65619275654035, 338.71268083701443
-120.78279550163245, 340.77596885755395
-120.78279062364413, 332.30922208773137
-120.78279949630098, 330.89819433597984
-120.78279949630098, 321.50472050605055
-120.78279949630098, 318.09816839603843
-120.78279062364425, 316.6871203396842
-120.78279341372615, 311.84434411179205
-120.78279550163245, 308.22036907949825
-106.32911489607272, 315.447182678265
-99.8588450763043, 312.2120557556188
-97.04307885117498, 310.8041761189826
Holes:
Exterior:
-97.04307885117498, 94.29994176686839
-82.18173919001754, 86.86926109257651
-82.18173919001754, 97.29801733129712
-82.18182134053825, 100.92702579234867
-82.18182134053825, 104.76018999929322
-82.18182134053825, 114.84978223719547
-82.18173919001754, 129.11858018705433
-95.34120487209395, 122.5388473460161
-97.04307885117498, 121.68791035647564
-99.8588450763043, 120.28002724391094
-106.32911489607272, 117.04489233402674
-116.65619275654035, 122.20843126426057
-120.78279238599055, 124.27173107898568
-120.78280023399213, 115.73097984322433
-120.78280903851339, 114.26008703617518
-120.78281116169467, 113.09974703379658
-120.78280008904983, 107.99391271976893
-120.78279860726855, 105.56057840055223
-120.78280903851339, 101.46002294926112
-120.78280023399213, 100.13055361845477
-120.78279238599055, 97.97120359715404
-120.78279238599055, 91.71611912800844
-106.32911489607272, 98.94297125248377
-99.8588450763043, 95.70782835536156
-97.04307885117498, 94.29994176686839
Holes:
Exterior:
-97.04307885117498, -22.70478983883686
-99.8588450763043, -24.112672951401567
-106.32911489607272, -27.347807861285766
-116.65619275654035, -22.184268931051943
-120.78279238599055, -20.120969116326833
-120.78279062364413, -28.587745522705003
-120.78279949630098, -29.998793579059203
-120.78279461758473, -31.199843491294963
-120.78280008904983, -36.39878747554358
-120.78280615385029, -38.773407292282116
-120.78279949630098, -42.79878137202795
-120.78279062364425, -44.20982942838215
-120.78279238599055, -46.32759716051753
-120.78279238599055, -52.676632593793116
-106.32911489607272, -45.44976708980139
-99.8588450763043, -48.68490199968559
-97.04307885117498, -50.0927851122503
-82.18173919001754, -57.52345494282898
-82.18173919001754, -46.93812671565119
-82.18173919001754, -43.37823586641421
-82.18173919001754, -39.42149571431328
-82.18173919001754, -29.419339084672952
-82.18173919001754, -15.274164622017533
-95.34120487209395, -21.853873150134884
-97.04307885117498, -22.70478983883686
Holes:
Exterior:
-97.04307885117498, 354.19634344486656
-82.18173919001754, 354.19634344486656
-82.18173919001754, 359.51140744338284
-82.18173919001754, 366.99636938480796
-95.34120487209395, 366.99636938480796
-97.04307885117498, 366.99636938480796
-99.18428364135036, 366.99636938480796
-106.52704720612212, 366.99636938480796
-112.64053570009617, 366.99636938480796
-120.78281236493945, 366.99636938480796
-120.78281236493945, 362.8364547037037
-120.78281236493945, 354.19634344486656
-113.02507618052516, 354.19634344486656
-106.52704720612212, 354.19634344486656
-99.18428364135036, 354.19634344486656
-97.04307885117498, 354.19634344486656
Holes:
Exterior:
-97.04307885117498, 137.69209387211268
-82.18173919001754, 137.69209387211268
-82.18173919001754, 145.17705581353786
-82.18173919001754, 150.49211981205409
-95.34120487209395, 150.49211981205409
-97.04307885117498, 150.49211981205409
-99.18428364135036, 150.49211981205409
-106.52704720612212, 150.49211981205409
-112.64053570009617, 150.49211981205409
-120.78280632652991, 150.49211981205409
-120.78280008904983, 148.74399500072562
-120.78280008904983, 144.0921259155697
-120.78280632652991, 142.01660823117294
-120.78280632652991, 137.69209387211268
-113.03787081983148, 137.69209387211268
-106.52704720612212, 137.69209387211268
-99.18428364135036, 137.69209387211268
-97.04307885117498, 137.69209387211268
Holes:
Exterior:
-97.04307885117498, -138.29339501948888
-99.18428364135036, -138.29339501948888
-106.52704720612212, -138.29339501948888
-112.64053570009617, -138.29339501948888
-120.78280632652991, -138.29339501948888
-120.78280008904983, -140.04151983081735
-120.78280008904983, -144.69338891597326
-120.78280632652991, -146.76889422938254
-120.78280632652991, -151.09338281245763
-113.03787081983148, -151.09338281245763
-106.52704720612212, -151.09338281245763
-99.18428364135036, -151.09338281245763
-97.04307885117498, -151.09338281245763
-82.18173919001754, -151.09338281245763
-82.18173919001754, -143.60844317791214
-82.18173919001754, -138.29339501948888
-95.34120487209395, -138.29339501948888
-97.04307885117498, -138.29339501948888
Holes:
Exterior:
-97.04307885117498, -367.5976705321842
-82.18173919001754, -367.5976705321842
-82.18173919001754, -362.282590693575
-82.18173919001754, -354.79760644527016
-95.34120487209395, -354.79760644527016
-97.04307885117498, -354.79760644527016
-99.18428364135036, -354.79760644527016
-106.52704720612212, -354.79760644527016
-112.64053570009617, -354.79760644527016
-120.78281236493945, -354.79760644527016
-120.78281236493945, -358.9575335238612
-120.78281236493945, -367.5976705321842
-113.02507618052516, -367.5976705321842
-106.52704720612212, -367.5976705321842
-99.18428364135036, -367.5976705321842
-97.04307885117498, -367.5976705321842
Holes:
Exterior:
-97.04307885117498, 281.99995520023765
-82.18173919001754, 281.99995520023765
-82.18173919001754, 289.4849394485425
-82.18173919001754, 294.8000192871517
-95.34120487209395, 294.8000192871517
-97.04307885117498, 294.8000192871517
-99.18428364135036, 294.8000192871517
-106.52704720612212, 294.8000192871517
-112.64053570009617, 294.8000192871517
-120.78281236493945, 294.8000192871517
-120.78281236493945, 290.6400922085607
-120.78281236493945, 281.99995520023765
-113.02507618052516, 281.99995520023765
-106.52704720612212, 281.99995520023765
-99.18428364135036, 281.99995520023765
-97.04307885117498, 281.99995520023765
Holes:
Exterior:
-97.04307885117498, 78.29573156742518
-99.18428364135036, 78.29573156742518
-106.52704720612212, 78.29573156742518
-112.64053570009617, 78.29573156742518
-120.78280632652991, 78.29573156742518
-120.78280008904983, 76.54760675609671
-120.78280008904983, 71.8957376709408
-120.78280632652991, 69.82023235753154
-120.78280632652991, 65.49574377445643
-113.03787081983148, 65.49574377445643
-106.52704720612212, 65.49574377445643
-99.18428364135036, 65.49574377445643
-97.04307885117498, 65.49574377445643
-82.18173919001754, 65.49574377445643
-82.18173919001754, 72.98068340900193
-82.18173919001754, 78.29573156742518
-95.34120487209395, 78.29573156742518
-97.04307885117498, 78.29573156742518
Holes:
Exterior:
-97.04307885117498, -167.0975967693741
-99.8588450763043, -168.50549378565265
-106.32911489607272, -171.74066064448888
-116.65619275654035, -166.57707072112424
-120.78279238599055, -164.51374162243158
-120.78279062364413, -172.98052693642808
-120.78279949630098, -174.3914937743717
-120.78279461758473, -175.58857769912814
-120.78280008904983, -180.7703542480045
-120.78280615385029, -183.15284360565636
-120.78279949630098, -187.19155786128576
-120.78279573948623, -188.57618477407226
-120.78279863725015, -190.69617830276903
-120.78280857820153, -197.06930066813797
-106.29967873194516, -189.8277492030501
-106.24427602888522, -189.80004785152013
-99.80972848775127, -193.01732162208708
-97.00654491911848, -194.41891340640348
-82.18178255515897, -201.83129458838326
-82.18178255515897, -191.3109979186291
-82.18176203318001, -187.76329519506038
-82.18173919001754, -183.81428887996026
-82.18173919001754, -173.81207263276377
-82.18173919001754, -159.66692817770195
-95.34120487209395, -166.24668533166107
-97.04307885117498, -167.0975967693741
Holes:
Exterior:
-97.04307885117498, 209.80356695560877
-82.18173919001754, 209.80356695560877
-82.18173919001754, 215.118646794218
-82.18173919001754, 222.60363104252284
-95.34120487209395, 222.60363104252284
-97.04307885117498, 222.60363104252284
-99.8588450763043, 222.60363104252284
-117.58107090311375, 222.60363104252284
-120.78282333238894, 222.60363104252284
-120.78282333238894, 221.14113392897917
-120.78282536939207, 209.80356695560877
-113.0507062592153, 209.80356695560877
-106.52704720612212, 209.80356695560877
-99.18428364135036, 209.80356695560877
-97.04307885117498, 209.80356695560877
Holes:
Exterior:
-97.04307885117498, -266.5970728319769
-82.18173919001754, -274.02769804879614
-82.18181861474113, -245.9093844794974
-82.18181861474102, -231.77847651181298
-85.86095140497525, -233.61804914458799
-86.48202032106099, -233.92858975739057
-86.86339818727072, -234.11927748890415
-87.53478811384605, -234.4549703368717
-102.7858406328537, -230.2121935348773
-120.78281797402781, -225.20548116217213
-121.24200755152799, -225.0777486756613
-131.4998031988788, -222.22409531026457
-131.82601081142082, -222.13331963197493
-133.58441485599963, -221.64412397555722
-133.5844150259669, -222.8006753187651
-133.5844150259669, -247.2779013687037
-132.0107123379289, -247.71570383106788
-131.4998031988789, -247.8578691139755
-121.7011419614339, -250.5838256816814
-120.78278317071101, -250.83930111927202
-120.7827865709038, -254.5199838606315
-120.78279062364425, -260.71411714810876
-120.78279341372615, -265.5569010130005
-120.78279550163245, -269.1808550562882
-106.32911489607272, -261.954054809528
-99.8588450763043, -265.1891897194122
-97.04307885117498, -266.5970728319769
Holes:
Exterior:
-97.04307885117498, -6.70068261714514
-82.18173919001754, -6.70068261714514
-82.18173919001754, -1.3856027785359297
-82.18173919001754, 6.099381469768923
-95.34120487209395, 6.099381469768923
-97.04307885117498, 6.099381469768923
-99.18428364135036, 6.099381469768923
-106.52704720612212, 6.099381469768923
-112.64053570009617, 6.099381469768923
-120.78280632652991, 6.099381469768923
-120.78280008904983, 4.3512566584404615
-120.78280008904983, -0.3006124267154527
-120.7828063265298, -2.376142482099707
-120.78280632652991, -6.70068261714514
-113.03787081983148, -6.70068261714514
-106.52704720612212, -6.70068261714514
-99.18428364135036, -6.70068261714514
-97.04307885117498, -6.70068261714514
Holes:
Exterior:
-5.976543069550075, 56.2731195243807
-6.093486143655923, 56.137058713884166
-6.411407327455095, 55.74590163690722
-6.518043704964498, 55.605917881812694
-6.81772488837521, 55.23708198261497
-6.913532506524916, 55.09351750571912
-7.0519768075004094, 54.896762211792904
-7.224831859047299, 54.61053099915872
-7.309355341536616, 54.46364697191138
-7.579667539314073, 54.016055753257326
-7.652397411073935, 53.86624923062358
-7.842883181856564, 53.44442312936743
-7.903434287062396, 53.29224951894242
-8.048704909557387, 52.97038120959015
-8.09665123675336, 52.816299232617396
-8.266482814945789, 52.25688509310911
-8.301664562725705, 52.101196639992544
-8.361001392117146, 51.90551451649708
-8.38314175866958, 51.74884704323989
-8.49242627220076, 51.05574464444733
-8.50164314437336, 50.86952430961387
-8.513542991007284, 50.79397406043357
-8.532712918533548, 50.33350263588265
-8.528310743650309, 50.20478349637114
-8.502939440214845, 49.84945442801637
-8.485585784024579, 49.69229459147948
-8.45806690154916, 49.3061699136093
-8.427587959616972, 49.14974578191385
-8.320993818089846, 48.64661829019079
-8.277573296008882, 48.49150424625947
-8.227261595528603, 48.253911786043005
-8.171077756926366, 48.10039585443861
-7.941931382243752, 47.45517704360319
-7.8733841249035095, 47.30395781019834
-7.839074007024124, 47.207621958106806
-7.463759308003887, 46.46293310204919
-7.383461472137583, 46.31481008334178
-7.3635923415808975, 46.28383975586679
-7.271379734575817, 46.138224889932616
-6.9422328143722325, 45.62311384832093
-6.8389807160798455, 45.48107129955653
-6.575731029653184, 45.14349919037306
-6.461826316046199, 45.005174600225274
-6.164967423156099, 44.62438061084473
-6.040977052248309, 44.49006980090985
-5.611568971142447, 44.03779399878621
-5.478374628683241, 43.90808183173232
-5.238295860866856, 43.65513948280019
-5.095980015761143, 43.52979937348817
-4.468093508241054, 42.97551273737157
-4.318366054151056, 42.85562043303408
-4.161970419426439, 42.71748157255991
-4.004175179037816, 42.602194108565776
-3.152455193421133, 41.96426066296062
-2.9893001997285182, 41.855167478567864
-2.9339976806666073, 41.813730570448044
-2.6171087790918364, 41.59980351278597
-2.44789223828127, 41.49599746760734
-1.660186036098935, 41.01610225287669
-1.3700953550534223, 40.839413243487215
-1.0197956536496235, 40.65014692333737
-0.02398026095596606, 40.129627749343356
0.17361263935913485, 40.026356394219256
0.5363676382600033, 39.86065927164579
1.7546271781892528, 39.314295830183774
1.851064594266802, 39.27099347639757
2.219405029552206, 39.12910626890757
3.6635608851773327, 38.57611181644861
9.827217740627475, 36.40166327439156
10.274558894172515, 36.243861246527715
11.458971041427333, 35.826020263714234
11.954967296731638, 38.63826224724866
14.889704617526377, 53.983463244599996
16.085392145657636, 59.1482592840899
17.144684735093847, 63.32136431110879
17.50244333146634, 64.67566015629237
16.115392340449034, 64.5792916745331
15.935449358613766, 64.5697239756652
15.112758323554715, 64.50666378649198
13.46615610540789, 64.28848280328914
13.3298889301455, 64.27738680213162
12.77590279158835, 64.20947568404758
11.014903436647387, 63.971304918478516
10.932458899817334, 63.96110008789537
10.635705930359563, 63.91212708086537
10.458756241068158, 63.87655380253458
10.208147450685772, 63.83509993106015
9.888190346443992, 63.76942304657826
8.226935512354942, 63.418207971294315
7.99158134968485, 63.36847882749371
7.653277977280027, 63.2818194367312
6.079454025739608, 62.868249133905714
5.854795991056108, 62.80924100727447
5.5041965236393935, 62.70001110155376
4.032081524664818, 62.23006621087933
3.803340850266295, 62.15701193485654
3.4470130788470215, 62.024051552163115
2.108494080356195, 61.51911564065059
2.0929174158816863, 61.51228167732032
0.737102744193237, 60.91559753496036
0.3723875121258402, 60.754089664026935
0.28877069143379686, 60.71091714356501
-0.8851754901486402, 60.10503806555557
-1.2389874638784022, 59.91967543560366
-1.3749912259133907, 59.837084827388395
-2.384845501786174, 59.22480794793748
-2.7210093845351366, 59.0162001628531
-2.8878261772130145, 58.897242310271054
-3.045265963833458, 58.78589683734965
-3.848304647885243, 58.21322991541526
-3.999962153743354, 58.09583745953097
-4.23627583840846, 57.89698978998751
-4.379771240787136, 57.77501589406144
-4.98530199012464, 57.26544021103622
-5.120947685421356, 57.13815816328529
-5.413395742443072, 56.84406698776166
-5.5398591462779905, 56.71245357695957
-5.976543069550075, 56.2731195243807
Holes:
Exterior:
-5.976543069550075, -56.8743443778116
-5.849112761171114, -57.006980863814206
-5.4133957424431856, -57.445291841192564
-5.277041352176525, -57.57321563158234
-4.98530199012464, -57.86672317462989
-4.840210420261087, -57.99006035371678
-4.23627583840846, -58.498214643418414
-4.083945667933108, -58.616106968929415
-3.848304647885243, -58.81445476884617
-3.6884084721497175, -58.92753098536424
-2.8878261772130145, -59.498526297259374
-2.7210093845351366, -59.61742501628401
-2.384845501786174, -59.826032801368385
-1.3749912259133907, -60.4383695521226
-1.2389874638784022, -60.520900289034564
-0.8851754901486402, -60.706262918986475
0.28877069143379686, -61.31214199699592
0.37238751212589705, -61.35531451745784
0.7371027441931801, -61.51682238839127
2.0929174158816863, -62.11350653075122
2.108494080356195, -62.12040206165762
3.4470130788469646, -62.625338619688975
3.803340850266295, -62.758299180833035
4.032081524664818, -62.831291064310236
5.5041965236393935, -63.30123595498467
5.854795991056108, -63.41046586070538
6.079454025739608, -63.46947398733662
7.653277977280027, -63.88310854674902
7.99158134968485, -63.96976810676138
8.226935512354942, -64.01943282472521
9.888190346443992, -64.3707132401753
10.208147450685772, -64.43641187222525
10.458756241068158, -64.47780000205778
10.635705930359563, -64.51335193429627
10.932458899817334, -64.56233736598307
12.653334187983774, -64.79561794644562
12.77590279158835, -64.81062424353316
13.3298889301455, -64.87857939239501
14.949261265812652, -65.09543714699737
15.112758323554715, -65.10796493386819
15.935449358613766, -65.17099357834381
17.30855012607981, -65.2668656479138
17.502443331466452, -65.27688500972326
16.423719366218506, -61.033585681705034
16.085392145657636, -59.74951649907696
14.889704617526377, -54.5846880980309
11.954967296731638, -39.23948710067957
11.458971041427333, -36.42724511714514
10.791533158812342, -36.66269415243648
9.827217740627475, -37.00289727807341
3.6635608851773327, -39.17741296382483
2.219405029552206, -39.73040741628379
1.851064594266802, -39.87229462377379
1.7546271781892528, -39.91559697755999
0.5363676382600033, -40.46189962909287
0.17361263935913485, -40.62759693343269
-0.02398026095596606, -40.730928896719576
-1.0197956536496235, -41.25138803794456
-1.3700953550534223, -41.44063809691812
-1.660186036098935, -41.61738682356947
-1.826718048932662, -41.71954131213229
-2.6171087790918364, -42.201028366216875
-2.779075602744456, -42.30935311389788
-3.0969770496905085, -42.52395461952289
-3.152455193421133, -42.565502819135766
-3.307719935566581, -42.67896220657264
-4.161970419426439, -43.31878271993613
-4.311266865728726, -43.43832855713822
-4.468093508241054, -43.57673759080247
-4.608809333631257, -43.700670101651326
-5.238295860866856, -44.256364336231094
-5.3709301077924465, -44.38553463632205
-5.611568971142447, -44.639000352048534
-5.734647074094369, -44.772327701556414
-6.164967423156099, -45.22560546427564
-6.278304406641723, -45.36327950007562
-6.575731029653184, -45.74474301362156
-6.678534260382207, -45.886145991214555
-6.9422328143722325, -46.22441499569715
-7.033953644825601, -46.36923034415252
-7.3635923415808975, -46.88506460929769
-7.443864518685359, -47.03313627440985
-7.511946659998216, -47.18330351507059
-7.531863169873645, -47.21438083264209
-7.907584436792945, -47.960016942170974
-7.941931382243752, -48.05642153216797
-7.997915533172431, -48.20940134538807
-8.227261595528716, -48.85515641300779
-8.270648724224657, -49.01015369290901
-8.320993818089846, -49.247843143621694
-8.35142329316875, -49.404021349928215
-8.45806690154916, -49.90741465282267
-8.475413552423674, -50.064532207335226
-8.502939440214845, -50.450699188858074
-8.528310743650309, -50.80602826914541
-8.532712918533548, -50.93472748931356
-8.513542991007284, -51.39525529600426
-8.50432439523729, -51.58152401562959
-8.49242627220076, -51.65702589048793
-8.470247720155271, -51.81397941844947
-8.361001392117146, -52.506739369927985
-8.325786828362993, -52.66259399151272
-8.266482814945789, -52.85810994654002
-8.218407684134945, -53.01260002449741
-8.048704909557614, -53.57166267371441
-7.988013877944127, -53.7242112375353
-7.842883181856564, -54.04570469451605
-7.769930698031999, -54.19595074773984
-7.579667539314073, -54.61728060668823
-7.49477241332545, -54.76480767663342
-7.224831859047299, -55.21173657308279
-7.128530871599992, -55.35604562130025
-6.955949314217264, -55.64194719766585
-6.817724888375324, -55.83836404966614
-6.710551198762573, -55.97907629710299
-6.411407327455208, -56.34718390280151
-6.293827571155248, -56.48396367860615
-5.976543069550075, -56.8743443778116
Holes:
Exterior:
912.3182077586516, -416.3005971679264
912.3182077586516, -444.1553524117357
912.3182077586516, -448.3005666503483
905.7886290909732, -448.3005666503483
869.2398320939573, -448.3005666503483
869.2398320939573, -657.1233495104306
869.2398320939573, -692.4151358065632
869.2398320939573, -704.3006276855045
906.0894146317814, -704.3006276855045
912.3182077586516, -704.3006276855045
912.3182077586516, -728.5998345321985
912.3182077586516, -736.3005971679264
955.0546517332313, -736.3005971679264
976.3182087123253, -736.3005971679264
976.3182087123255, -611.568033338
976.3182087123255, -416.3005971679264
929.0834144133728, -416.3005971679264
912.3182077586516, -416.3005971679264
Holes:
Exterior:
912.3182077586516, 423.40014413025654
912.3182077586516, 415.69937231449546
955.0546517332316, 415.69937231449546
976.3182087123259, 415.69937231449546
976.3182087123259, 540.4319361444223
976.3182087123259, 735.6993723144955
929.0834144133728, 735.6993723144955
912.3182077586516, 735.6993723144955
912.3182077586516, 707.8445506597112
912.3182077586516, 703.6993265381283
869.2398320939573, 703.6993265381283
869.2398320939573, 691.8138346591869
869.2398320939573, 656.5220641397085
869.2398320939573, 447.69937994389
905.7886290909732, 447.69937994389
912.3182077586516, 447.69937994389
912.3182077586516, 423.40014413025654
Holes:
Exterior:
-56.69875906111167, -268.6673116454655
-50.592999941671565, -270.3659362436179
-47.007476609311766, -271.36343025058
-47.007476609311766, -260.35460966631047
-47.00746468086743, -245.72964574573146
-52.28032144669612, -244.26272916946013
-64.27345083357261, -240.92622277827795
-52.28032144669612, -234.9296429059305
-47.00746468086743, -232.2932078495107
-47.00746468086743, -221.97209388959052
-47.007464974721756, -214.24069637063027
-47.007464974721756, -208.90781499777987
-47.00745919624512, -207.01868449129367
-47.00745919624512, -201.4013859468304
-56.67349552941664, -196.56832806147256
-65.03471181990074, -192.3877095946842
-68.02669678623386, -190.8917390765215
-72.28189832207875, -188.76416954723135
-72.28189832207875, -194.2170384165516
-72.28189832207875, -206.78123670492332
-65.03471181990074, -210.40482995601232
-72.28189832207875, -210.40482995601232
-72.28189832207875, -222.07937418378745
-72.28189832207875, -223.20489404292638
-65.03471181990074, -223.20489404292638
-69.40867231308778, -225.3918817051992
-72.28189832207875, -226.82849958100596
-72.28189832207875, -267.0934743627107
-72.28189832207875, -275.76196454297155
-72.28189832207875, -276.2528973231678
-72.28189832207875, -278.93383632080304
-72.28189832207875, -278.97760019220163
-70.37168214334781, -279.93270475232544
-65.03471181990074, -282.6011800536686
-71.1818101515895, -282.6011800536686
-72.28189832207875, -282.6011800536686
-72.28189832207875, -294.2781062458086
-72.28189832207875, -295.401320434528
-71.1818101515895, -295.401320434528
-65.03471181990074, -295.401320434528
-70.37168214334781, -298.06979573587114
-72.28189832207875, -299.02490029599494
-72.28189832207875, -313.9498316465477
-72.28189832207875, -317.1267735298781
-65.03471181990074, -313.503127075153
-56.67349552941664, -309.3225086083646
-53.09132102180854, -307.5314460696649
-47.00745919624512, -304.4894982963896
-47.00746497472187, -296.9477388892265
-47.00746497472187, -286.38767475811125
-47.00746497472187, -281.05476159897006
-47.00745919624512, -279.15677532384683
-47.007476609311766, -273.51298563698015
-50.592999941671565, -271.72021184837206
-56.69875906111167, -268.6673116454655
Holes:
Exterior:
-56.69875906111167, 268.06604864506187
-47.007476609311766, 272.9117062537692
-47.00746497472187, 280.45349223788463
-47.00746497472187, 285.786373610735
-47.00746497472187, 296.34648224950473
-47.00745919624512, 298.2445003109188
-47.00745919624512, 303.888261549613
-56.67349552941664, 308.72125592950727
-65.03471181990074, 312.90186407474937
-68.02669678623386, 314.39787852291977
-72.28189832207875, 316.5255105294745
-72.28189832207875, 311.0469998718323
-72.28189832207875, 298.4236058434297
-65.03471181990074, 294.8000192871517
-72.28189832207875, 294.8000192871517
-72.28189832207875, 283.12316269415214
-72.28189832207875, 281.99995520023765
-65.03471181990074, 281.99995520023765
-72.28189832207875, 278.37636194914865
-72.28189832207875, 278.3326037163788
-72.28189832207875, 266.49224950927976
-72.28189832207875, 226.22724886759298
-65.03471181990074, 222.60363104252284
-70.90367943223134, 222.60363104252284
-72.28189832207875, 222.60363104252284
-72.28189832207875, 211.27743683402687
-72.28189832207875, 209.80356695560877
-71.17988976370657, 209.80356695560877
-65.03471181990074, 209.80356695560877
-70.36878767298163, 207.13653890438977
-72.28189832207875, 206.17998712170728
-72.28189832207875, 191.3314207006841
-72.28189832207875, 188.1628914901643
-65.03471181990074, 191.7864847412533
-56.67349552941664, 195.96712385113426
-53.09132102180854, 197.75824204068667
-47.00745919624512, 200.80018981396194
-47.00746497472187, 208.30661875885804
-47.007464974721756, 213.63950013170844
-47.007464974721756, 224.15013851253033
-47.00746468086743, 231.69194484910716
-64.27345083357261, 240.3249597778744
-47.00746468086743, 245.12833904049864
-47.00746468086743, 259.81259351765004
-47.007476609311766, 270.7621344845617
-56.69875906111167, 268.06604864506187
Holes:
Exterior:
-65.03471181990074, 408.29077246097984
-54.354281397367345, 413.63097067444846
-50.7374641607712, 415.4393688811126
-47.007443854717735, 417.3043748932335
-47.00745919624512, 423.8069233455682
-47.00745919624512, 429.60830709511293
-56.67349552941664, 426.91925007364625
-65.03471181990074, 424.5931864014095
-71.1818101515895, 422.8830778635262
-72.28189832207875, 422.577035878956
-72.28189832207875, 407.7051611438344
-72.28189832207875, 404.66717920989083
-65.03471181990074, 408.29077246097984
Holes:
Exterior:
-65.03471181990074, 24.201340698284547
-68.02669678623386, 25.697333181451107
-72.28189832207875, 27.824933949373552
-72.28189832207875, 22.34638865626762
-72.28189832207875, 9.722974720857927
-65.03471181990074, 6.099381469768923
-72.28189832207875, 6.099381469768923
-72.28189832207875, 4.976173975854405
-72.28189832207875, -6.70068261714514
-71.1818101515895, -6.70068261714514
-65.03471181990074, -6.70068261714514
-70.37168214334781, -9.369157918488309
-72.28189832207875, -10.324262478612077
-72.28189832207875, -25.249256733488078
-72.28189832207875, -28.42615880280446
-65.03471181990074, -24.802565551715453
-56.67349552941664, -20.62196772801967
-53.09132102180854, -18.83089078613171
-47.00745919624512, -15.788965493514553
-47.00746497472187, -8.247190087152651
-47.00746497472187, -2.9143087143022544
-47.00746497472187, 7.645888939776434
-47.00745919624512, 9.543915000789868
-47.00745919624512, 15.187688132829777
-56.67349552941664, 20.020722231496176
-65.03471181990074, 24.201340698284547
Holes:
Exterior:
-65.03471181990074, -29.998793579059203
-68.02669678623386, -29.998793579059203
-72.28189832207875, -29.998793579059203
-72.28189832207875, -33.87270092741492
-72.28189832207875, -42.79878137202795
-65.03471181990074, -42.79878137202795
-56.67349552941664, -42.79878137202795
-53.09132102180854, -42.79878137202795
-47.00745919624512, -42.79878137202795
-47.00745919624512, -33.98953437592264
-47.00745919624512, -29.998793579059203
-56.67349552941664, -29.998793579059203
-65.03471181990074, -29.998793579059203
Holes:
Exterior:
-65.03471181990074, 96.12993719486659
-68.07147542969085, 97.64831899976159
-72.28189832207875, 99.75353044595559
-72.28189832207875, 94.04369019046891
-72.28189832207875, 81.91933151332522
-65.03471181990074, 78.29573156742518
-72.28189832207875, 78.29573156742518
-72.28189832207875, 66.6189445735661
-72.28189832207875, 65.49574377445643
-65.03471181990074, 65.49574377445643
-70.37168214334781, 62.82725861273287
-72.28189832207875, 61.87215052336742
-72.28189832207875, 46.94709336416817
-72.28189832207875, 43.77019129485179
-65.03471181990074, 47.3937845459408
-56.67349552941664, 51.574423655821754
-53.09132102180854, 53.36554184537416
-47.00745919624512, 56.407489618649436
-47.00746497472187, 63.94928081210339
-47.00746497472187, 74.35321209132393
-47.007464974721756, 79.68606167788349
-47.00745919624512, 81.5560171446199
-47.00745919624512, 87.11632277638446
-56.67349552941664, 91.94932904962451
-65.03471181990074, 96.12993719486659
Holes:
Exterior:
-65.03471181990074, 403.0945444336361
-68.02669678623386, 403.0945444336361
-72.28189832207875, 403.0945444336361
-72.28189832207875, 399.2206370852804
-72.28189832207875, 390.29455664066734
-65.03471181990074, 390.29455664066734
-56.67349552941664, 390.29455664066734
-53.09132102180854, 390.29455664066734
-47.00745919624512, 390.29455664066734
-47.00745919624512, 394.28529743753074
-47.00745919624512, 403.0945444336361
-56.67349552941664, 403.0945444336361
-65.03471181990074, 403.0945444336361
Holes:
Exterior:
-65.03471181990074, 186.59025671390955
-68.02669678623386, 186.59025671390955
-72.28189832207875, 186.59025671390955
-72.28189832207875, 177.6642028711146
-72.28189832207875, 173.79030706791346
-65.03471181990074, 173.79030706791346
-56.67349552941664, 173.79030706791346
-53.09132102180854, 173.79030706791346
-47.00745919624512, 173.79030706791346
-47.00745919624512, 177.78103597143118
-47.00745919624512, 186.59025671390955
-56.67349552941664, 186.59025671390955
-65.03471181990074, 186.59025671390955
Holes:
Exterior:
-65.03471181990074, 101.46002294926112
-56.67349552941664, 101.46002294926112
-53.03378983635423, 101.46002294926112
-47.00745919624512, 101.46002294926112
-47.00745919624512, 105.450787532816
-47.00745919624512, 114.26008703617518
-56.67349552941664, 114.26008703617518
-65.03471181990074, 114.26008703617518
-68.07147542969085, 114.26008703617518
-72.28189832207875, 114.26008703617518
-72.28189832207875, 110.1619891044224
-72.28189832207875, 101.46002294926112
-65.03471181990074, 101.46002294926112
Holes:
Exterior:
-65.03471181990074, -78.89703271480138
-70.37168214334781, -81.56551787652494
-72.28189832207875, -82.52062596589039
-72.28189832207875, -97.22488895049744
-72.28189832207875, -100.35481938010938
-65.03471181990074, -96.73120019527013
-56.67349552941664, -92.55058172848176
-53.03378983635423, -90.73073575231568
-47.00745919624512, -87.71754762981536
-47.00746497472187, -80.28731831760521
-47.007464974721756, -74.95443694475482
-47.00746497472187, -64.55046115787981
-47.00745919624512, -62.652435096866384
-47.00745919624512, -57.00866196482647
-56.67349552941664, -52.17562786616007
-65.03471181990074, -47.9950093993717
-68.02669678623386, -46.49901691620514
-72.28189832207875, -44.3714161482827
-72.28189832207875, -49.84996144138863
-72.28189832207875, -62.47337537679832
-65.03471181990074, -66.09696862788732
-71.1818101515895, -66.09696862788732
-72.28189832207875, -66.09696862788732
-72.28189832207875, -77.77382522088686
-72.28189832207875, -78.89703271480138
-71.1818101515895, -78.89703271480138
-65.03471181990074, -78.89703271480138
Holes:
Exterior:
-65.03471181990074, 336.0944223633236
-56.67349552941664, 340.27504083011195
-53.09132102180854, 342.0661383958321
-47.00745919624512, 345.10807492877836
-47.00746497472187, 352.6498582286863
-47.00746497472187, 357.98272370839123
-47.00746497472187, 368.5428546009882
-47.00745919624512, 370.4408885555477
-47.00745919624512, 376.0846497942419
-56.67349552941664, 380.9176719995626
-65.03471181990074, 385.09829046635093
-68.02669678623386, 386.5942939320194
-72.28189832207875, 388.72191031925803
-72.28189832207875, 383.24337657130667
-72.28189832207875, 370.61996263589697
-65.03471181990074, 366.99636938480796
-71.1818101515895, 366.99636938480796
-72.28189832207875, 366.99636938480796
-72.28189832207875, 365.8731652382959
-72.28189832207875, 354.19634344486656
-65.03471181990074, 354.19634344486656
-70.37168214334781, 351.527858283143
-72.28189832207875, 350.57275019377755
-72.28189832207875, 335.64772448673995
-72.28189832207875, 332.4708291122346
-65.03471181990074, 336.0944223633236
Holes:
Exterior:
-65.03471181990074, 119.59017279056971
-56.67349552941664, 123.77079125735808
-53.03378983635423, 125.5906545814199
-47.00745919624512, 128.60381346267874
-47.00746497472187, 136.1456086559324
-47.00746497472187, 146.70571729470214
-47.00746497472187, 152.03858277440713
-47.00745919624512, 153.93660083582117
-47.00745919624512, 159.58037396786108
-56.67349552941664, 164.41343993068875
-65.03471181990074, 168.5940790405697
-68.02669678623386, 170.09007152373627
-72.28189832207875, 172.21767229165872
-72.28189832207875, 166.7391269985528
-72.28189832207875, 154.1157130631431
-65.03471181990074, 150.49211981205409
-72.28189832207875, 150.49211981205409
-72.28189832207875, 138.81529801862476
-72.28189832207875, 137.69209387211268
-65.03471181990074, 137.69209387211268
-70.37168214334781, 135.02360871038914
-72.28189832207875, 134.06850062102367
-72.28189832207875, 119.14347491398605
-72.28189832207875, 115.9665795394807
-65.03471181990074, 119.59017279056971
Holes:
Exterior:
-65.03471181990074, -318.69943139644204
-68.02669678623386, -318.69943139644204
-72.28189832207875, -318.69943139644204
-72.28189832207875, -322.57333874479775
-72.28189832207875, -331.4994191894108
-65.03471181990074, -331.4994191894108
-56.67349552941664, -331.4994191894108
-53.09132102180854, -331.4994191894108
-47.00745919624512, -331.4994191894108
-47.00745919624512, -327.5086783925474
-47.00745919624512, -318.69943139644204
-56.67349552941664, -318.69943139644204
-65.03471181990074, -318.69943139644204
Holes:
Exterior:
-65.03471181990074, 318.09816839603843
-56.67349552941664, 318.09816839603843
-53.09132102180854, 318.09816839603843
-47.00745919624512, 318.09816839603843
-47.00745919624512, 322.0889210862476
-47.00745919624512, 330.89819433597984
-56.67349552941664, 330.89819433597984
-65.03471181990074, 330.89819433597984
-68.02669678623386, 330.89819433597984
-72.28189832207875, 330.89819433597984
-72.28189832207875, 321.9720872895487
-72.28189832207875, 318.09816839603843
-65.03471181990074, 318.09816839603843
Holes:
Exterior:
-65.03471181990074, -169.19526574702795
-56.67349552941664, -165.0146472802396
-53.09132102180854, -163.2235497145194
-47.00745919624512, -160.18161318157317
-47.00746497472187, -152.63984577481068
-47.00746497472187, -147.3069961882511
-47.00746497472187, -136.7468875494814
-47.00745919624512, -134.84886148846795
-47.00745919624512, -129.20506456973658
-56.67349552941664, -124.37205425776163
-65.03471181990074, -120.19143579097326
-68.07147542969085, -118.67302138528802
-72.28189832207875, -116.56776473863356
-72.28189832207875, -122.36332960231994
-72.28189832207875, -134.6697883787778
-65.03471181990074, -138.29339501948888
-71.1818101515895, -138.29339501948888
-72.28189832207875, -138.29339501948888
-72.28189832207875, -149.97018201334797
-72.28189832207875, -151.09338281245763
-71.1818101515895, -151.09338281245763
-65.03471181990074, -151.09338281245763
-70.37168214334781, -153.76187783456157
-72.28189832207875, -154.7169894531687
-72.28189832207875, -169.6419837080447
-72.28189832207875, -172.81885899811695
-65.03471181990074, -169.19526574702795
Holes:
Exterior:
-65.03471181990074, -385.69955346675454
-56.67349552941664, -381.5189349999662
-53.09132102180854, -379.727837434246
-47.00745919624512, -376.68590090129976
-47.00746497472187, -369.14413349453724
-47.00746497472187, -363.8112521216869
-47.00746497472187, -353.25109897526266
-47.00745919624512, -351.35304912755777
-47.00745919624512, -345.7092997822093
-56.67349552941664, -340.8762656835429
-60.25900255560339, -339.083507744302
-65.03471181990074, -336.69564721675454
-68.02669678623386, -335.199654733588
-72.28189832207875, -333.07205396566553
-72.28189832207875, -338.55059925877146
-72.28189832207875, -351.17401319418116
-65.03471181990074, -354.79760644527016
-71.1818101515895, -354.79760644527016
-72.28189832207875, -354.79760644527016
-72.28189832207875, -355.92081393918465
-72.28189832207875, -367.5976705321842
-65.03471181990074, -367.5976705321842
-70.37168214334781, -370.266135973147
-72.28189832207875, -371.2212370040291
-72.28189832207875, -386.1462312589051
-72.28189832207875, -389.32314671784354
-65.03471181990074, -385.69955346675454
Holes:
Exterior:
-65.03471181990074, -102.06132409663732
-68.07147542969085, -102.06132409663732
-72.28189832207875, -102.06132409663732
-72.28189832207875, -110.76318651679769
-72.28189832207875, -114.86123559566076
-65.03471181990074, -114.86123559566076
-56.67349552941664, -114.86123559566076
-53.03378983635423, -114.86123559566076
-47.00745919624512, -114.86123559566076
-47.00745919624512, -110.87051858548877
-47.00745919624512, -102.06132409663732
-56.67349552941664, -102.06132409663732
-65.03471181990074, -102.06132409663732
Holes:
Exterior:
-65.03471181990074, -187.19155786128576
-56.67349552941664, -187.19155786128576
-53.09132102180854, -187.19155786128576
-47.00745919624512, -187.19155786128576
-47.00745919624512, -183.20079327773087
-47.00745919624512, -174.3914937743717
-56.67349552941664, -174.3914937743717
-65.03471181990074, -174.3914937743717
-68.02669678623386, -174.3914937743717
-72.28189832207875, -174.3914937743717
-72.28189832207875, -178.26542421303657
-72.28189832207875, -187.19155786128576
-65.03471181990074, -187.19155786128576
Holes:
Exterior:
-65.03471181990074, -390.8957814940983
-68.02669678623386, -390.8957814940983
-72.28189832207875, -390.8957814940983
-72.28189832207875, -399.8218087350752
-72.28189832207875, -403.6956929931217
-65.03471181990074, -403.6956929931217
-56.67349552941664, -403.6956929931217
-53.09132102180854, -403.6956929931217
-47.00745919624512, -403.6956929931217
-47.00745919624512, -399.70497598294975
-47.00745919624512, -390.8957814940983
-56.67349552941664, -390.8957814940983
-65.03471181990074, -390.8957814940983
Holes:
Exterior:
-65.03471181990074, 42.19755651859705
-68.02669678623386, 42.19755651859705
-72.28189832207875, 42.19755651859705
-72.28189832207875, 33.27147607398401
-72.28189832207875, 29.397568725628297
-65.03471181990074, 29.397568725628297
-56.67349552941664, 29.397568725628297
-53.09132102180854, 29.397568725628297
-47.00745919624512, 29.397568725628297
-47.00745919624512, 38.20681572173361
-47.00745919624512, 42.19755651859705
-56.67349552941664, 42.19755651859705
-65.03471181990074, 42.19755651859705
Holes:
Exterior:
-65.03471181990074, -425.1944112548405
-60.25900255560339, -426.52299832195047
-56.67349552941664, -427.5204749270772
-49.90185028034318, -429.4043272515266
-47.00745919624512, -430.2095319485439
-47.007443854717735, -421.12339576325974
-47.007443854717735, -417.9056496540705
-54.354281397367345, -414.23222952347555
-65.03471181990074, -408.8919973144108
-68.02669678623386, -407.3959828662404
-72.28189832207875, -405.26835085968565
-72.28189832207875, -410.2022650306397
-72.28189832207875, -423.17826407978936
-65.03471181990074, -425.1944112548405
Holes:
Exterior:
148.06278990661315, 472.89034299520347
148.06278990661315, 482.82892219190614
148.06278990661315, 491.20022393080234
124.65575898124695, 484.68845995710456
123.74568780671552, 484.435283708865
114.01113596942741, 481.7271595270628
106.78086492088755, 479.7157219146872
106.78086492088755, 476.8373198818731
106.78086492088755, 461.405861685195
111.34311253412943, 462.6750631026724
114.01113596942741, 463.41730619151673
114.57503936282512, 463.57417881711035
124.65575898124695, 466.3785829859888
148.06278990661315, 472.89034299520347
Holes:
Exterior:
148.06278990661315, 325.0301004263039
124.65575898124695, 318.5183229762232
114.57503936282512, 315.71391138756775
106.79105245716136, 313.5484246766785
106.69765647281076, 306.1050099119201
106.69768461680428, 305.0794080775636
106.69768461680428, 294.0396939660833
106.81267060311342, 294.06583498035604
112.67639571907057, 295.4286997628732
117.11736177828533, 296.4584257279449
119.14730309969548, 296.9289875101342
132.6126872250377, 300.0493382898216
148.0410118826478, 303.6238422432666
148.02894570997665, 311.9912748700939
148.06278990661315, 325.0301004263039
Holes:
Exterior:
148.06278990661315, -491.80149784159056
148.06278990661315, -481.86293935099457
148.06278990661315, -473.49153296690247
124.65575898124695, -466.97985065011795
123.74568780671552, -466.7265879358039
114.01113596942741, -464.0184685388947
106.78086492088755, -462.00703423226383
106.78086492088755, -464.8854242712864
106.78086492088755, -480.31688246796443
111.34311253412943, -481.5860806244909
114.01113596942741, -482.3283287683869
114.57503936282512, -482.4852639000335
124.65575898124695, -485.28966806891196
148.06278990661315, -491.80149784159056
Holes:
Exterior:
148.06278990661315, -325.6314190145461
148.0797615261368, -313.9180603065077
148.0410118826478, -304.2250523494151
132.61268722503775, -300.65054876477865
119.14730309969548, -297.5301742165925
117.11736177828533, -297.05963985879697
115.37107372815689, -296.6548414973371
112.67639571907057, -296.02989852563485
106.69768461680428, -294.6408806725416
106.69768461680428, -305.68061659952616
106.69765647281076, -306.7062633749562
106.79105245716136, -314.14964953010946
111.73507897338027, -315.52506733275425
114.57503936282512, -316.3151436607757
124.65575898124695, -319.1195813129013
148.06278990661315, -325.6314190145461
Holes:
