Exterior:
92.25477181505858, -85.40214841337477
92.41489035372456, -84.94907452406076
92.43810179936872, -84.88352007654389
92.44654401982757, -84.85529307042641
92.51561178005636, -84.62324687175848
92.52017131840103, -84.60579154015431
92.58344909295442, -84.36271355247787
92.58521891585906, -84.35477023741805
92.63944584216688, -84.11120278392504
92.64138621761754, -84.10213884331176
92.64144696122867, -84.10185415553917
92.68619069746978, -83.84770927062694
92.68740055243302, -83.84085787240878
92.7219008260679, -83.592259790543
92.72357081740802, -83.58019401537507
92.7480997754044, -83.3358945876948
92.74968880030565, -83.32001196679528
92.76446291906427, -83.07871352019475
92.76556865759699, -83.06049662485243
92.75993604553742, -82.8190704686933
92.7602921808134, -82.80172458805741
92.75949235392136, -71.72256915024401
92.75672129289092, -33.31604714726649
92.76601510914634, -9.627477879726046
92.75952258787561, 83.59826930842696
92.75756626152338, 83.61518258798732
92.76556865759699, 83.85696505127667
92.75067261719664, 84.10034491784464
92.74968880030565, 84.11655668716483
92.72481937477869, 84.36425979580082
92.72357081740802, 84.37673514188887
92.68839187456274, 84.63023852846312
92.68740055243302, 84.63740259277833
92.6415001222947, 84.89809780255673
92.64144696122867, 84.89839887590873
92.63944584216688, 84.90774477347011
92.58344909295442, 85.15918197890211
92.58122291994482, 85.16771057737226
92.51561178005636, 85.41979694456847
92.5099432888569, 85.43874833842884
92.43810179936872, 85.68006479691344
92.29078839139447, 86.09699655976378
92.25477181505858, 86.19869313374433
92.10174945357744, 86.55775623044997
92.03516232808897, 86.71361774301946
91.88868775082597, 87.00764425296957
91.78095842168227, 87.22330175063759
91.65365027249709, 87.44659571643422
91.49394459149948, 87.72644136701561
91.3989786094503, 87.87457389771811
91.17576137971037, 88.22166384542194
91.12591032354567, 88.29146259572913
90.87430912341688, 88.64324535430431
90.83474798876273, 88.69601422795809
90.82666001057328, 88.70677454980833
90.8131170755953, 88.72308765190219
90.43838348226609, 89.17511480597659
90.3032372024129, 89.32339851146953
90.02427866039625, 89.62990423343682
89.7394866205093, 89.91598425683415
89.58618935808568, 90.07007791135446
89.13358646716688, 90.48764298459794
89.12602280844612, 90.49423021155793
89.12299265261436, 90.49665058630785
88.63116636453537, 90.8897004603019
88.41886207997845, 91.04563933713696
88.11945565486121, 91.26554621873689
87.66962448285972, 91.56886992234088
87.59274345251606, 91.62070564296693
87.42216068591688, 91.72621161356226
87.04351115833242, 91.94376922889852
86.85494864081056, 92.04247189062976
86.48048210679349, 92.23832217360555
85.99834424878077, 92.46720337653566
85.91108156700716, 92.50856180658181
85.74430424060438, 92.57977106601449
85.32806011943717, 92.74045355864742
85.09954866393332, 92.81854860824484
84.74092330469489, 92.94074961611786
84.18481514223618, 93.10584231700936
84.15602556029921, 93.11436106354915
84.10551029529188, 93.12710889300105
83.56636876051516, 93.24206190878722
83.2616482486576, 93.29387778002105
82.98427697809484, 93.34071558886059
82.51005131091688, 93.39992826818244
82.41091753144929, 93.40839597772818
82.35587262065337, 93.41064189633754
81.84502185659153, 93.4309263796478
81.48313352637228, 93.42846093505231
81.29460813207174, 93.42700226312185
80.96219974841688, 93.4081698564385
80.75942023550829, 93.38840118180984
80.65595528260951, 93.3729752507596
80.24121858537069, 93.31085130811415
79.92722963267147, 93.25127140987263
79.74346617259494, 93.21172862308633
79.63373182434361, 93.17893536625999
79.47368345907194, 93.12975816182252
79.3477053412555, 93.08865464354004
79.26595878196372, 93.06608480579
78.75747286722776, 92.90869552300255
78.75710496912484, 92.90860033814147
78.75600128905376, 92.9082560355067
78.7540518048861, 92.90764680622266
78.75212000508623, 92.90704351150421
78.04678964673099, 92.64420712256022
76.86917833094276, 92.20582342473075
76.86867313398125, 92.20566632331128
76.86034829837376, 92.20256726939643
76.84604722835184, 92.19724745987126
76.84540152650766, 92.19696688129565
76.65996466808406, 92.11478297047293
76.657406750561, 92.11365714036282
75.37591249029833, 91.54540871251503
75.3464186203621, 91.53245713294291
75.07038306455206, 91.40975727740233
75.0675177140613, 91.40827788988986
74.14374303908676, 90.92268031687674
74.11821321316052, 90.90949289419991
74.10539371410209, 90.90286006177998
73.43553780063735, 90.55031024189165
73.42950032228214, 90.54663840845427
72.96963741824425, 90.25876051409128
72.95377689685438, 90.24911017795905
72.9291184203023, 90.234111252797
71.9548057787731, 89.6251547471058
71.94533085266562, 89.61830625732357
71.85907333276054, 89.55529417158762
71.85559133474703, 89.55278243940899
70.8953610675785, 88.84611890943833
70.85111576404188, 88.81410487971603
68.96801102918994, 88.72428193914257
68.86133661936083, 88.71926131360968
67.54260266026427, 88.65644233356741
67.46516015302632, 88.65279148234124
67.45702574860411, 88.65212130752958
66.91845457477916, 88.60670907160528
66.88142854177454, 88.60366903943684
63.28387774240332, 88.30034764925487
62.95723178347566, 88.2735282638982
62.564331840146, 88.24038292941742
62.55787116414149, 88.23985363601255
62.52746017997538, 88.2360577742743
59.45861322987321, 87.83981606682447
59.10512604243672, 87.79573886394229
59.01609862354576, 87.7846381641495
57.750346128369074, 87.62125506792106
57.68719692159061, 87.61058128792422
57.25540550914411, 87.53462772606308
57.19933278215149, 87.52514304090049
55.559987170181785, 87.23662471574144
55.32819858781272, 87.19744390441765
53.706293223039665, 86.91226353967696
53.49705470924869, 86.87692684713826
53.076493174308325, 86.80294205326788
53.03666163062758, 86.7943190032525
52.97184336209443, 86.78032747680325
51.82717153907629, 86.52192533285161
51.63489494208943, 86.48044559793654
51.37038891024781, 86.42336565148763
49.823854645442225, 86.07455733889132
49.75880097153754, 86.06052548974826
48.569386943220934, 85.7923369396428
48.41591954733144, 85.75152930565926
48.09737939962315, 85.66233889161117
48.0349083328108, 85.64571414484453
46.59431120800923, 85.24316232527173
46.29581651224521, 85.16381786927978
44.86865899238114, 84.76525634387902
44.67514453806484, 84.7138342495714
44.559552741545986, 84.6768176392533
44.14307677269858, 84.56041152131856
44.053161043577575, 84.53159081479235
43.09653662991013, 84.21701697007417
42.8729655719942, 84.14536902172493
41.53108132231, 83.70417197223681
41.20084720935438, 83.59826930842696
41.20084720935438, 81.61908977378837
41.20084720935438, 81.55636632051848
41.20084720935438, 81.46737809647568
41.20084720935438, 81.35212694282801
41.20084720935438, 81.21079989828297
41.20084720935438, 81.04392563837233
41.20084720935438, 74.81751407683669
41.20084720935438, 74.55474409278979
41.20084720935438, 74.18468347807809
41.20084720935438, 73.70653549085246
41.20084720935438, 73.68685020846797
41.20084720935438, 73.66426998733944
41.20084720935438, 73.09499218220108
41.20084720935438, 72.41901160070852
41.20084720935438, 71.88094501669988
40.852380774595076, 71.64766939911117
40.83960535541837, 71.63911708674728
39.79543642281715, 70.8085128949156
39.747471064777756, 70.77035793147384
15.937213262717933, 70.77035793147384
9.200725139041879, 70.77035793147384
9.200725139041879, 65.91709102900145
9.200725139041879, 65.23855012885929
9.200725139041879, 64.33942288971956
9.200725139041879, 63.09131951257962
9.200725139041879, 61.2420648631816
9.200725139041879, 61.19821437678634
9.200725139041879, 61.10690556218673
9.200725139041879, 56.398257101395714
9.069607452834134, 56.398257101395714
9.06014490530697, 56.398257101395714
9.06014490530697, 61.19162476997744
9.06014490530697, 61.19821437678634
2.176961933285156, 61.19821437678634
1.6700685074124522, 61.19821437678634
1.6700685074124522, 56.75125172159856
1.6700685074124522, 56.398257101395714
-4.715612586004454, 56.398257101395714
-5.7199197938221005, 56.398257101395714
-5.7199197938221005, 60.49881887266305
-5.7199197938221005, 61.19821437678634
-11.608312408509619, 61.19821437678634
-13.110084288376356, 61.19821437678634
-13.110084288376356, 57.44406174838643
-13.110084288376356, 56.398257101395714
-18.500974625361096, 56.398257101395714
-20.500160686270874, 56.398257101395714
-20.500160686270874, 59.80600471640168
-20.500160686270874, 61.19821437678634
-25.393620144909846, 61.19821437678634
-27.890237084165392, 61.19821437678634
-27.890237084165392, 58.13687177517431
-27.890237084165392, 56.398257101395714
-32.286265664458824, 56.398257101395714
-35.280313482059455, 56.398257101395714
-35.280313482059455, 59.113194689613806
-35.280313482059455, 61.19821437678634
-39.178911184007575, 61.19821437678634
-42.67038987995397, 61.19821437678634
-42.67038987995397, 58.82968180196219
-42.67038987995397, 56.398257101395714
-46.071556703556325, 56.398257101395714
-50.06046627784849, 56.398257101395714
-50.06046627784849, 58.420384662825924
-50.06046627784849, 61.19821437678634
-52.964202223105076, 61.19821437678634
-57.45054267574278, 61.19821437678634
-57.45054267574278, 59.52249182875006
-57.45054267574278, 56.398257101395714
-59.856874497217404, 56.398257101395714
-64.84070717029704, 56.398257101395714
-64.84070717029704, 57.727570506564554
-64.84070717029704, 61.19821437678634
-66.7495754290187, 61.19821437678634
-72.23078356819155, 61.19821437678634
-72.23078356819155, 60.21530598501143
-72.23078356819155, 56.398257101395714
-73.64222094856746, 56.398257101395714
-79.62085996608607, 56.398257101395714
-79.62085996608607, 57.03476047977668
-79.62085996608607, 61.19821437678634
-80.53485630569571, 61.19821437678634
-87.01084826732063, 61.19821437678634
-87.01084826732063, 60.81141258787098
-87.01084826732063, 54.79829677424728
-86.65669808654593, 54.79829677424728
-81.46833501722972, 54.79829677424728
-81.46833501722972, 54.06508536084198
-81.46833501722972, 48.3983028777629
-82.0707058565772, 48.3983028777629
-87.01084826732063, 48.3983028777629
-87.01084826732063, 48.011496477751535
-87.01084826732063, 41.99830898127853
-86.65669808654593, 41.99830898127853
-81.46833501722972, 41.99830898127853
-81.46833501722972, 41.26508882730372
-81.46833501722972, 35.59823879084884
-82.0707058565772, 35.59823879084884
-87.01084826732063, 35.59823879084884
-87.01084826732063, 35.21143239083747
-87.01084826732063, 29.198244894364464
-86.65669808654593, 29.198244894364464
-81.46833501722972, 29.198244894364464
-81.46833501722972, 28.46503348095916
-81.46833501722972, 22.79825099788009
-82.0707058565772, 22.79825099788009
-87.01084826732063, 22.79825099788009
-87.01084826732063, 22.411444597868723
-87.01084826732063, 16.398257101395714
-86.65669808654593, 16.398257101395714
-81.46833501722972, 16.398257101395714
-81.46833501722972, 15.66504568799041
-81.46833501722972, 9.99826320491134
-82.0707058565772, 9.99826320491134
-87.01084826732063, 9.99826320491134
-87.01084826732063, 9.611456804899973
-87.01084826732063, 3.598269308426964
-86.65669808654593, 3.598269308426964
-81.46833501722972, 3.598269308426964
-81.46833501722972, 2.8650578950216605
-81.46833501722972, -2.801724588057411
-82.0707058565772, -2.801724588057411
-87.01084826732063, -2.801724588057411
-87.01084826732063, -3.188535599164788
-87.01084826732063, -9.201794778487098
-86.65669808654593, -9.201794778487098
-81.46833501722972, -9.201794778487098
-81.46833501722972, -9.934997451322896
-81.46833501722972, -15.60171238102616
-82.0707058565772, -15.60171238102616
-87.01084826732063, -15.60171238102616
-87.01084826732063, -15.988518781037527
-87.01084826732063, -22.001706277510536
-86.65669808654593, -22.001706277510536
-81.46833501722972, -22.001706277510536
-81.46833501722972, -22.73491769091584
-81.46833501722972, -28.40170017399491
-82.0707058565772, -28.40170017399491
-87.01084826732063, -28.40170017399491
-87.01084826732063, -28.788506574006277
-87.01084826732063, -34.801694070479286
-86.65669808654593, -34.801694070479286
-81.46833501722972, -34.801694070479286
-81.46833501722972, -35.534905483884586
-81.46833501722972, -41.20168796696366
-82.0707058565772, -41.20168796696366
-87.01084826732063, -41.20168796696366
-87.01084826732063, -41.58849897807104
-87.01084826732063, -47.60175815739335
-86.65669808654593, -47.60175815739335
-81.46833501722972, -47.60175815739335
-81.46833501722972, -48.33496957079865
-81.46833501722972, -54.00175205387772
-82.0707058565772, -54.00175205387772
-87.01084826732063, -54.00175205387772
-87.01084826732063, -54.38855845388909
-87.01084826732063, -60.4017459503621
-86.5294680282991, -60.4017459503621
-79.62085996608607, -60.4017459503621
-79.62085996608607, -59.76523245494234
-79.62085996608607, -55.60171238102616
-78.56466744446857, -55.60171238102616
-72.23078356819155, -55.60171238102616
-72.23078356819155, -56.584636395848264
-72.23078356819155, -60.4017459503621
-70.59977809659699, -60.4017459503621
-64.84070717029704, -60.4017459503621
-64.84070717029704, -59.07241141613764
-64.84070717029704, -55.60171238102616
-62.63486040796556, -55.60171238102616
-57.45054267574278, -55.60171238102616
-57.45054267574278, -57.2774615641921
-57.45054267574278, -60.4017459503621
-54.669904451883895, -60.4017459503621
-50.06046627784849, -60.4017459503621
-50.06046627784849, -58.3795862477938
-50.06046627784849, -55.60171238102616
-46.70501510401232, -55.60171238102616
-42.67038987995397, -55.60171238102616
-42.67038987995397, -57.97028260299681
-42.67038987995397, -60.4017459503621
-38.74012575614097, -60.4017459503621
-35.280313482059455, -60.4017459503621
-35.280313482059455, -57.686765208989094
-35.280313482059455, -55.60171238102616
-30.77523640826962, -55.60171238102616
-27.890237084165392, -55.60171238102616
-27.890237084165392, -58.66310364180152
-27.890237084165392, -60.4017459503621
-22.81034706039827, -60.4017459503621
-20.500160686270874, -60.4017459503621
-20.500160686270874, -56.99394417018439
-20.500160686270874, -55.60171238102616
-14.845457712526922, -55.60171238102616
-13.110084288376356, -55.60171238102616
-13.110084288376356, -59.35592468060622
-13.110084288376356, -60.4017459503621
-6.8804883266909656, -60.4017459503621
-5.7199197938221005, -60.4017459503621
-5.7199197938221005, -56.301119001840554
-5.7199197938221005, -55.60171238102616
1.0843285089936217, -55.60171238102616
1.6700685074124522, -55.60171238102616
1.6700685074124522, -60.04874571941093
1.6700685074124522, -60.4017459503621
9.049210331087352, -60.4017459503621
9.06014490530697, -60.4017459503621
9.06014490530697, -55.608302092574974
9.06014490530697, -55.60171238102616
9.200725139041879, -55.60171238102616
9.200725139041879, -55.6930226469532
9.200725139041879, -60.4017459503621
9.200725139041879, -60.445596436757356
9.200725139041879, -62.294851086155376
9.200725139041879, -63.542954463295324
9.200725139041879, -64.44208170243505
9.200725139041879, -69.9738895050496
39.747471064777756, -69.9738895050496
40.826840868169484, -70.8324195020261
40.83960535541837, -70.84257236637772
41.20084720935438, -71.08442378845486
41.20084720935438, -71.6367921242737
41.20084720935438, -72.3346370048858
41.20084720935438, -72.9267703644246
41.20084720935438, -73.41155438482674
41.20084720935438, -73.78851707304831
41.20084720935438, -74.05807088866783
41.20084720935438, -80.41427362337141
41.20084720935438, -80.55558222245845
41.20084720935438, -80.67085150240304
41.20084720935438, -80.75982160014892
41.20084720935438, -82.80172458805741
42.56114619097889, -83.23795839940591
42.88016971120555, -83.34280505346182
43.84903944030361, -83.65316411747328
44.066308232568645, -83.7245573443821
44.469204653950555, -83.85360049922797
44.56150205968606, -83.87938194561177
45.0893909606898, -84.04841806766211
45.98916758986502, -84.28775688981264
46.29020432792299, -84.37187006599677
47.75765682533847, -84.76221144914062
48.04232361926529, -84.84172744187609
48.365536794727404, -84.9276933469165
48.42669372997398, -84.94479244078646
49.23731354040024, -85.16017696899472
49.45754156699218, -85.209867878563
49.81538913921577, -85.28704843435487
50.09007231231362, -85.34904629074833
51.63532975143812, -85.6824767758819
52.79628282239082, -85.93296928871774
52.980266604059125, -85.97449373529984
53.39119893201837, -86.06313081394129
53.45687055271128, -86.07469045254297
53.71087257294744, -86.12959722164744
53.957653089689984, -86.17300535374278
55.32544900830135, -86.4042310975983
56.986240432147724, -86.68498513719709
57.20309415401812, -86.72312381652907
57.63750643617891, -86.79663658651099
57.69240295246573, -86.80629524896901
58.19453769459642, -86.89104216298946
58.34947671200962, -86.91106024626876
59.10223249392152, -87.004981240603
62.22705293871536, -87.39487601546365
62.53048429637124, -87.43403184293693
62.85034262204522, -87.47393254627411
62.9185957788884, -87.47959972474219
62.95520484848794, -87.48269077389304
66.62377929480022, -87.78416881811522
66.88196021456065, -87.80593297282782
67.42261948302098, -87.8503873102855
67.45809641128199, -87.85337772333969
67.58248991157984, -87.863407763534
68.78417845219656, -87.9201545252737
68.86079237138938, -87.92380922076516
70.76306323577296, -88.0134364017133
70.85111576404188, -88.01763645329179
71.82742214876112, -88.72397710768102
71.86629415961465, -88.75257622632154
71.95319347629629, -88.81532310728666
71.95660842314646, -88.81781729408956
72.1964847972879, -88.99116747990631
72.23346171057597, -89.01428323634381
72.95377689685438, -89.45242540159852
73.42306736088108, -89.73796430873034
73.43752648461532, -89.7470168468277
73.63067401189392, -89.86446682934879
73.65083352699435, -89.87507868843069
74.11416977202066, -90.11475532710452
75.05078199494505, -90.59867640419138
75.0716035533128, -90.60961895555562
75.20005514224681, -90.67593286865807
75.2060176021937, -90.67858516523627
76.64072324487051, -91.30867063983327
76.6585943163177, -91.31659389575314
76.84481764232942, -91.39840456229015
76.84718646389842, -91.39945435870798
76.89782458553282, -91.42160806441096
76.91248896370121, -91.4270680739757
78.04106495219526, -91.8468247048366
78.71050654636451, -92.09604379429457
78.75143334192535, -92.1088041647769
78.75333418696141, -92.10951226836109
79.26595878196372, -92.26954197814423
79.47334939906227, -92.33343128319675
79.74346617259471, -92.41518390271678
79.88636484968015, -92.44160723021729
80.24121858537069, -92.5143433724978
80.42103470055326, -92.54104874608579
80.75942023550829, -92.59192240949208
80.81076881216222, -92.59688044120388
80.96219974841688, -92.61164329542214
81.20628768919278, -92.62527400205961
81.29460813207174, -92.63039763328962
81.60787505479652, -92.63242747935712
81.84502185659153, -92.63438165927825
82.01806691176944, -92.62718732276875
82.41091753144929, -92.61191777865217
82.43692506777802, -92.60965930399172
82.51005131091688, -92.6034598417582
82.85569714866028, -92.56007436362275
82.98427697809484, -92.54422448523344
83.27901658785913, -92.49384864812528
83.56636876051516, -92.44551718841767
83.70835203607794, -92.41503225415501
84.10551029529188, -92.33063389421967
84.14243693154162, -92.32129800796417
84.15602556029921, -92.31789263712491
84.570439522053, -92.19452540603133
84.74092330469489, -92.14415818341423
85.00156735260612, -92.0550147766506
85.32806011943717, -91.94398513222318
85.43545404134125, -91.9023731249649
85.74430424060438, -91.78324839685175
85.86770487651961, -91.73048813491567
85.91108156700716, -91.71201708621226
86.29122096966466, -91.53135251039228
86.48048210679349, -91.44176810889657
86.71417687919461, -91.31944261946998
87.04351115833242, -91.14722450852896
87.13586909964647, -91.09409120377425
87.42216068591688, -90.9296146475972
87.55126832032579, -90.84973505280621
87.59274345251606, -90.82409223309067
87.95355004432281, -90.58090777204822
88.11945565486121, -90.46907779231265
88.35085248526502, -90.29907740845236
88.63116636453537, -90.09315573993234
88.74252921006314, -90.00422147004129
89.12602280844612, -89.69776144795205
89.1276428126173, -89.6963526622165
89.13358646716688, -89.69117333953609
89.49078921865907, -89.36162429168499
89.58618935808568, -89.27355302806814
89.84403624140805, -89.01465521395106
90.02427866039625, -88.83339676896063
90.1866279108026, -88.65530682774175
90.43838348226609, -88.37857008560704
90.51722924874525, -88.28363550180119
90.82666001057328, -87.91030403497628
90.87430912341688, -87.84676681639738
91.17576137971037, -87.42511912505239
91.24231070295946, -87.32136206279172
91.49394459149948, -86.92994615828378
91.61475983552305, -86.7180960329242
91.78095842168227, -86.42675911195361
91.93383067124478, -86.12000910792953
92.03516232808897, -85.91712319784028
92.20035570567848, -85.52955578011105
92.25477181505858, -85.40214841337477
Holes:
Exterior:
-97.5284441821982, -70.41830173649493
-96.54285535981376, -71.13799110492046
-96.39481636482583, -71.24609104313555
-95.28252287969599, -71.92733575426618
-95.18401587353196, -71.98766819157305
-93.94229572182144, -72.61876505205714
-93.90520476092888, -72.63761631169024
-93.19978755627062, -72.92953672219363
-93.19978755627062, -71.38566575258416
-93.19978755627062, -69.17491356567626
-93.19978755627062, -67.55383691126812
-93.19978755627062, -66.29585484620455
-93.19978755627062, -65.27559691612338
-93.19978755627062, -64.41826165397569
-93.19978755627062, -63.67616623186179
-93.19978755627062, -63.01710190525772
-93.19978755627062, -62.41826530925884
-93.19978755627062, -61.86292550169593
-93.19978755627062, -61.338116562757925
-93.19978755627062, -60.83319156691319
-93.19978755627062, -60.33914730380358
-93.19978755627062, -59.84775241572949
-93.19978755627062, -59.350978902548995
-93.19978755627062, -58.840538662281006
-93.19978755627062, -58.30741832017561
-93.19978755627062, -57.741079958414446
-93.19978755627062, -57.128542111713706
-93.19978755627062, -56.45331085827822
-93.19978755627062, -55.69321255442172
-93.19978755627062, -54.81747313698195
-93.19978755627062, -51.702880089288854
-93.19978755627062, -50.96464098529057
-93.19978755627062, -48.148227969042246
-93.19978755627062, -45.33178137850243
-93.19978755627062, -42.515368362254094
-93.19978755627062, -39.69895534600577
-93.19978755627062, -36.88254232975744
-93.19978755627062, -34.066129313509116
-93.19978755627062, -31.249749871552282
-93.19978755627062, -28.433303281012456
-93.19978755627062, -25.616890264764127
-93.19978755627062, -22.800477248515797
-93.19978755627062, -19.984064232267475
-93.19978755627062, -17.16765121601914
-93.19978755627062, -14.351238199770812
-93.19978755627062, -11.534825183522486
-93.19978755627062, -8.718378592982674
-93.19978755627062, 46.12831695350965
-93.19978755627062, 48.94472996975798
-93.19978755627062, 51.76114298600631
-93.19978755627062, 52.49938564459095
-93.19978755627062, 55.61394156340619
-93.19978755627062, 56.48971740599563
-93.19978755627062, 57.24981358223721
-93.19978755627062, 57.925043186270635
-93.19978755627062, 58.53757976986955
-93.19978755627062, 59.10391719227619
-93.19978755627062, 59.63703687534765
-93.19978755627062, 60.14747670873132
-93.19978755627062, 60.64425005043836
-93.19978755627062, 61.13564499560723
-93.19978755627062, 61.629689546431244
-93.19978755627062, 62.134615072412025
-93.19978755627062, 62.65942480615638
-93.19978755627062, 63.21473373568308
-93.19978755627062, 63.81360375134455
-93.19978755627062, 64.47263465828601
-93.19978755627062, 65.21480549588671
-93.19978755627062, 66.07206534254759
-93.19978755627062, 67.09236816678514
-93.19978755627062, 68.35035565527555
-93.19978755627062, 69.97143976389943
-93.19978755627062, 72.18213417900837
-93.19978755627062, 73.72600514861784
-93.87016443784091, 73.44858535623439
-93.90520476092888, 73.43408473811445
-95.08961231095645, 72.8321873274005
-95.18401587353196, 72.78421291194257
-96.25052578405507, 72.13100919761227
-96.39481636482583, 72.04263576350507
-97.34488921996694, 71.34888060157007
-97.5284441821982, 71.21484645686445
-98.36546461202443, 70.48996550114843
-98.57705872293377, 70.30671962580976
-99.30495354001937, 69.55910020790641
-99.53290748097629, 69.32496913752851
-100.15650998822798, 68.5613349454455
-100.38920701352663, 68.27638515315351
-100.9135036291193, 67.50260602704189
-101.13961436108502, 67.16890224299726
-101.56995977184556, 66.38896434098609
-101.77901991738645, 66.0100735076457
-102.12014351527728, 65.22725322212455
-102.30257836614669, 64.80859645686445
-102.55888709282999, 64.02473208253596
-102.70658964765653, 63.57301601252853
-102.88166214124112, 62.788980371173054
-102.9881465721453, 62.31210597834884
-103.0845718515186, 61.52818234441839
-103.14522291643948, 61.035097921708214
-103.16448523329586, 60.250966908633394
-103.176761520622, 59.751223409989464
-103.11896822819267, 58.96621162922262
-103.08240999805389, 58.46963771663009
-102.94645732015351, 57.683076683425604
-102.86287312201307, 57.19949611506759
-102.64635638068876, 56.411139925934
-102.51973663237482, 55.95010646663009
-102.2190942979762, 55.16016961142215
-102.05555533227084, 54.730471456864464
-101.66599283774326, 53.939919303186485
-101.47350070145194, 53.54928859553634
-100.98961870165863, 52.7602248445731
-100.77797757290386, 52.415102804520714
-100.19351829938068, 51.6308595433922
-99.97383126291197, 51.33607753596603
-99.28243930618487, 50.561419908804886
-99.06696424767802, 50.31999477229415
-98.26218177642681, 49.561213819001615
-98.06380758336172, 49.37417873225509
-98.06380758336172, 30.76322543765969
-98.06380758336172, -48.57771030583085
-98.84572348011193, -49.31493174233696
-99.06696424767802, -49.52352634586991
-99.74207386767125, -50.27988392660153
-99.97383126291197, -50.53953281559647
-100.54718127669253, -51.30886937152948
-100.77797757290386, -51.61855808415116
-101.25465872724453, -52.39587945551482
-101.47350070145194, -52.752743875166786
-101.85868211041588, -53.534405345895536
-102.05555533227084, -53.93392673649491
-102.35375596789504, -54.717448035306894
-102.51973663237482, -55.153561746260536
-102.73506435140598, -55.937588602345514
-102.86287312201307, -56.402951394698036
-102.99838052378868, -57.186936260561964
-103.08240999805389, -57.673092996260536
-103.14012531371964, -58.45704561124679
-103.176761520622, -58.95467868961991
-103.15749058651522, -59.739160493994895
-103.14522291643948, -60.23855320133866
-103.04857677847713, -61.02427238378903
-102.9881465721453, -61.515561257979286
-102.81231133566439, -62.30301272785134
-102.70658964765653, -62.77647129215897
-102.4485394468968, -63.56566158537109
-102.30257836614669, -64.01205173649493
-101.95814158225471, -64.80252540894237
-101.77901991738645, -65.21360508122149
-101.34300592502154, -66.00376443026255
-101.13961436108502, -66.37235752262774
-100.60631312714804, -67.15948026619826
-100.38920701352663, -67.4799167267293
-99.75207651711344, -68.26000312255832
-99.53290748097629, -68.52834812321368
-98.78562192349705, -69.29600302833732
-98.57705872293377, -69.51025119938555
-97.71332567497734, -70.25820311846316
-97.5284441821982, -70.41830173649493
Holes:
