Exterior:
56.72405476672907, 89.61433910146206
56.347473741921476, 89.81270932434013
56.34614713204337, 89.81343170803832
56.34500085080617, 89.81405513209202
55.40020141074001, 90.3110638123117
55.39758135731768, 90.31227485939687
55.116731248053156, 90.43656862855987
55.11440805928851, 90.43764080197508
53.82671228622189, 91.0088612114822
53.81141105767733, 91.01592856222655
53.62612866488848, 91.09778859431577
53.62150801589655, 91.09959848687451
53.61830481693778, 91.10085000733892
53.59918558937488, 91.10832506991076
52.42241196637519, 91.54667800182942
52.41943120653832, 91.5478472284292
51.72701433760744, 91.80569227460434
51.71145750573851, 91.81081075767173
51.006711034017826, 92.02907547845713
50.98546221525862, 92.03607009448056
49.73856727817042, 92.42257577066778
49.717276849066366, 92.42958711518538
49.69110065426935, 92.43675272034933
48.02675093437597, 92.85885367533459
47.67053917636713, 92.94903542965874
47.661683607488385, 92.95145711826801
47.61077909393339, 92.96539503722852
47.589052182192745, 92.97024031723889
47.570682972793975, 92.97433085723188
46.41484287913045, 93.20783739843232
46.34921242606947, 93.22248105773767
45.42428355380048, 93.40947070380807
45.36670669655814, 93.41958970894879
45.328443030945664, 93.42631603190225
44.71410160294204, 93.52091451799264
44.68231484214539, 93.52650912956021
43.17383566626927, 93.75890128516188
43.09497817270881, 93.76925943773938
41.467139765076354, 93.94552929591474
40.96191628264137, 94.00018467043616
40.95766048120822, 94.00074854734709
40.87531104936011, 94.01159520141346
40.81778252226718, 94.0167058895973
40.77149866465311, 94.02083390228618
39.691801595512516, 94.09030439688958
39.60690235516631, 94.09786465755494
38.546016658070585, 94.1662401953728
38.41384013383572, 94.1725341258804
37.88150443647305, 94.18378972246124
37.82380466351424, 94.18654449742482
36.22895542984975, 94.22066300160758
36.20137489142576, 94.22199465402892
36.03852634320174, 94.22311875751322
35.244860376519455, 94.20613554492559
35.16134203282854, 94.20671307310849
34.37447857808934, 94.18991566396662
33.85730044498132, 94.17898165373158
33.83992858450347, 94.17840423581362
33.734339772546036, 94.17480259681983
33.663794918221356, 94.17240741978317
33.40423960501903, 94.1556359522179
33.36823825726424, 94.15441358417313
32.60074549478941, 94.10504213206734
31.84178041485484, 94.05618313408085
31.5757918291647, 94.03903213031225
31.529311550949842, 94.03746346098994
31.46146159271234, 94.03234989247544
31.34697238884928, 94.02369195132934
31.306183293392678, 94.0206168416443
30.825633312858145, 93.96857961657183
30.750852933179203, 93.96293780884447
30.01148978687911, 93.88290300906685
29.891675757264238, 93.86876490350403
29.772072085791706, 93.85463919797955
28.990967101898832, 93.76989015524104
28.983302881843883, 93.76898688333738
28.31497427148065, 93.66611024733288
28.24831076010946, 93.65825741164919
27.541399193190273, 93.54944862920775
27.49017219676466, 93.54112965163188
27.36378611483815, 93.52061777844648
26.812380884506638, 93.4357132282959
26.711095441736916, 93.41929602593076
25.886668113747646, 93.25255007299903
25.83121304067231, 93.24355289959996
25.72807390678645, 93.22203858239249
25.053667935100293, 93.08588082362245
24.92127570279763, 93.05823868872226
24.576189555898736, 92.98848002877062
24.507157955218645, 92.97405397669326
24.19433327256411, 92.8946980702004
24.15323623545123, 92.88613007312827
23.51202828119699, 92.72357611202524
23.35409416956577, 92.68276146093254
23.21935364936212, 92.64795951378757
22.4209427391354, 92.44545131030799
22.38672796650212, 92.4365973221927
21.93188800246753, 92.2957629527583
21.33114631537046, 92.10938364910365
20.744300619502383, 91.92774002731811
20.718268662843684, 91.9210048793013
20.64017380030691, 91.89664250506
20.502231019527926, 91.85353429060687
20.365539559946455, 91.81084599773813
19.792143447923536, 91.59717397620474
18.83480800652592, 91.24079131816094
18.826821654532978, 91.23830779721662
18.695219383479753, 91.18931673570609
18.469142451500602, 91.10521909725526
18.458934943133045, 91.10078360092837
18.308533119671893, 91.03412689550318
18.270826305420997, 91.01753079087808
17.231688780636432, 90.55674974558848
16.93226234235408, 90.42526325874238
16.708834793841334, 90.32594805333031
16.681506570513193, 90.31183842434872
15.933911648462527, 89.9188526783875
15.730607979581919, 89.813836239145
15.628521455402279, 89.76101648354121
15.087401478006313, 89.47622128096975
15.044286170582609, 89.44999970001437
14.672896181376927, 89.2175065653403
14.566968726014238, 89.15305499248441
14.402282483353702, 89.05288186850234
13.616665050687061, 88.56186201900508
13.560799808627962, 88.5214825442656
13.491270296749235, 88.47069045601054
13.470946441240812, 88.45602988421287
12.697025653891615, 87.88647733603253
12.464307593201738, 87.71809239308148
10.948593559481424, 87.64579376355893
10.474414584585247, 87.62347655484564
9.415781221265433, 87.57304768125539
9.10327076961471, 87.5583150853427
9.070445303464112, 87.55561067092549
8.638925445213317, 87.51922498494505
8.494734234146335, 87.5073861276741
5.614557447332345, 87.2645489098928
4.569968152554111, 87.17878252561518
4.25716469211693, 87.15239419062313
4.236868970094292, 87.15073145567
4.141335177555675, 87.13880704487737
1.6996155393158006, 86.82353841978747
0.7176346771339013, 86.70109276623303
0.470318155723362, 86.67025522772875
-0.5303148674072418, 86.54109370355208
-0.6983587937038465, 86.51269011797116
-1.039409865999687, 86.45269808716478
-1.186564503247837, 86.42780692386
-2.480412495285009, 86.20009480937526
-3.0592927774898726, 86.1022427112075
-4.335558256408831, 85.87783636624485
-4.8354091895969304, 85.79342036451919
-5.16549865625052, 85.73535133271244
-5.259626443639036, 85.71497379914257
-5.412801531411787, 85.68190976734363
-6.310089220242844, 85.47935296645724
-6.751799365539, 85.38406305586341
-7.359439606666683, 85.25293533759437
-8.565230941556365, 84.98097884077605
-8.709490600521349, 84.94986253864393
-9.636160766172907, 84.74091735871879
-9.967928415081587, 84.65269892831034
-10.215683344731815, 84.58332819147557
-10.349850410887711, 84.54762376680236
-11.469555381032933, 84.23474012615314
-12.092585819519854, 84.06912910555636
-13.198338864233165, 83.76032603786179
-13.591712586320455, 83.65579585841455
-13.826686120468594, 83.58054896364723
-14.148340528985273, 83.49064571877179
-14.32977618383552, 83.43249011226182
-15.06791754032929, 83.18976165881622
-15.51167932151202, 83.04754905994965
-16.544754158873957, 82.70788521021616
-17.185960961485762, 82.50225682179241
-17.185960961485762, 78.6593365073447
-17.185960961485762, 78.53754804472948
-17.185960961485762, 78.36476197457483
-17.185960961485762, 78.14098187182783
-17.185960961485762, 77.86657090457712
-17.185960961485762, 77.54255558805549
-17.185960961485762, 73.20642473772888
-17.185960961485762, 73.02342927989496
-17.185960961485762, 72.76571563021349
-17.185960961485762, 72.43272893025959
-17.185960961485762, 72.20350861270728
-17.185960961485762, 71.94057890936897
-17.185960961485762, 71.54774382650781
-17.185960961485762, 71.08127756812517
-17.185960961485762, 70.54310460011273
-17.185960961485762, 69.93598010936228
-17.185960961485762, 69.67434544483929
-34.54470147935581, 69.67434544483929
-49.18608303179826, 69.6743454448393
-49.18608303179826, 61.214843651339606
-49.18608303179826, 60.10220189015179
-50.34826811545986, 60.10220189015179
-50.432141099399814, 60.10220189015179
-50.432141099399814, 55.360652774346654
-50.432141099399814, 55.302244614761165
-57.24091363500861, 55.302244614761165
-57.82221749729433, 55.302244614761165
-57.82221749729433, 59.69738871717236
-57.82221749729433, 60.10220189015179
-64.13355915455759, 60.10220189015179
-65.21229389518885, 60.10220189015179
-65.21229389518885, 56.053462801134536
-65.21229389518885, 55.302244614761165
-71.02620467410634, 55.302244614761165
-72.60237029308337, 55.302244614761165
-72.60237029308337, 59.004578690384484
-72.60237029308337, 60.10220189015179
-77.91885019365509, 60.10220189015179
-79.99244669097766, 60.10220189015179
-79.99244669097766, 56.74627282792241
-79.99244669097766, 55.302244614761165
-84.81154929392142, 55.302244614761165
-87.38261118553169, 55.302244614761165
-87.38261118553169, 58.311764534123114
-87.38261118553169, 60.10220189015179
-91.70422339956872, 60.10220189015179
-94.7726875834262, 60.10220189015179
-94.7726875834262, 57.43908698418378
-94.7726875834262, 55.302244614761165
-98.59686891911747, 55.302244614761165
-102.16276398132072, 55.302244614761165
-102.16276398132072, 57.61895450733523
-102.16276398132072, 60.10220189015179
-105.4894774500483, 60.10220189015178
-109.55275228255528, 60.10220189015178
-109.55275228255528, 57.475133651112635
-109.55275228255528, 53.70228428761272
-107.14744620997385, 53.70228428761272
-104.01023903246437, 53.70228428761273
-104.01023903246437, 50.7287797176826
-104.01023903246437, 47.30229039112835
-106.45312577814911, 47.302290391128345
-109.55275228255528, 47.302290391128345
-109.55275228255528, 44.67519083459216
-109.55275228255528, 40.90229649464397
-107.14744620997385, 40.90229649464397
-104.01023903246437, 40.90229649464398
-104.01023903246437, 37.92875647774332
-104.01023903246437, 34.50222630421429
-106.45312577814911, 34.50222630421428
-109.55275228255528, 34.50222630421428
-109.55275228255528, 31.875126747678095
-109.55275228255528, 28.10223240772991
-107.14744620997385, 28.10223240772991
-104.01023903246437, 28.10223240772991
-104.01023903246437, 25.128727837799783
-104.01023903246437, 21.702238511245536
-106.45312577814911, 21.702238511245536
-109.55275228255528, 21.702238511245536
-109.55275228255528, 19.075138954709345
-109.55275228255528, 15.302244614761163
-107.14744620997385, 15.302244614761163
-104.01023903246437, 15.302244614761163
-104.01023903246437, 12.328740044831035
-104.01023903246437, 8.902250718276788
-106.45312577814911, 8.902250718276788
-109.55275228255528, 8.902250718276788
-109.55275228255528, 6.275151161740599
-109.55275228255528, 2.5022568217924124
-107.14744620997385, 2.502256821792413
-104.01023903246437, 2.502256821792413
-104.01023903246437, -0.47124774813771486
-104.01023903246437, -3.897737074691962
-106.45312577814911, -3.897737074691962
-109.55275228255528, -3.8977370746919626
-109.55275228255528, -6.5248679487251895
-109.55275228255528, -10.29780726512165
-107.14744620997385, -10.29780726512165
-104.01023903246437, -10.29780726512165
-104.01023903246437, -13.271276388081246
-104.01023903246437, -16.69772486766071
-106.45312577814911, -16.69772486766071
-109.55275228255528, -16.69772486766071
-109.55275228255528, -19.324824424196905
-109.55275228255528, -23.09771876414509
-107.14744620997385, -23.09771876414509
-104.01023903246437, -23.09771876414509
-104.01023903246437, -26.071223334075217
-104.01023903246437, -29.497712660629464
-106.45312577814911, -29.497712660629464
-109.55275228255528, -29.497712660629464
-109.55275228255528, -32.124812217165655
-109.55275228255528, -35.89770655711384
-107.14744620997385, -35.89770655711384
-104.01023903246437, -35.897706557113835
-104.01023903246437, -38.87121112704396
-104.01023903246437, -42.29770045359821
-106.45312577814911, -42.29770045359822
-109.55275228255528, -42.29770045359822
-109.55275228255528, -44.924831327631445
-109.55275228255528, -48.697770644027905
-107.14744620997385, -48.697770644027905
-104.01023903246437, -48.6977706440279
-104.01023903246437, -51.671275213958026
-104.01023903246437, -55.09776454051227
-106.45312577814911, -55.09776454051228
-109.55275228255528, -55.09776454051228
-109.55275228255528, -57.72486409704847
-109.55275228255528, -61.497758436996655
-106.28332909715368, -61.497758436996655
-102.16276398132072, -61.49775843699665
-102.16276398132072, -59.18101172098277
-102.16276398132072, -56.69772486766071
-98.31849269164127, -56.69772486766071
-94.7726875834262, -56.69772486766071
-94.7726875834262, -59.360882103076946
-94.7726875834262, -61.49775843699665
-90.35360334377015, -61.49775843699665
-87.38261118553169, -61.49775843699665
-87.38261118553169, -58.48819068217806
-87.38261118553169, -56.69772486766071
-82.38864983339045, -56.69772486766071
-79.99244669097766, -56.69772486766071
-79.99244669097766, -60.053707271420784
-79.99244669097766, -61.49775843699665
-74.4237296990566, -61.49775843699665
-72.60237029308337, -61.49775843699665
-72.60237029308337, -57.79536551383422
-72.60237029308337, -56.69772486766071
-66.45884035118524, -56.69772486766071
-65.21229389518885, -56.69772486766071
-65.21229389518885, -60.74652831022549
-65.21229389518885, -61.49775843699665
-58.493951003313896, -61.49775843699665
-57.82221749729433, -61.49775843699665
-57.82221749729433, -57.10254447502951
-57.82221749729433, -56.69772486766071
-50.52906165544232, -56.69772486766071
-50.432141099399814, -56.69772486766071
-50.432141099399814, -61.439349349030195
-50.432141099399814, -61.49775843699665
-49.18608303179826, -61.49775843699665
-49.18608303179826, -62.610400198184465
-49.18608303179826, -63.648058511703674
-49.18608303179826, -71.06990199168413
-30.75520339391028, -71.06990199168415
-17.185960961485762, -71.06990199168415
-17.185960961485762, -71.66866544771347
-17.185960961485762, -71.93858485301227
-17.185960961485762, -72.17789341418
-17.185960961485762, -72.38529587064222
-17.185960961485762, -72.55996003969248
-17.185960961485762, -73.12013372003439
-17.185960961485762, -73.6084435654787
-17.185960961485762, -74.02278285105915
-17.185960961485762, -74.36200553027233
-17.185960961485762, -74.62578133079447
-17.185960961485762, -74.81439886701345
-17.185960961485762, -79.26208697253234
-17.185960961485762, -79.53646212472738
-17.185960961485762, -79.76027742282345
-17.185960961485762, -79.93302829762902
-17.185960961485762, -83.89773707469196
-16.14212563433557, -84.23248426581254
-15.508801998111949, -84.44062523342946
-14.762916009534138, -84.67955568023966
-14.324371717936856, -84.8236587140586
-14.01350481330087, -84.92322585832315
-13.825875438064259, -84.9756363961832
-13.418176471895777, -85.10618631317152
-12.723261309254667, -85.29103238621691
-12.095009823776309, -85.46657317976559
-10.958018732183746, -85.7690120499138
-10.346534213094856, -85.9398180575517
-10.095321496267161, -86.00663380084205
-9.963075138304703, -86.04360904951422
-9.332607016807515, -86.21112664179662
-8.848151985592267, -86.32043612214989
-8.569141904821663, -86.38061300967665
-7.960157336407747, -86.51806495983645
-6.7515922833372315, -86.77884508731414
-5.843596454109502, -86.97475839561098
-5.408705105258377, -87.07291173510994
-5.086588841851835, -87.14239141005555
-4.929709892428718, -87.17000552922018
-4.730445153191567, -87.21307992295051
-4.136990953023314, -87.31746716815714
-3.0606759941183554, -87.49941808905793
-1.7538036538919641, -87.72034269373144
-1.1846249485595308, -87.82044576753637
-0.8417691493411894, -87.87846502836284
-0.695657761450093, -87.90417231677321
-0.29905006205967766, -87.97110908848015
0.12024315007806763, -88.0252816692745
0.7161074915020436, -88.09962739039631
3.189644222997458, -88.40825921871235
4.1429929310686475, -88.53128261953503
4.397485963777399, -88.56302933420348
4.451791109158648, -88.56753838499091
4.568852126154752, -88.57742231160104
7.489562299456111, -88.81744197146422
8.495038179785297, -88.90220165331671
8.927886260190235, -88.93779148920174
9.071060511847918, -88.94985990019919
9.170728258811096, -88.95789626468547
10.133556614859344, -89.0033634464636
10.474098063761176, -89.01960821387745
12.00117564518132, -89.09155783013578
12.464307593201738, -89.11364893992634
13.250138174550557, -89.68218367016752
13.477322450297152, -89.84932887085624
13.547359996012347, -89.89990047155332
13.567522836147873, -89.91462687637954
13.760876670069365, -90.0543568650398
13.985595753060124, -90.19483780645304
14.566968726014238, -90.54846635412646
14.945737350426953, -90.7789274168607
15.0491241528498, -90.8436556109686
15.205110368922533, -90.93850838288546
15.353639116039403, -91.01669310737694
15.728158628472784, -91.2104262306138
16.485232042940652, -91.60158467718966
16.6839983197342, -91.70604420682254
16.787951419732053, -91.75971062618876
16.84651587126268, -91.78576200360455
18.00800212521358, -92.2958566152025
18.271558416883636, -92.41270601364754
18.422562882038847, -92.47904451274421
18.460036699082593, -92.49565187541285
18.501107545368313, -92.51361998742459
18.737798419395176, -92.6017474498531
19.654484507055486, -92.94269486290844
20.198238584878027, -93.14512312154113
20.23148138331203, -93.15548773519036
20.366298287527343, -93.2057097844782
20.956421368499832, -93.3899327544742
21.091740117409017, -93.43181550194525
21.6946249021139, -93.62028117737202
21.8292641530752, -93.6620515726518
22.173673755196432, -93.76955859430613
22.28914741384665, -93.79944595361243
22.388689008860865, -93.8302636109105
22.546251574079406, -93.8710312167423
22.717750069797148, -93.91451176845362
23.35369582279077, -94.07871314670257
24.112310623064104, -94.27489527608833
24.244071803230327, -94.30831882301857
24.44632846347008, -94.35051031327176
24.509592043202247, -94.36656791355868
24.853759383967144, -94.43847200743978
24.922500628091484, -94.452353528605
25.59560168085045, -94.59280878579776
25.72642020687931, -94.61923652156129
26.266207274437875, -94.73191444832386
26.559436560443828, -94.77952375290089
26.71361354266014, -94.81068436482992
27.264502415604056, -94.9000687650755
27.364633764450446, -94.91548561031786
28.071452898309644, -95.03012539638034
28.195961871408144, -95.04929921627036
28.484917022045238, -95.09623055026839
28.599917368450633, -95.11393322883023
28.985473471847172, -95.15931198497964
29.030921479671406, -95.16466469222884
29.16132856655986, -95.17879316181862
29.891675757264238, -95.26512492062713
30.63648141262661, -95.35302176288815
30.75307967140384, -95.36565496185813
31.234295326972642, -95.40187647016086
31.307978790825018, -95.40985887014344
31.57639924542559, -95.4301374584035
31.616820605671137, -95.4327425851067
32.37851075321987, -95.49028839751632
32.489485972502735, -95.49743483080508
32.945682897565575, -95.53187443218066
33.26106172920095, -95.54266271083985
33.36823825726424, -95.54957518191534
33.62921508812997, -95.55830043006988
33.66472261782587, -95.56057288175367
34.18516361077968, -95.57825842640301
34.254397349746114, -95.57973432815386
35.04333827668074, -95.60659657192441
35.143888054067475, -95.60873637747972
35.27456125786762, -95.6131481599976
35.373925201303564, -95.61528335159679
36.03852634320174, -95.61063673565084
37.40992591426971, -95.60102545345501
37.64654705133853, -95.58979872774383
37.82380466351424, -95.58602325159862
38.35593660589893, -95.56071358679014
38.4123580745038, -95.55950707850789
39.685551130814474, -95.4985303806107
39.78969762919132, -95.49183155928546
40.6694586470137, -95.41372349373209
40.76844470495689, -95.40734314857839
41.2825864158724, -95.36142802499462
41.32722263226424, -95.35659028476041
41.97298661248533, -95.29925324454395
42.91394116615356, -95.17552441549003
42.963109604177134, -95.16917051764047
43.08974069569126, -95.15544858063458
44.13460775564454, -95.01793281073128
44.61260553516718, -94.93404562423574
44.7146356554706, -94.91833548010354
45.32149364426118, -94.81155417352834
45.36024857977077, -94.80558460281654
46.28603332642297, -94.6427639117189
46.33941308626686, -94.63198393406543
47.50379643410656, -94.37241625895608
47.562400381699945, -94.36056948909595
47.93105470718342, -94.27835569809392
48.37094895592668, -94.1801995475468
49.41827507714538, -93.89369028922268
49.60290443817712, -93.84333048502668
49.61701129840799, -93.83975433967156
49.68148477796899, -93.8233948516496
50.37550485718748, -93.6333208355207
50.94771005378334, -93.44511631537483
50.98661000968718, -93.43305910619222
51.68198651584862, -93.2041715921582
51.70104499478293, -93.19826669039635
52.28533825461068, -93.00580070074844
52.41581017939643, -92.9547953960711
52.43174080354129, -92.9488667688469
53.58815104309633, -92.49666465926829
53.607674258551015, -92.48939086795814
53.80301171281826, -92.41312247989295
53.80587886711237, -92.41185589404216
54.08880792180548, -92.30093907035717
54.1066438158648, -92.29302882097689
55.10900708621125, -91.83019680822161
55.38477345191404, -91.70276048106909
55.38674733917992, -91.70188615910195
55.76507691485199, -91.52704642568845
55.76979656428739, -91.52456466581498
56.34797100142873, -91.21005187857952
56.72405476672907, -91.00531239169041
56.86994239035698, -90.91607597979146
57.06622017205132, -90.80757971900351
57.33749661978777, -90.62763200321442
57.394219674180476, -90.589980045991
57.52839450726424, -90.49286225102533
57.67029821207689, -90.37901676497701
57.70667042711443, -90.34997696876393
57.90778908150537, -90.17651166573542
58.00264862124527, -90.0951602132544
58.135322190167244, -89.97286864617783
58.282977859269295, -89.83767028793939
58.35314768943226, -89.76890973144823
58.5480054198315, -89.57914468158242
58.56148129705798, -89.56514889775119
58.61298923382674, -89.51196947056444
58.762217819617035, -89.3431757888374
58.77827917155628, -89.3260522322549
58.92882553227582, -89.14655907004652
59.035366468843904, -89.02232482209936
59.14673680081523, -88.883478135791
59.2375923303407, -88.76796725278098
59.30602424162112, -88.67792541272277
59.41484130513004, -88.54040939285937
59.61335544476424, -88.265092707194
59.61335544476424, -87.99060512735937
59.61335544476424, -87.2642489254226
59.61335544476424, -86.52047402725181
59.61335544476424, -86.0427083636062
59.61335544476424, -85.69924951885858
59.61335544476424, -85.31744613203438
59.61335544476424, -85.02622024480817
59.61335544476424, -84.63415839026922
59.61335544476424, -84.38468366026622
59.61335544476424, -84.07714471636665
59.61335544476424, -83.77807297011583
59.61335544476424, -83.58296397870396
59.61335544476424, -83.14872774103732
59.61335544476424, -82.94098688211824
59.61335544476424, -82.76851910465639
59.61335544476424, -82.43600134693607
59.61335544476424, -82.14452308119975
59.61335544476424, -81.97662959148472
59.61335544476424, -81.88826919926505
59.61335544476424, -81.76375543242808
59.61335544476424, -73.90848304368454
59.61335544476424, -67.24898035634628
59.61335544476424, 12.577399217206423
59.61335544476424, 65.85350010344673
59.61335544476424, 72.51296309701793
59.61335544476424, 80.36826669983928
59.61335544476424, 80.4927126524202
59.61335544476424, 80.58107304463987
59.61335544476424, 80.74896653435489
59.61335544476424, 81.03878181174781
59.61335544476424, 81.04051281092633
59.61335544476424, 81.37309899550901
59.61335544476424, 81.54543033527338
59.61335544476424, 81.75323971588189
59.61335544476424, 81.81358977621308
59.61335544476424, 82.18747636906103
59.61335544476424, 82.38251642327097
59.61335544476424, 82.68158816952179
59.61335544476424, 82.98919698344876
59.61335544476424, 83.23867202571653
59.61335544476424, 83.63080515863845
59.61335544476424, 83.92203186010954
59.61335544476424, 84.30369297201372
59.61335544476424, 84.64722407333444
59.61335544476424, 85.00446116233753
59.61335544476424, 85.12499052838646
59.61335544476424, 85.86869237857775
59.61335544476424, 86.47151159187992
59.61335544476424, 86.5950485805145
59.61335544476424, 86.86953616034914
59.41484130513004, 87.14485284601452
59.36184592162431, 87.21420915212478
59.2375923303407, 87.37241070593612
59.12819602601371, 87.50922571761815
59.035366468843904, 87.62684456919982
59.023775151684276, 87.64039176924736
58.8431902097509, 87.85465050165983
58.77827917155628, 87.93062306129063
58.61298923382674, 88.11650866175246
58.5480054198315, 88.18366899985718
58.52483201330733, 88.20634562556297
58.282977859269295, 88.44213695517547
58.16075754112103, 88.55462379999544
58.00264862124527, 88.69960366640954
57.768355321914896, 88.90139298242434
57.70667042711443, 88.95434412797376
57.52839450726424, 89.09731770056017
57.42513843466736, 89.17205734356372
57.394219674180476, 89.19449099820203
57.174209201408075, 89.34032285679068
57.06622017205132, 89.41202317215865
56.83273250102798, 89.55907239357684
56.72405476672907, 89.61433910146206
Holes:
