Exterior:
637.1216987169878, -567.5006037645849
637.0625508620367, -595.3996405559469
637.6592435926043, -595.5656024516079
660.986776569293, -602.0554031851836
660.9867765692932, -605.6538343080201
660.9867507026829, -606.8844989380572
660.9867239571706, -609.3793270690264
695.0599300643104, -618.8584040130029
704.5944381939455, -621.5108870457827
704.5944271733767, -619.6206311533894
704.5944338319866, -617.625460637573
704.5943749633722, -616.1402078752329
704.5943970371827, -615.5035992950191
704.5945593528329, -611.0164671608916
704.5944065432003, -608.2743128571207
704.5944040770964, -606.8630147835762
704.5944040770964, -596.9979729150261
704.5943862990482, -595.8771445937176
694.8948796285088, -593.1787728005661
693.5859887992307, -592.8146168274104
691.5733104645624, -592.2547188936217
688.2623749886869, -591.3336184296604
682.1736640870117, -589.6397448463671
679.0354042252318, -588.766742058166
673.4084418617704, -587.2013775978165
679.0354042252318, -585.4685413168435
682.1736766551116, -584.5020693815336
688.2623749886869, -582.6271013887979
691.5733104645624, -581.6075128613936
704.5943669214969, -577.5977664989142
704.5944234582926, -573.7615353250623
704.5944234582926, -562.5647920588926
694.0239078158146, -565.8199263733072
691.5733104645624, -566.5745807578073
688.2623749886869, -567.5941775273407
682.2072062609768, -569.4588314294427
671.8807109911883, -572.6388467380995
660.5848410927274, -576.1173932228165
660.5848410927274, -482.52325244711955
660.5848410927274, -448.5547558937149
671.8807109911883, -458.31820939744733
682.1526050765722, -467.1966459168592
688.2623749886869, -472.47749814142134
704.5944234582926, -486.5939457075422
704.5944059190015, -481.3778924558223
704.5944059190015, -461.0313261096584
693.5859887992307, -451.5163232343481
691.5733104645624, -449.77669604401376
688.3227688159113, -446.9670977425528
682.3907187782743, -441.83982059098054
688.3227688159113, -443.4900780534718
691.5733104645624, -444.394396030305
693.5859887992307, -444.95431292234224
704.5944040770964, -448.01682368624813
704.594411110779, -437.8923740042494
704.5944025604864, -435.1827154253962
704.5944210948414, -429.50889182756663
704.5942623857584, -412.21545879187335
704.5942623857584, -406.4594465745872
691.5733104645624, -403.35688218146953
688.2623749886869, -402.67834480653465
682.1526050765722, -401.2604064200339
681.6597846352079, -401.1414258155899
672.9898899076642, -398.9751251895261
656.888608089811, -394.91472100633626
637.0625508620367, -389.53252323736456
637.0411062604446, -401.0823018655399
637.1148483325511, -437.2065083873803
637.1148483325511, -554.1345229942629
637.1148483325511, -564.7482318650099
637.096820205808, -565.0072970670623
637.1216987169878, -567.5006037645849
Holes:
Exterior:
637.1216987169878, 578.7587067232487
637.096820205808, 576.2653895417913
637.1148483325511, 576.0063221277661
637.1148483325511, 459.07834249387946
637.1148483325511, 448.46464631904007
637.0411062604446, 412.34043459410515
637.0625508620367, 400.79064438444027
656.888608089811, 406.17277728213753
661.6085207860795, 407.3521330233521
681.6597846352079, 412.3994906272812
682.1526050765722, 412.5185226716752
688.2623749886869, 413.93648591217124
704.5942623857584, 417.71752222359333
704.5942623857584, 423.4735236035647
704.5944210948414, 440.76697288883787
704.5944025604864, 446.4407695276656
704.5944040770964, 459.27489238986715
694.8948796285088, 456.5765057926163
693.5859887992307, 456.2123777340335
691.5733104645624, 455.6524608419963
688.3227688159113, 454.7481690969223
682.3907187782743, 453.0978854026718
688.3227688159113, 458.22518878600334
691.5733104645624, 461.0347675759022
704.5944059190015, 472.2893987052072
704.5944234582926, 478.8126697752456
704.5944234582926, 497.8520486662061
691.5733104645624, 486.59739055541206
688.2623749886869, 483.73560110008526
682.1526050765722, 478.45469916753257
671.8807109911883, 469.57631235611126
660.5848410927274, 459.81285885237884
660.5848410927274, 553.4068876726252
660.5848410927274, 587.3753435935897
671.8807109911883, 583.8968366306242
682.2072062609768, 580.7168580941612
688.2623749886869, 578.8521954113297
691.5733104645624, 577.8326074225258
704.5944234582926, 573.8228381928342
704.5943669214969, 577.1662775576668
704.5943669214969, 588.8557635008343
694.628333703536, 591.9247477229471
691.5733104645624, 592.8655215397309
688.2623749886869, 593.8851074680026
682.1736766551116, 595.7600826786062
679.0354042252318, 596.7265013351134
673.4084418617704, 598.4592898216171
679.0354042252318, 600.0246781792011
682.1736640870117, 600.8977323861609
688.2623749886869, 602.5915863618925
691.5733104645624, 603.5126827047892
693.5859887992307, 604.0726049966003
704.5943862990482, 607.1351030834318
704.5943862990481, 616.9519287496804
704.5944040770964, 618.1210227609608
704.5944065432003, 619.532305050229
704.5945593528329, 622.2745211559558
704.5943970371827, 626.7616259597376
704.5943749633722, 627.3982625131192
704.5944338319866, 628.8835176581044
704.5944271733767, 630.8786578181079
704.5944381939455, 632.7689137105012
673.401583936996, 624.0911454888418
660.9867239571706, 620.6373754781381
660.9867507026829, 618.1425385971768
660.986776569293, 616.9118997814645
660.9867765692932, 613.313468658628
637.6592435926043, 606.823815629281
637.0625508620367, 606.6578280176874
637.1216987169878, 578.7587067232487
Holes:
Exterior:
-268.476862998962, 412.1654362285521
-268.4778704338372, 412.16150348251927
-268.48101309327296, 412.1539849335912
-268.52815557201063, 411.9683712053898
-268.6874282635257, 411.34015090444245
-268.73728720317115, 411.14374749534113
-268.7378861423284, 411.13667253119337
-268.73859368324327, 411.12841099789676
-268.7755782228886, 410.6947787132187
-268.77656036339033, 410.6833972761146
-268.8277718223118, 410.08473232649993
-268.8279221192903, 410.08298999486084
-268.8279281917536, 410.0829195992659
-268.8279426498949, 410.0827519919254
-268.82795052998847, 410.0826606412096
-268.82796966685635, 410.0824387952986
-268.82798031425534, 410.0823153643386
-268.8280068348928, 410.08200792139473
-268.82802201202446, 410.081831979091
-268.8280611984068, 410.08137770732407
-268.8280845583507, 410.0811069050122
-268.8281482818828, 410.0803681840648
-268.8281888012483, 410.0798984595679
-268.828310340686, 410.07848950238366
-268.82839728313036, 410.0774816140464
-268.8287173909033, 410.0737707350502
-268.82902269939666, 410.0702314180711
-268.8316450496569, 410.03983157986846
-268.83189169535865, 410.0369723167343
-286.20077612590774, 410.0369723167343
-286.20077612590774, 396.449329440057
-286.20077612590774, 394.03698757552337
-268.83189169535865, 394.03698757552337
-268.83189169535865, 392.02799182685806
-268.83189169535865, 370.67176945954327
-268.83189169535865, 368.18577918606434
-268.83189169535865, 365.57937884611744
-268.83189169535865, 364.87148754706783
-268.83189169535865, 363.88191705073916
-268.83189169535865, 363.5520126557177
-268.83189169535865, 360.4869921531601
-283.800230802055, 360.4869921531601
-286.20077612590774, 360.4869921531601
-286.20077612590774, 346.8993168809868
-286.20077612590774, 344.4869692649765
-268.83189169535865, 344.4869692649765
-268.83189169535865, 342.4779735163112
-268.83189169535865, 310.9369738426132
-283.800230802055, 310.9369738426132
-286.20077612590774, 310.9369738426132
-286.20077612590774, 297.34929857043994
-286.20077612590774, 294.9369509544296
-268.83189169535865, 294.9369509544296
-268.83189169535865, 292.92795749003005
-268.83189169535865, 261.386993679039
-283.800230802055, 261.386993679039
-286.20077612590774, 261.386993679039
-286.20077612590774, 247.79935080236172
-286.20077612590774, 245.38700893782806
-268.83189169535865, 245.38700893782806
-268.83189169535865, 243.37801090489697
-268.83189169535865, 211.83697536849212
-283.800230802055, 211.83697536849212
-286.20077612590774, 211.83697536849212
-286.20077612590774, 198.24930009631888
-286.20077612590774, 195.83695248030853
-268.83189169535865, 195.83695248030853
-268.83189169535865, 193.8279567316432
-268.83189169535865, 162.28695705794524
-283.800230802055, 162.28695705794524
-286.20077612590774, 162.28695705794524
-286.20077612590774, 148.69934657676393
-286.20077612590774, 146.28701046370696
-268.83189169535865, 146.28701046370696
-268.83189169535865, 144.27801243077587
-268.83189169535865, 137.8053070434927
-268.83189169535865, 112.73697689437101
-283.800230802055, 112.73697689437101
-286.20077612590774, 112.73697689437101
-286.20077612590774, 99.14933401769373
-286.20077612590774, 96.73699215316007
-268.83189169535865, 96.73699215316007
-268.83189169535865, 94.72799412022898
-268.83189169535865, 63.18695858382414
-283.800230802055, 63.18695858382414
-286.20077612590774, 63.18695858382414
-286.20077612590774, 49.599315707146864
-286.20077612590774, 47.186973842613206
-268.83189169535865, 47.186973842613206
-268.83189169535865, 45.17798037821365
-268.83189169535865, 13.637016567222581
-283.800230802055, 13.637016567222581
-286.20077612590774, 13.637016567222581
-286.20077612590774, 0.035832373227867365
-286.20077612590774, -2.37891360855867
-268.83189169535865, -2.37891360855867
-268.83189169535865, -4.387907072958234
-268.83189169535865, -35.928870883949294
-283.800230802055, -35.928870883949294
-286.20077612590774, -35.928870883949294
-286.20077612590774, -49.51651376062657
-286.20077612590774, -51.92885562516023
-268.83189169535865, -51.92885562516023
-268.83189169535865, -53.93785822662284
-268.83189169535865, -85.47896548844149
-283.800230802055, -85.47896548844149
-286.20077612590774, -85.47896548844149
-286.20077612590774, -99.06660836511877
-286.20077612590774, -101.47895022965243
-268.83189169535865, -101.47895022965243
-268.83189169535865, -103.48794826258352
-268.83189169535865, -135.02898379898835
-283.800230802055, -135.02898379898835
-286.20077612590774, -135.02898379898835
-286.20077612590774, -148.61649709368174
-286.20077612590774, -151.02881595230866
-268.83189169535865, -151.02881595230866
-268.83189169535865, -153.03781398523975
-268.83189169535865, -184.5788495216446
-283.800230802055, -184.5788495216446
-286.20077612590774, -184.5788495216446
-286.20077612590774, -198.16649239832188
-286.20077612590774, -200.57883426285554
-268.83189169535865, -200.57883426285554
-268.83189169535865, -202.58783686431815
-268.83189169535865, -234.1289441261368
-283.800230802055, -234.1289441261368
-286.20077612590774, -234.1289441261368
-286.20077612590774, -247.71658700281407
-286.20077612590774, -250.12892886734772
-268.83189169535865, -250.12892886734772
-268.83189169535865, -252.1379223317473
-268.83189169535865, -283.67888614273835
-283.800230802055, -283.67888614273835
-286.20077612590774, -283.67888614273835
-286.20077612590774, -297.26652901941566
-286.20077612590774, -299.6788708839493
-268.83189169535865, -299.6788708839493
-268.83189169535865, -301.68786434834885
-268.83189169535865, -333.2288281593399
-283.800230802055, -333.2288281593399
-286.20077612590774, -333.2288281593399
-286.20077612590774, -346.8166006180011
-286.20077612590774, -349.2289654884415
-268.83189169535865, -349.2289654884415
-268.83189169535865, -351.23795895284104
-268.83189169535865, -382.7789227638321
-283.800230802055, -382.7789227638321
-286.20077612590774, -382.7789227638321
-286.20077612590774, -396.3665008495174
-286.20077612590774, -398.7788312110977
-283.800230802055, -398.7788312110977
-268.83189169535865, -398.7788312110977
-268.8316450496569, -398.7816950417449
-268.82902269939666, -398.81214344198935
-268.8287173909033, -398.81568841282945
-268.82839728313036, -398.81940521974735
-268.828310340686, -398.82041471812994
-268.8281888012483, -398.8218259260445
-268.8281482818828, -398.82229640090003
-268.8280845583507, -398.82303630191274
-268.8280611984068, -398.82330753681623
-268.82802201202446, -398.8237625342569
-268.8280068348928, -398.82393875761863
-268.82798031425534, -398.82424669168546
-268.82796966685635, -398.8243703198195
-268.82795052998847, -398.8245925201169
-268.8279426498949, -398.8246840167604
-268.8279281917536, -398.8248518918442
-268.8277718223118, -398.82666751480866
-268.826801029899, -398.8380175541714
-268.77513754109157, -399.4367901954727
-268.77443430031997, -399.445035484026
-268.7372986159602, -399.87853499202936
-268.73728720317115, -399.8786676657917
-268.6851824930301, -400.0819962206478
-268.6842295452499, -400.0857507871025
-268.68118399599564, -400.09776270398356
-268.5205291373112, -400.72608591022856
-268.5196191808717, -400.729669419624
-268.51955851377886, -400.7298153149124
-268.47015794985975, -400.92292719832227
-268.4667100465425, -400.93112685946437
-268.2867829662425, -401.35452651205935
-268.2822042989725, -401.3654155408725
-268.281855826296, -401.3660012744454
-268.0323727056449, -401.95289415467096
-268.03211445449153, -401.9533305111504
-268.01879835560123, -401.97524977037637
-268.0118148144137, -401.98703564418685
-267.65588057903244, -402.5798152607881
-267.6520530786123, -402.5862702417599
-267.65120129793365, -402.5873721784535
-267.42671594523574, -402.961265293129
-267.4233903809992, -402.96556337155874
-267.41269703282944, -402.9793959550917
-267.41117939021376, -402.98097072274237
-267.2470518681472, -403.19013156949933
-266.79970325551994, -403.75993102887094
-266.6573073845865, -403.9413245425015
-266.6496091346577, -403.94929747458826
-266.28479084550565, -404.3209890020484
-266.2751612086237, -404.3309670033978
-266.27277026218724, -404.33300636682765
-265.72934760689725, -404.88650453974384
-265.7158497008944, -404.8980159846189
-265.1056048562406, -405.408719444087
-265.09840258385873, -405.414856398271
-265.0950428300969, -405.4172556518326
-264.6492604314857, -405.7903269511208
-264.6446925494373, -405.79358112616836
-264.44896755980346, -405.93042330320424
-264.4324936521938, -405.94218112014977
-263.73264507924216, -406.43152659799233
-263.7292857517756, -406.4339240337367
-263.4286787784039, -406.6440083766405
-263.4242289823246, -406.646692714313
-263.41331292408665, -406.65327126622134
-262.9714797209267, -406.91408155583537
-262.95396286859693, -406.92464588767245
-262.9487049417619, -406.927337917204
-262.06265633252417, -407.4497309198486
-262.0436285155207, -407.459473524428
-261.31840704675744, -407.822157039013
-261.30452846832566, -407.829261035311
-261.298340762714, -407.8319521264661
-260.5737071155296, -408.19433468554416
-260.5700638925383, -408.1959175628758
-259.5285875350352, -408.63718242205954
-259.5020969694525, -408.6487020937333
-259.4936799305891, -408.6523564730264
-259.4865241123524, -408.65498712910494
-258.9674413019535, -408.8750954558961
-258.9549994186847, -408.879673680952
-258.5369562985437, -409.0290680305228
-258.50675849412266, -409.0401669580035
-257.53440556862245, -409.38790709082303
-257.5262443449707, -409.3904229798944
-257.25469248864886, -409.48759375695505
-257.2312020834337, -409.49482812820486
-256.4914840671669, -409.71579715348054
-256.4670876089639, -409.72330991813965
-256.4580952260278, -409.72559367083517
-255.44703636837778, -410.0276198955832
-255.44645350421126, -410.0277656081966
-254.35386454172396, -410.29593218835976
-254.31615725901554, -410.30550615889456
-254.30028698984404, -410.3095402456859
-254.29000588762585, -410.3116400582241
-253.55666906014187, -410.49158124191524
-253.5437837222329, -410.4942116068657
-253.186254572547, -410.56437694961414
-253.14136453473827, -410.57354285989675
-252.019233537001, -410.7936961039692
-252.00742225405725, -410.7955567965271
-251.5964055997266, -410.8761856281296
-251.5682272344976, -410.8806244632911
-250.83372690225303, -410.9909700902073
-250.7992141885694, -410.99641284468873
-250.78782822374262, -410.9977019581531
-250.78607856085148, -410.99789902112576
-249.57965913224223, -411.17897441965295
-249.53281665991244, -411.18428811603906
-248.3832048530204, -411.30655559599734
-248.36295892911346, -411.30885538776334
-248.34809607212958, -411.30990461885426
-247.51989045404628, -411.39788905617604
-247.50359766782367, -411.399042810078
-247.12623233379725, -411.42317584918646
-247.07104110349007, -411.42708508545377
-245.84427067441186, -411.50553114533034
-245.82794455336125, -411.50603591723683
-245.4311387330921, -411.53136324821816
-245.39254848130838, -411.5325431395624
-244.54737631449927, -411.5507127409003
-244.51487576574993, -411.55170378992545
-244.49289624475648, -411.55183044101045
-243.3274361289524, -411.576905408303
-243.23631036003349, -411.57894351367844
-243.23191610942115, -411.5789715919571
-243.23006267355015, -411.60062660310797
-243.1949808223717, -412.0496289405899
-243.19389171076944, -412.06242771045225
-243.17307631288975, -412.3277861203479
-243.17282323352163, -412.33071057626057
-243.12857530163308, -412.51330694991975
-243.12708342639155, -412.51922169269596
-243.12164283595632, -412.54078705703193
-243.01335380207422, -412.9869692967028
-243.01156150224404, -412.9940608671773
-242.97605168709663, -413.1403928835863
-242.97577626298482, -413.14147692138596
-242.97021053147512, -413.15474499015625
-242.96085574444544, -413.1770792109257
-242.96060839529866, -413.1774891683419
-242.83717731132504, -413.4730390965929
-242.6411843335951, -413.94163181519184
-242.62951675385455, -413.9613257183055
-242.38832924329074, -414.3632571484185
-242.37932250001597, -414.37844979083275
-242.37794037470564, -414.38022948345787
-242.17085021393336, -414.7257664825575
-242.1676919682991, -414.7298347790332
-242.15160594518545, -414.7505486164209
-242.14549233492733, -414.758426432976
-242.14235926222932, -414.76164999324044
-242.0774780963493, -414.8436965491797
-241.74725453821725, -415.26116306651477
-241.5686492205274, -415.4869979563932
-241.55962710893698, -415.49628987396073
-241.3762654776691, -415.6803778423338
-241.35599227085595, -415.7012481666147
-240.9562324468078, -416.10282796727006
-240.95034755903146, -416.10781096469987
-240.83883706680183, -416.2197559392151
-240.82205902873818, -416.2339648562667
-240.80595883815897, -416.2475942342974
-240.79779308698664, -416.2533815367088
-240.79735502277538, -416.2536934181993
-240.46095903345167, -416.5296623965991
-239.9868643770293, -416.91871388422135
-239.9603997032874, -416.9374572354819
-239.95073704471258, -416.9442996356803
-239.42996778388522, -417.29955989563007
-239.4180034131225, -417.30671974050716
-239.0189674053821, -417.5789239145958
-239.011457959043, -417.5834148608454
-238.86686882725155, -417.66635722010494
-238.83532608846065, -417.6852200002985
-238.24694358428553, -418.0220040556904
-238.23122182431268, -418.0299748480277
-237.94200746114404, -418.19549581947217
-237.92462347531784, -418.2043059628748
-237.90098831506464, -418.21628909918604
-237.8895571464667, -418.2212074394124
-237.88106124037165, -418.2248670824673
-237.55433827174886, -418.38272178440997
-236.7640179752483, -418.7640607428727
-236.7348748068149, -418.77659542105494
-236.72214319232205, -418.78207539147826
-236.1886440591619, -418.99881976458414
-236.16289375483564, -419.0082037652649
-235.49353451249237, -419.2802726789024
-235.4921840750003, -419.2807656160228
-235.45100679231234, -419.29576513108424
-234.68999840199638, -419.5544206309863
-234.6584958034847, -419.56404603447
-234.1394903208576, -419.74043030002593
-234.12626880560254, -419.7444842510955
-233.89746907835922, -419.8086712924582
-233.86751744235346, -419.8178157122236
-233.85170269608454, -419.8217997813597
-233.07607543988854, -420.0396537540657
-233.0548889159029, -420.04500251951947
-232.7121049346764, -420.1412723306691
-232.68522747728537, -420.14804827690756
-232.66958170669113, -420.1519902013637
-232.63573000985468, -420.15885352878786
-232.62667520231378, -420.16069018298253
-232.17554859272377, -420.2632083225867
-231.22168707801882, -420.4799210918736
-231.18042607285258, -420.48828079944406
-230.49562002644723, -420.6097694282049
-230.44540128777828, -420.61763566728285
-229.67893521445706, -420.75379078306133
-229.67448377224343, -420.7544880142096
-229.64028958668712, -420.75984788908744
-229.61956813043378, -420.76219337181277
-228.6931400669822, -420.8833927371462
-228.6559845550472, -420.8876047996758
-228.0949790118466, -420.9609832233302
-228.0753020082908, -420.9632100156071
-228.0587675858793, -420.9650723773738
-227.75905480209542, -420.99090971238786
-227.7175072057795, -420.99387791809687
-226.84686612892745, -421.06875390611157
-226.82352526898057, -421.07041274912774
-226.4815964063922, -421.09998763246523
-226.4478181230578, -421.1023889394433
-226.38510020809838, -421.1042673332984
-226.37719980676354, -421.1045073003124
-225.8436114390389, -421.12737970564297
-224.85037577136552, -421.169762635126
-224.81965846386163, -421.1706800293436
-224.05525674748299, -421.170686148884
-224.03195473435414, -421.1704222484128
-223.2684835029437, -421.1704251173536
-223.2133106777086, -421.1698027225808
-223.20498420499518, -421.16969974852464
-223.18701663974468, -421.1694988519111
-223.14169701038043, -421.16684542496745
-222.15153543566305, -421.124582257976
-222.11257370906276, -421.12228898142456
-221.58219439683103, -421.0995427486652
-221.5567093376884, -421.09803207960323
-221.52625512466136, -421.09625575287595
-221.18609604082474, -421.06684675368456
-221.15207135654111, -421.0631897621987
-220.28810254879306, -420.98887205532196
-220.26571726583518, -420.98647512849817
-219.96875695554024, -420.96087488339117
-219.91690543281845, -420.9553243088956
-219.36141914905818, -420.8826683303963
-219.305649722363, -420.8742631537685
-219.3003652774113, -420.8734645362596
-218.38483639476237, -420.7536855918472
-218.33722646331012, -420.7465115280406
-217.58132367997052, -420.6122589382922
-217.51612555784152, -420.59942955160966
-216.8420957855484, -420.4798288449426
-216.8303313701557, -420.4775166632121
-215.89383126264988, -420.26476868011457
-215.86276282719143, -420.2586556409065
-215.8290916009821, -420.25038151864123
-215.38728104846712, -420.149976905268
-215.35153132613868, -420.14120115220123
-215.31560644496778, -420.13236439999935
-214.9796914268196, -420.03802359396724
-214.92580420319507, -420.0212711299714
-214.16697715323926, -419.8080874518752
-214.1487662304986, -419.8024190940771
-213.92515481110183, -419.7396820520881
-213.79362657158993, -419.6971739986832
-213.79057889347234, -419.6961517066532
-213.7875764189588, -419.6951445774069
-213.7842351265216, -419.69402379742405
-213.78093619905655, -419.69291722805383
-213.7772567183173, -419.6916830085303
-213.77361521052637, -419.6904615263894
-213.7695434432834, -419.68909572099926
-213.76550307996945, -419.68774044952545
-213.76097277124688, -419.68622083415863
-213.75646426965216, -419.68470853362373
-213.75139332835295, -419.6830075722115
-213.74633030747088, -419.68130926756925
-213.74023912887162, -419.6792660848265
-213.734488654963, -419.6773371857044
-213.7279719548602, -419.675151268977
-213.72141328191844, -419.67295127317135
-213.71394728604366, -419.67044693124797
-213.70639711729086, -419.66791435495765
-213.69775812931346, -419.6650165526912
-213.68897341026923, -419.66206986740553
-213.67886172207284, -419.6586780727822
-213.66851286858696, -419.65520672507745
-213.65651690624986, -419.6511828825927
-213.64414562425407, -419.6470331454823
-213.6296848158537, -419.6421825121133
-213.61463462211157, -419.6371341794094
-213.59686321584684, -419.63117306203236
-213.57815901624053, -419.6248990549203
-213.5557944540409, -419.6173972411431
-213.53192356668217, -419.60939015609205
-213.50292336587597, -419.5996625296799
-213.47140586460876, -419.5890905174438
-213.4323087464487, -419.57597605103734
-213.38877934903883, -419.5613748515912
-213.33321767345853, -419.54273762812886
-213.26922136748567, -419.5212711506923
-213.1840738294344, -419.4927098505271
-213.08084484365133, -419.45808343482344
-212.93413886712403, -419.4088733986025
-212.7610298789524, -419.35080691910554
-212.7433223813888, -419.34430616181965
-212.56983725199927, -419.28061648941804
-211.52790438290538, -418.8572491467281
-211.2992378867649, -418.76433536148835
-210.42639831859026, -418.34306393928875
-210.12110678324927, -418.1957165870743
-209.40256512481403, -417.78426315902595
-209.04429403910865, -417.57910892105866
-208.46375519469973, -417.18308313203806
-208.07642904887427, -416.9188611183243
-207.61723609139779, -416.54211482331226
-207.2244545615696, -416.21985599137116
-206.87034575792643, -415.8642291554246
-206.49477926860084, -415.4870526466446
-206.2302746436286, -415.15263460964854
-205.8926674521946, -414.7257916603165
-205.703869368063, -414.41098525072795
-205.42239157328834, -413.9416424903946
-205.29770645688257, -413.6433638816264
-205.08746115336646, -413.1404034767227
-205.01805926475538, -412.8542248024692
-204.89039389262427, -412.3277966651993
-204.87038060980797, -412.07202795316476
-204.83180014262427, -411.5789715919571
-204.21007737358025, -411.5660919590196
-202.71784750590552, -411.5351788673477
-202.3769569285813, -411.5139351413263
-200.61823813090552, -411.4043347511368
-200.55341612180598, -411.3975404168374
-200.11787389486597, -411.35188895474244
-200.11787389486597, -411.4495344197764
-200.11787389486597, -412.9083637984438
-200.11787389486597, -413.4327110212764
-200.11787389486597, -413.9118483044249
-200.11787389486597, -414.33486672581836
-200.11787389486597, -415.38756653076797
-194.856589706612, -413.91672494051
-189.47146383891334, -412.41126224137116
-187.17054143528946, -411.8732491187659
-185.3376770507474, -411.4446796505881
-185.3376770507474, -408.18018736719335
-185.3376770507474, -407.47550785430246
-185.3376770507474, -407.0586972118618
-184.6931906037238, -406.6781683082214
-184.6298500693821, -406.6407696876602
-183.55765834625197, -405.88993607949874
-183.40037314067115, -405.77979251480866
-182.53537279982027, -405.05395261479066
-182.3172279990696, -404.87090274430085
-181.63528852806132, -404.17345319582563
-181.38804403910865, -403.92058536148835
-180.86614496274353, -403.25174684278943
-180.61900107035865, -402.9350201759415
-180.236567987561, -402.2927993431918
-180.01521078715552, -401.92107364273835
-179.75522142810007, -401.3011376732459
-179.5810219443821, -400.8857648048477
-179.4303900971821, -400.28165690118374
-179.3192574180149, -399.8359601173477
-179.26999526328143, -399.2398235095001
-179.2319008506321, -398.7788312110977
-171.42351442007896, -398.7788312110977
-171.42351442007896, -398.781028356188
-171.42351442007896, -398.8135379211203
-171.42351442007896, -398.9204922746328
-171.42351442007896, -399.2171878120729
-171.42351442007896, -400.1008637613479
-171.42351442007896, -400.9767954864511
-171.42351442007896, -401.7550261429547
-171.42351442007896, -402.5280533217378
-171.42351442007896, -403.26838922338743
-171.42351442007896, -403.9611441818709
-171.42351442007896, -407.87182396209784
-171.42351442007896, -407.93043333629225
-171.42351442007896, -407.979668523149
-171.42351442007896, -408.01982328093584
-171.42351442007896, -408.051747895659
-171.42351442007896, -408.07650613215594
-171.42351442007896, -408.09521056372984
-171.42351442007896, -408.1912009267628
-171.1988682756463, -408.1386730477448
-170.91685263285865, -408.07273074723054
-162.5364295642363, -406.4683203241814
-156.6434056726199, -405.3401160703428
-156.6434056726199, -403.8042206547928
-156.6434056726199, -403.57222728690346
-156.6434056726199, -403.32998970491354
-156.6434056726199, -403.0829110173789
-156.6434056726199, -400.59673915482824
-156.6434056726199, -400.04693135642776
-156.6434056726199, -399.1886355002468
-156.6434056726199, -398.8792325371544
-156.6434056726199, -398.78518722353624
-156.6434056726199, -398.7788312110977
-152.1071076921388, -398.7788312110977
-142.72919899362182, -398.7788312110977
-142.72919899362182, -398.7891024409966
-142.72919899362182, -398.9410783923381
-142.72919899362182, -399.44106938449727
-142.72919899362182, -400.82806384766894
-142.72919899362182, -401.063563373094
-142.72919899362182, -401.2969990637855
-142.72919899362182, -402.9749343470631
-137.9696320072834, -402.2620095665473
-132.3038002646946, -401.41333743668366
-130.19507272960334, -401.1806304313213
-127.94909024616288, -400.93277676169333
-127.94909024616288, -399.7092126101113
-127.94909024616288, -399.00677300837214
-127.94909024616288, -398.7932613083449
-127.94909024616288, -398.7788312110977
-117.65034196757915, -398.7788312110977
-114.03492761549444, -398.7788312110977
-114.03492761549444, -398.79717651341076
-114.03492761549444, -399.0686186677699
-114.03492761549444, -399.56512616811386
-110.2999693630569, -399.29568575258855
-107.55183188090552, -399.0974347267227
-104.5050083957031, -398.9922811983292
-99.25473077137582, -398.8110809351945
-99.25473077137582, -398.8013354055479
-99.25473077137582, -398.7788312110977
-96.0319039023899, -398.7788312110977
-90.3905866773909, -400.348239933409
-88.18431643775625, -400.9620220732458
-85.91240709089317, -401.59406494604633
-83.23191610942115, -402.33977481461335
-72.16186576270809, -405.4194371137489
-71.90951734857941, -405.48964612305434
-65.9356729511536, -407.1515414734688
-65.93567027100073, -406.4063522735823
-65.93567728579717, -406.2742317566315
-65.93567728579717, -399.82762124643136
-65.93566068247549, -397.3367408981474
-65.93566068247549, -392.50368945848777
-61.47549231808796, -393.7445003471772
-46.283127933630965, -397.9709553567458
-35.65595262333022, -400.92740849807814
-35.03371942497142, -401.100504373442
-31.361713487144982, -402.1220735886982
-27.643687075406888, -403.1564166473585
-21.93973773049032, -404.74321229086644
-20.253610677512484, -405.2122915235811
-17.869479519608262, -405.8755802148072
-14.938890635244661, -406.69086862675334
-14.938890635244661, -383.63593260921294
-14.938887995557423, -382.6499260905921
-14.938890635244661, -382.0744712776091
-14.938890635244661, -380.3633731470184
-17.869479519608262, -378.8980944203694
-28.190429444453116, -373.73767042081914
-35.65595262333022, -370.004945694703
-40.16823725494652, -367.7488163688698
-52.329969087936774, -361.6680066261368
-46.283127933630965, -361.6680066261368
-35.65595262333022, -361.6680066261368
-35.03371942497142, -361.6680066261368
-24.43841815135636, -361.6680066261368
-20.253610677512484, -361.6680066261368
-17.869479519608262, -361.6680066261368
-16.783426400719577, -361.6680066261368
-14.938890635244661, -361.6680066261368
-14.938890635244661, -350.07788107488363
-14.938890635244661, -348.8679425392227
-17.869479519608262, -348.8679425392227
-20.253610677512484, -348.8679425392227
-24.43841815135636, -348.8679425392227
-35.03371942497142, -348.8679425392227
-35.65595262333022, -348.8679425392227
-40.16823725494652, -348.8679425392227
-52.329969087936774, -348.8679425392227
-46.283127933630965, -345.84449976645124
-35.65595262333022, -340.530911668329
-28.190429444453116, -336.79816851055165
-17.869479519608262, -331.6377190295653
-16.783426400719577, -331.0947040327636
-14.938890635244661, -330.17243785396954
-14.938887995557423, -327.885880123993
-14.938887995557423, -312.0704809114901
-14.938887995557423, -310.45364264976496
-14.938890635244661, -309.8781830503791
-14.938890635244661, -308.167092131548
-17.869479519608262, -306.7017868717268
-28.190429444453116, -301.5413119093044
-35.65595262333022, -297.80855031986584
-40.16823725494652, -295.55248874071845
-52.329969087936774, -289.47165652848054
-46.283127933630965, -289.47165652848054
-35.65595262333022, -289.47165652848054
-35.03371942497142, -289.47165652848054
-24.43841815135636, -289.47165652848054
-20.253610677512484, -289.47165652848054
-17.869479519608262, -289.47165652848054
-16.783426400719577, -289.47165652848054
-14.938890635244661, -289.47165652848054
-14.938890635244661, -288.26171078106006
-14.938890635244661, -276.67151614762116
-17.869479519608262, -276.67151614762116
-20.253610677512484, -276.67151614762116
-24.43841815135636, -276.67151614762116
-35.03371942497142, -276.67151614762116
-35.65595262333022, -276.67151614762116
-40.16823725494652, -276.67151614762116
-52.329969087936774, -276.67151614762116
-46.283127933630965, -273.648162157324
-35.65595262333022, -268.33462235623585
-28.190429444453116, -264.6018607667973
-17.869479519608262, -259.4413858043749
-16.783426400719577, -258.89834331546103
-14.938890635244661, -257.9760805445537
-14.938887995557423, -255.68953002633674
-14.938887995557423, -240.1262935983074
-14.938884366979721, -238.51801200734587
-14.93888089559158, -237.2774515598304
-26.571854933924328, -234.5227972232881
-34.128115542246064, -232.7336937929367
-38.10544401320351, -231.79190917682615
-52.513797581323956, -228.36885791776967
-61.07039362026978, -226.34352624991038
-65.2007394129094, -225.36131236713962
-69.34447482402066, -224.35525175125153
-81.43888858726712, -221.44988163468378
-81.44412571808778, -208.86084366262602
-81.46100092653955, -202.4473272960451
-81.46052257929364, -202.0553152480794
-81.45882704449593, -201.0224795807437
-81.77110532313043, -201.17861940233075
-83.23191610942115, -201.90901919937897
-83.23191610942115, -200.4346402910741
-83.23191610942115, -191.58545657730866
-83.23191610942115, -188.97954089338256
-83.23191610942115, -181.26189395523835
-81.43225797951379, -181.26189395523835
-81.43138477356467, -180.70378263282905
-81.41490510323808, -168.4618298683243
-81.7354069289101, -168.4618298683243
-83.23191610942115, -168.4618298683243
-83.23191610942115, -166.9554658539345
-83.23191610942115, -158.13819095230866
-83.23191610942115, -155.48361702257483
-83.23191610942115, -147.81462833023835
-81.38838160024659, -148.73639388180717
-81.38732350260784, -148.14951207661696
-81.38678844675462, -147.6563448956791
-81.36400856773287, -130.64669916651218
-81.36283965706878, -129.8730878807926
-81.36105304259274, -128.77731042799047
-81.69422959165973, -128.94390213678733
-83.23191610942115, -129.71274539566804
-83.23191610942115, -128.15971169529905
-83.23191610942115, -119.32219668961336
-83.23191610942115, -116.5943363356191
-83.23191610942115, -108.93157168961336
-81.3344983595706, -108.93157168961336
-81.33358487729089, -108.34694251230773
-81.31720047612532, -96.13166019058993
-81.65870129285696, -96.13166019058993
-83.23191610942115, -96.13166019058993
-83.23191610942115, -90.60985837631569
-83.23191610942115, -75.35056277848055
-81.29069106075804, -76.32117530281211
-81.28962573022847, -75.71786226304047
-81.28903173956189, -75.20072528406942
-81.2878231907444, -74.39535874393106
-81.28635709300454, -73.53753779222399
-81.2636221115689, -56.53217382340902
-81.61798773123894, -56.70935790630659
-83.23191610942115, -57.51631900406648
-83.23191610942115, -51.922212108983345
-83.23191610942115, -36.869117465980544
-81.23732846472296, -36.869117465980544
-81.23636995638913, -36.25056101996807
-81.2201234865355, -24.069129673011794
-81.5828450830262, -24.069129673011794
-83.23191610942115, -24.069129673011794
-83.23191610942115, -22.4280327807122
-83.23191610942115, -13.745490756996169
-83.23191610942115, -10.888373453873076
-83.23191610942115, -3.42200442887117
-81.19394037614381, -4.440986647592301
-81.19283539793753, -3.8038966920332333
-81.19216403214864, -3.2470201917650536
-81.17721866712134, 0.08174240937693256
-81.16597038223011, 5.629051479331955
-81.17721866712134, 11.176294420934909
-81.19216403214864, 14.505046856483649
-81.19394037614381, 15.69901707758925
-81.56121547445002, 15.515378211002066
-83.23191610942115, 14.680031093589768
-83.23191610942115, 16.339970546890587
-83.23191610942115, 25.00359371566008
-83.23191610942115, 27.860753248848553
-83.23191610942115, 35.327232631675706
-81.2201234865355, 35.327232631675706
-81.22108939914693, 35.95052556908252
-81.23732846472296, 48.127220424644456
-81.5962639539963, 48.127220424644456
-83.23191610942115, 48.127220424644456
-83.23191610942115, 49.756589381430786
-83.23191610942115, 58.45085934066008
-83.23191610942115, 61.262261432358706
-83.23191610942115, 68.7744982566757
-81.2636221115689, 67.79034943948093
-81.28635709300454, 84.7956407508879
-81.2878231907444, 85.65346170259495
-81.28903173956189, 86.45882344593804
-81.29069106075804, 87.57927469805213
-81.63676783308597, 87.40623834763221
-83.23191610942115, 86.60866573714445
-83.23191610942115, 88.21281040986788
-83.23191610942115, 96.99913814925382
-83.23191610942115, 99.77475055844099
-83.23191610942115, 107.38968685530851
-81.31720047612532, 107.38968685530851
-81.31812146220835, 107.97908532757691
-81.3344983595706, 120.18975094222257
-81.67225538816166, 120.18975094222257
-83.23191610942115, 120.18975094222257
-83.23191610942115, 121.76238088690377
-83.23191610942115, 130.58026150130462
-83.23191610942115, 133.30810182577912
-83.23191610942115, 140.9708102073593
-81.36105304259274, 140.03538039107684
-81.36173070678535, 140.6292800347095
-81.36283965706878, 141.13115038519857
-81.36400856773287, 141.90476397820345
-81.38678844675462, 158.91440970737037
-81.38838160024659, 159.99446209953535
-81.71341279628388, 159.83194334422163
-83.23191610942115, 159.07269314192962
-83.23191610942115, 160.59867143043132
-83.23191610942115, 169.39633205794524
-83.23191610942115, 172.05092560570492
-83.23191610942115, 179.71997097396087
-81.41490510323808, 179.71997097396087
-81.41578593383366, 180.2829124410209
-81.43225797951379, 192.51992061995696
-81.74907022056442, 192.51992061995696
-83.23191610942115, 192.51992061995696
-83.23191610942115, 197.7619405759629
-83.23191610942115, 213.1671984519882
-81.45882704449593, 212.2806522815832
-81.45946212994983, 212.84931701908243
-81.46052257929364, 213.31348797641118
-81.46100092653955, 213.7055025395676
-81.44412571808778, 220.1189084743173
-81.43888858726712, 232.70797598141922
-69.34447482402066, 235.61334874579697
-65.2007394129094, 236.61943994773688
-61.07039362026978, 237.60166735554697
-46.283127933630965, 241.11156959541756
-38.10544401320351, 243.04997398851742
-26.571854933924328, 245.780841798447
-20.243038621594565, 247.2806048281674
-14.938860070035275, 248.5337808968366
-14.93888089559158, 248.53556356926578
-14.938884366979721, 249.7761382427943
-14.938887995557423, 251.38442506682776
-14.938887995557423, 266.9475615096135
-14.938890635244661, 267.5230162904412
-14.938890635244661, 269.2341144210319
-17.869479519608262, 270.6994124690935
-28.190429444453116, 275.8598874315159
-35.65595262333022, 279.59264902095447
-40.16823725494652, 281.84876442454237
-52.329969087936774, 287.9296191062851
-46.283127933630965, 287.9296191062851
-35.65595262333022, 287.9296191062851
-35.03371942497142, 287.9296191062851
-24.43841815135636, 287.9296191062851
-20.253610677512484, 287.9296191062851
-17.869479519608262, 287.9296191062851
-16.783426400719577, 287.9296191062851
-14.938890635244661, 287.9296191062851
-14.938890635244661, 289.139557641946
-14.938890635244661, 300.72968319319915
-17.869479519608262, 300.72968319319915
-20.253610677512484, 300.72968319319915
-24.43841815135636, 300.72968319319915
-35.03371942497142, 300.72968319319915
-35.65595262333022, 300.72968319319915
-40.16823725494652, 300.72968319319915
-52.329969087936774, 300.72968319319915
-46.283127933630965, 303.75308157473347
-35.65595262333022, 309.06664552433864
-28.190429444453116, 312.7993978979466
-17.869479519608262, 317.959860119651
-16.783426400719577, 318.50288886250877
-14.938890635244661, 319.42515333735946
-14.938887995557423, 321.71170746145623
-14.938887995557423, 323.3285505417395
-14.938887995557423, 339.1439497542424
-14.938890635244661, 339.7194009291904
-14.938890635244661, 341.4305026656608
-17.869479519608262, 342.8958007137224
-28.190429444453116, 348.0562756761448
-35.65595262333022, 351.7890372655834
-40.16823725494652, 354.0451526691713
-52.329969087936774, 360.126007350914
-46.283127933630965, 360.126007350914
-35.65595262333022, 360.126007350914
-35.03371942497142, 360.126007350914
-24.43841815135636, 360.126007350914
-20.253610677512484, 360.126007350914
-17.869479519608262, 360.126007350914
-16.783426400719577, 360.126007350914
-14.938890635244661, 360.126007350914
-14.938890635244661, 371.7160983610743
-14.938890635244661, 372.9260332908554
-17.869479519608262, 372.9260332908554
-20.253610677512484, 372.9260332908554
-24.43841815135636, 372.9260332908554
-35.03371942497142, 372.9260332908554
-35.65595262333022, 372.9260332908554
-40.16823725494652, 372.9260332908554
-52.329969087936774, 372.9260332908554
-46.283127933630965, 375.9494538680083
-35.65595262333022, 381.26303376896755
-28.190429444453116, 384.9957861425755
-17.869479519608262, 390.1562483642799
-16.783426400719577, 390.6992717973145
-14.938890635244661, 391.6215379761086
-14.938887995557423, 393.90809570608513
-14.938887995557423, 416.1534792805905
-14.938890635244661, 417.94889889735174
-17.869479519608262, 417.13361531575873
-20.253610677512484, 416.47036971909444
-21.93973773049032, 416.0012858062082
-27.64368707540683, 414.4144762032359
-31.361713487144982, 413.3801386379448
-35.03371942497142, 412.3585734462873
-35.65595262333022, 412.18546555557833
-46.283127933630965, 409.22902016843705
-61.07039362026978, 405.1152512551307
-61.47549231808796, 405.00255386915836
-65.93566068247549, 403.7617420707681
-65.93566068247549, 413.427895296471
-65.93567728579717, 417.5323347152954
-65.93567027100073, 417.6644513509094
-65.9356729511536, 418.409643164357
-66.31612690427448, 418.3038020356418
-71.90951734857941, 416.74772873752363
-72.16186576270809, 416.67752947058176
-80.23131762540027, 414.43264084275353
-85.91240709089317, 412.85217589320354
-88.18431643775625, 412.2201397912269
-90.3905866773909, 411.60636422659405
-96.0319039023899, 410.0369723167343
-98.79297714286957, 410.0369723167343
-99.25473077137582, 410.0369723167343
-99.25473077137582, 410.0594004835005
-99.25473077137582, 410.06914325546404
-107.55183188090552, 410.3554232444687
-114.03492761549444, 410.823182908865
-114.03492761549444, 410.3266209863104
-114.03492761549444, 410.05525564167465
-114.03492761549444, 410.0369723167343
-123.37611218172572, 410.0369723167343
-127.94909024616288, 410.0369723167343
-127.94909024616288, 410.0513536636529
-127.94909024616288, 410.2648049464813
-127.94909024616288, 410.96732154265845
-127.94909024616288, 412.19087972035726
-132.3038002646946, 412.6714403953476
-142.72919899362182, 414.233037305727
-142.72919899362182, 412.3216409551632
-142.72919899362182, 412.08617528094396
-142.72919899362182, 410.6991875895815
-142.72919899362182, 410.199141793386
-142.72919899362182, 410.04720884653216
-142.72919899362182, 410.0369723167343
-147.95918718288624, 410.0369723167343
-156.6434056726199, 410.0369723167343
-156.6434056726199, 410.04330685615787
-156.6434056726199, 410.1373255578647
-156.6434056726199, 410.44676243463056
-156.6434056726199, 411.30505410030037
-156.6434056726199, 411.8547828681513
-156.6434056726199, 412.3997726730624
-156.6434056726199, 414.5880666576383
-156.6434056726199, 414.8303302455674
-156.6434056726199, 415.0623236134567
-156.6434056726199, 415.2793987359083
-156.6434056726199, 416.5982067870326
-170.91685263285865, 419.3307955589218
-171.42351442007896, 419.449266780115
-171.42351442007896, 419.33456977788524
-171.42351442007896, 419.3098101440896
-171.42351442007896, 419.2778909115022
-171.42351442007896, 419.23773488309047
-171.42351442007896, 419.18850323403007
-171.42351442007896, 419.1298887737891
-171.42351442007896, 419.0624980463218
-171.42351442007896, 414.52649218205136
-171.42351442007896, 413.7861562804017
-171.42351442007896, 413.013046111615
-171.42351442007896, 412.224569286277
-171.42351442007896, 411.3588714982216
-171.42351442007896, 410.47532257041865
-171.42351442007896, 410.1786284815536
-171.42351442007896, 410.07166240476937
-171.42351442007896, 410.03916203903714
-171.42351442007896, 410.0369723167343
-172.5422715523954, 410.0369723167343
-179.2319008506321, 410.0369723167343
-179.281233562196, 410.6338765839901
-179.3192574180149, 411.0939486350937
-179.47064660329806, 411.7010938375118
-179.5810219443821, 412.1437533225937
-179.84377458823917, 412.7703475074655
-180.01521078715552, 413.1791766014023
-180.40495065672883, 413.833667739465
-180.61900107035865, 414.1931231346054
-181.1569744425691, 414.8825349436856
-181.38804403910865, 415.1786501731796
-182.10108957621412, 415.9080010869239
-182.3172279990696, 416.1290819969101
-183.23683339646993, 416.9006773687374
-183.40037314067115, 417.0378954734726
-184.56124317098863, 417.85086467776347
-184.6298500693821, 417.8989107932968
-185.3376770507474, 418.31675933658096
-185.3376770507474, 418.7334997093736
-185.3376770507474, 419.43821899277594
-185.3376770507474, 419.97065594824824
-185.3376770507474, 422.7027741104778
-189.47146383891334, 423.6693652000351
-200.11787389486597, 426.6456694894319
-200.11787389486597, 425.1699512630888
-200.11787389486597, 424.69081397994034
-200.11787389486597, 424.1664147427144
-200.11787389486597, 422.91431365072003
-200.11787389486597, 422.6099734790315
-200.61823813090552, 422.6624377098007
-200.707160101549, 422.6679775614965
-202.71784750590552, 422.793243679039
-203.1836224022744, 422.802884284751
-204.83180014262427, 422.8369982566757
-204.85173490651243, 423.091737544174
-204.89039389262427, 423.5857470359726
-204.95895873362008, 423.86850068920006
-205.08746115336646, 424.39843014144134
-205.21003592937075, 424.69168819892946
-205.42239157328834, 425.1997454490585
-205.60794765040293, 425.50914605914664
-205.8926674521946, 425.9838946189804
-206.1538655945418, 426.3140991129233
-206.49477926860084, 426.7450793113632
-206.8477005254707, 427.0995135096312
-207.2244545615696, 427.4778826560898
-207.68797918478265, 427.8582243882023
-208.07642904887427, 428.1769640769882
-208.67141252047202, 428.58284354752317
-209.04429403910865, 428.8372118797226
-209.79305574129341, 429.26602304868663
-210.12110678324927, 429.4538958396835
-211.04644687337657, 429.9003865152138
-211.2992378867649, 430.02236202620696
-212.42289924612294, 430.4789042736008
-212.56983725199927, 430.538605007164
-212.58965626161705, 430.54588489477504
-212.7610298789524, 430.60883358382415
-212.9368798761276, 430.6647311149071
-213.08589849610655, 430.7120997420099
-213.19074909935136, 430.74542865840505
-213.2772306939338, 430.7729186083563
-213.34222757277246, 430.7935792004151
-213.39865648908915, 430.8115162897211
-213.4428643734201, 430.8255686731626
-213.48257018420475, 430.8381899801184
-213.51457788464643, 430.84836428469083
-213.54402874731943, 430.8577258458971
-213.56827031028013, 430.8654315242643
-213.59098193042144, 430.87265087890285
-213.60997621713693, 430.8786886028103
-213.62802310139307, 430.8844251753998
-213.6433064826939, 430.88928331185156
-213.65799125308, 430.893951167537
-213.67055406265183, 430.8979445144225
-213.6827356778657, 430.90181669085695
-213.6932446423698, 430.9051571809306
-213.70351272691403, 430.90842110236474
-213.71243328179912, 430.91125668383745
-213.72120581918773, 430.91404521491074
-213.72887267856447, 430.9164822835329
-213.7364540395414, 430.9188921747337
-213.74311403738386, 430.92100919175044
-213.7497313952532, 430.92311265477645
-213.75557067622447, 430.92496879008974
-213.94050265731005, 430.98533316526726
-213.95924599590205, 430.99059695597356
-214.17704318216272, 431.0583827855408
-214.24034343205915, 431.07616455358124
-214.89189589299906, 431.2787355374635
-214.91963352017262, 431.2865260829126
-215.35683828176855, 431.3939913675315
-215.792792543441, 431.5010716408055
-215.82883241481989, 431.5092562870792
-216.24242533064205, 431.6108905135734
-216.6247509070572, 431.68606520150456
-216.7001725472977, 431.7031984707534
-216.84677308189805, 431.7320442034182
-216.90075809628172, 431.7416309609969
-217.72179721867326, 431.90316662482195
-217.78153389761644, 431.9137745812034
-218.3887492612273, 432.00529694366753
-218.46027885155252, 432.0146539318402
-218.52856681736273, 432.0249403638156
-219.25056075309396, 432.13377181455775
-219.2933839850217, 432.1393710420187
-219.97163777365688, 432.21203498417685
-219.99428838145525, 432.21398452983567
-220.28888885050753, 432.245563531262
-220.35436235286954, 432.2512060141774
-220.8080044160581, 432.2998039647484
-220.8335597115348, 432.302003191488
-221.24223728546554, 432.3260413644545
-221.58482386575952, 432.34616145254694
-221.62419873732495, 432.34784371106
-222.152720368906, 432.3789119993954
-222.22545830932916, 432.38202124371054
-222.8501677524747, 432.4187564962106
-223.0983396312414, 432.4215637935815
-223.2134426837332, 432.42287916137604
-223.977678347611, 432.4314909997781
-224.03221928144956, 432.43149120472975
-224.3592205505007, 432.43516140080993
-224.41338978291003, 432.43516183225785
-224.84984560797955, 432.4221563138678
-224.91952033594328, 432.4191772059679
-224.95682062166145, 432.41758278898845
-225.07169855023142, 432.4141681549542
-225.98581977613378, 432.38688986608446
-226.47973337530516, 432.3516981773368
-226.5030733508844, 432.349688783515
-226.84673293563958, 432.3251919486884
-226.9057018213207, 432.32011063638816
-227.52671240209963, 432.27590351571274
-227.54677337030046, 432.2741768530116
-227.79551684534624, 432.24601240610394
-228.09190619705817, 432.21239428300396
-228.12907926356786, 432.2075338545461
-228.6946118322395, 432.14349795061116
-228.7552703880707, 432.13556266420926
-229.0758231652204, 432.09929264654
-229.60582147542334, 432.01627888920666
-229.674911672544, 432.00545607466427
-229.72420307374352, 431.99670139269284
-230.51456883008473, 431.8728424919027
-230.55792468730704, 431.8651449693765
-231.21657144211497, 431.7316878337097
-231.27611115281445, 431.71815962385676
-231.30418058660905, 431.7117848443545
-231.45232650466642, 431.6817442102632
-232.007062042264, 431.56937865392007
-232.2639269206154, 431.5045494154061
-232.7058899285313, 431.3931559136764
-232.7267004447, 431.38731094621255
-233.07769818838517, 431.29877093053994
-233.12439518339477, 431.28565509797795
-233.390199291454, 431.2186359081162
-233.8944881511976, 431.06459775873833
-233.9080553830919, 431.06078726535395
-234.13189811979214, 430.992364594704
-234.1625052391738, 430.98195997938853
-234.70153783452008, 430.81720093118366
-234.74587561738565, 430.80213209815935
-235.4618531063402, 430.5413105969844
-235.4853734699451, 430.53272470202796
-235.52374929107793, 430.5171276478874
-235.97806117434527, 430.3516216663095
-236.00832151895963, 430.3393284796891
-236.23545136730888, 430.2415623336521
-236.75624131796883, 430.0174486997403
-236.80034130791717, 429.99616702515806
-236.81852656603735, 429.9873906008171
-236.9737153991773, 429.920632074315
-237.1826927857834, 429.83066943281165
-237.61540329297316, 429.61127500981644
-237.9342088635275, 429.4497718309945
-237.94995946635925, 429.4407533104858
-238.24023463553192, 429.2935933705221
-238.27204242365735, 429.2753798234496
-238.86206962020594, 428.9224603348869
-238.8697870859463, 428.91804092218206
-239.01087441295658, 428.83366236956135
-239.03209008904412, 428.81919148195493
-239.2587833445731, 428.68361643409423
-239.2862948254416, 428.66484723589383
-239.4713987408544, 428.533766395053
-239.97916517788042, 428.17406335367014
-240.00382327530372, 428.153829786884
-240.02128764937322, 428.13949651912543
-240.02983739469641, 428.13344728535316
-240.1892695881786, 428.02055510253905
-240.50395379297913, 427.7540859242539
-240.8323621451201, 427.47592278600376
-240.83805405565295, 427.4702085850127
-240.95361418445896, 427.37236120599516
-240.97394918898033, 427.35193589811325
-241.37571371418983, 426.93837368359016
-241.38495412991006, 426.92909482033605
-241.5646471286052, 426.7440985687413
-241.5736079996376, 426.73277164339447
-241.59015682627944, 426.71185048571397
-241.59340539626612, 426.70774240475305
-241.65657431865736, 426.6426585121694
-241.7798884814316, 426.48390375543624
-242.10467766005718, 426.06560010881986
-242.16850081026257, 425.9833857404657
-242.17874269667516, 425.96629849498333
-242.20679831434938, 425.9301047392937
-242.38971196218574, 425.62160208283257
-242.40157654528332, 425.6018284092142
-242.63993914684363, 425.19952724273054
-242.64952362957558, 425.1766101890454
-242.65555535018723, 425.16216568425824
-242.6606451167969, 425.15365980530663
-242.85322646085967, 424.69395228393614
-242.96788391021585, 424.4206226223879
-242.97355934766892, 424.39828461604884
-242.9752825234542, 424.39118355696587
-243.01224599634088, 424.244893868633
-243.0174951474686, 424.2232640210771
-243.129992210634, 423.7773522426849
-243.16085018685646, 423.6550852142684
-243.16298785917706, 423.64626208493735
-243.1682278575057, 423.5856742573738
-243.1692332173733, 423.57286639147475
-243.19179452367837, 423.30766087544055
-243.19348791972902, 423.2859821623785
-243.23191610942115, 422.8369982566757
-243.32305074983458, 422.836415926705
-243.3274361289524, 422.83631785829857
-243.3833655006615, 422.8351164650497
-243.42379262627844, 422.8342457954135
-243.8922495129567, 422.83164709516524
-244.5867557332473, 422.81039464312744
-245.43058166970798, 422.7846217229556
-245.44867840401912, 422.78346643940347
-245.80984003349033, 422.7723795083496
-245.86513508050143, 422.76884450713584
-247.1255332352256, 422.6795644202847
-247.14199737649824, 422.67851144855047
-247.5187708678219, 422.65179040655016
-247.5544894699948, 422.64799390460524
-247.6038953163038, 422.64274405354
-247.95462809156413, 422.61787373005683
-248.4332766616568, 422.56364941295254
-249.57811229836432, 422.4337727786688
-249.62721819443402, 422.42639892443765
-249.65702489025273, 422.4219239230629
-249.7012100148885, 422.41695284443233
-249.98895864475378, 422.3843356766856
-250.86343456499242, 422.2465001443999
-251.59456895700112, 422.1312849689157
-251.6103702626973, 422.12818370342745
-251.92095871786762, 422.0792269779496
-251.96359464253567, 422.07086295451666
-253.18526197360245, 421.8214859608081
-253.19835364446033, 421.8189153280756
-253.55383064844398, 421.7462727728889
-253.58035041212804, 421.7397639557887
-253.61977844438968, 421.73008893410383
-253.90954317095623, 421.6709386237761
-254.35756742690876, 421.5571642836285
-255.4256433711838, 421.28593857742277
-255.44276022689235, 421.281585482208
-255.4771145912165, 421.27132263204203
-255.50217929792313, 421.2638351294095
-255.7745942137359, 421.1946483526743
-256.5153201362639, 420.96653972019794
-257.24853796679065, 420.74071827370085
-257.2572200228841, 420.73761257095185
-257.5147847554116, 420.65828978906177
-257.5455289080609, 420.6472963759575
-258.5326498671874, 420.28444245290257
-258.5454006108033, 420.2798833896369
-258.95925110058363, 420.1276653237562
-258.97482854370026, 420.1210607649409
-259.00602318973336, 420.1078410253651
-259.2484781661018, 420.0187351489801
-259.5339985913897, 419.89462165717805
-260.4349572223814, 419.5029340591028
-260.5640448868147, 419.446846273896
-260.5844643225938, 419.4366352703347
-260.6048512564504, 419.42644156525165
-260.8301227218965, 419.3284990394017
-261.33620502449014, 419.0694448793065
-262.05223802059174, 418.7028055964429
-262.0757098124619, 418.68896265739716
-262.08739123436646, 418.6820689707614
-262.29271637734735, 418.5769776722947
-262.9781007747722, 418.1636140537986
-263.4143592055449, 417.9006190677579
-263.4218731048776, 417.89536780456496
-263.5998912310606, 417.7880172506086
-263.61721563724075, 417.77590484696344
-263.62205478513806, 417.7725206055907
-263.75816424161087, 417.67542042966477
-264.44781478186917, 417.1833005823573
-264.64110994786563, 417.04548087580486
-264.6516332736202, 417.0366746489237
-264.6660127238655, 417.0246397456518
-264.81106045977947, 416.9210853114668
-265.12230918035505, 416.6558736984003
-265.7238034940218, 416.1428915278018
-265.73597062136525, 416.1304986119803
-265.74412743227504, 416.1221889183082
-265.8535774567856, 416.02893512880206
-266.29492402851986, 415.57162206238473
-266.6548219602997, 415.1987679982226
-266.65786482069814, 415.1948909723747
-266.6674119078824, 415.1827289256441
-266.67090995724084, 415.17827344229323
-266.7446571141676, 415.10189065367916
-267.26495715004796, 414.42877216977683
-267.4270088518273, 414.21940563194715
-267.4316117020775, 414.2117393284273
-267.4736188474752, 414.15732821148924
-267.66247439336655, 413.83890804907224
-267.6696771689375, 413.826912602202
-268.02114470921845, 413.23371934679295
-268.0214090541414, 413.2332827333945
-268.03442582648734, 413.21125152733146
-268.03937220199975, 413.19961778144085
-268.0429371436636, 413.19122891768353
-268.0607341167514, 413.1613237177769
-268.2947014956152, 412.6049049261475
-268.47280025331554, 412.1813230219404
-268.4737560203058, 412.1775861290846
-268.476862998962, 412.1654362285521
Holes:
-46.283127933630965, 266.8043155945619
-41.93743673930396, 264.63146999739837
-57.00874200607774, 264.63146999739837
-61.07039362026978, 264.63146999739837
-71.64510765526956, 264.63146999739837
-83.23191610942115, 264.63146999739837
-83.23191610942115, 271.2618995053957
-83.23191610942115, 274.955108913414
-83.23191610942115, 283.6597895432299
-83.23191610942115, 285.27870968245696
-61.07039362026978, 274.19794843788134
-46.283127933630965, 266.8043155945619
-46.283127933630965, 324.02783230208587
-41.93743673930396, 324.02783230208587
-57.00874200607774, 316.492179668699
-61.07039362026978, 314.46132650426546
-71.64510765526956, 309.17399684410304
-83.23191610942115, 303.3805926170273
-83.23191610942115, 310.0110221250246
-83.23191610942115, 313.7042315330429
-83.23191610942115, 322.4089121628588
-83.23191610942115, 324.02783230208587
-61.07039362026978, 324.02783230208587
-46.283127933630965, 324.02783230208587
-46.283127933630965, -325.56975528336335
-41.93743673930396, -325.56975528336335
-57.00874200607774, -333.10539399419497
-61.07039362026978, -335.13619557687366
-71.64510765526956, -340.4235525943735
-83.23191610942115, -346.2169568214493
-83.23191610942115, -339.5865763137735
-83.23191610942115, -335.893394199379
-83.23191610942115, -327.1886814046991
-83.23191610942115, -325.56975528336335
-61.07039362026978, -325.56975528336335
-46.283127933630965, -325.56975528336335
-46.283127933630965, 339.0006878878367
-41.93743673930396, 336.8278582420273
-57.00874200607774, 336.8278582420273
-61.07039362026978, 336.8278582420273
-71.64510765526956, 336.8278582420273
-83.23191610942115, 336.8278582420273
-83.23191610942115, 343.45823874970307
-83.23191610942115, 347.1514208640976
-83.23191610942115, 355.8561336587775
-83.23191610942115, 357.4750597801132
-61.07039362026978, 346.3942985355376
-46.283127933630965, 339.0006878878367
-46.283127933630965, -310.596905941877
-41.93743673930396, -312.7697674903946
-57.00874200607774, -312.7697674903946
-61.07039362026978, -312.7697674903946
-71.64510765526956, -312.7697674903946
-83.23191610942115, -312.7697674903946
-83.23191610942115, -306.13933798239725
-83.23191610942115, -302.446128574379
-83.23191610942115, -293.7414157796991
-83.23191610942115, -292.12248965836335
-61.07039362026978, -303.203250902939
-46.283127933630965, -310.596905941877
-46.283127933630965, -253.3734051857071
-41.93743673930396, -253.3734051857071
-57.00874200607774, -260.9090717416492
-61.07039362026978, -262.9399217731627
-71.64510765526956, -268.2272565971978
-83.23191610942115, -274.02068301773835
-83.23191610942115, -267.390253509741
-83.23191610942115, -263.6970441017227
-83.23191610942115, -254.99233130704283
-83.23191610942115, -253.3734051857071
-61.07039362026978, -253.3734051857071
-46.283127933630965, -253.3734051857071
-48.231420456757064, -384.96611758805085
-52.87292037857003, -384.96611758805085
-53.540296236374274, -384.96611758805085
-72.94957180840902, -379.56651731064926
-83.23191610942115, -376.7060010109024
-83.23191610942115, -372.7281549088049
-83.23191610942115, -370.51245853043366
-83.23191610942115, -365.2901712233397
-83.23191610942115, -364.3189160499649
-61.07039362026978, -375.39967729454054
-46.283127933630965, -382.7932879422414
-41.93743673930396, -384.96611758805085
-48.231420456757064, -384.96611758805085
-53.540296236374274, 396.2242205467148
-52.87292037857003, 396.2242205467148
-46.283127933630965, 396.2242205467148
-41.93743673930396, 396.2242205467148
-57.00874200607774, 388.6885679133279
-61.07039362026978, 386.6577421062318
-71.64510765526956, 381.3703739919996
-83.23191610942115, 375.5769808616562
-83.23191610942115, 385.27707616030904
-83.23191610942115, 387.9640658225937
-72.4351930374142, 390.96769457271193
-53.540296236374274, 396.2242205467148
-46.283127933630965, 251.83144405745696
-41.657789236716894, 251.83144405745696
-41.41923978143615, 251.83144405745696
-41.076001802780524, 251.83144405745696
-41.41923978143615, 251.73597519978554
-41.657789236716894, 251.66962460512528
-56.713430600553124, 247.481176378244
-61.07039362026978, 246.269120884037
-71.64510765526956, 243.3272449709243
-83.23191610942115, 240.1038439598007
-83.23191610942115, 243.86993517239077
-83.23191610942115, 245.9676821556015
-83.23191610942115, 250.91190421405153
-83.23191610942115, 251.83144405745696
-61.07039362026978, 251.83144405745696
-46.283127933630965, 251.83144405745696
-46.283127933630965, -239.1247486917067
-41.657789236716894, -240.41152065042783
-41.41923978143615, -240.4779029361857
-41.076001802780524, -240.57341739273835
-41.41923978143615, -240.57341739273835
-41.657789236716894, -240.57341739273835
-56.713430600553124, -240.57341739273835
-61.07039362026978, -240.57341739273835
-71.5417504864846, -240.57341739273835
-71.64510765526956, -240.57341739273835
-83.23191610942115, -240.57341739273835
-83.23191610942115, -236.80735068030904
-83.23191610942115, -234.70961734391022
-83.23191610942115, -229.7652987908684
-83.23191610942115, -228.8457410011368
-61.07039362026978, -235.01099056803562
-46.283127933630965, -239.1247486917067
Exterior:
19.866457303664788, 409.0242083396835
21.42901553420768, 409.80548745495497
21.42901553420768, 412.25663768799797
21.42901553420768, 428.0663931559803
16.258875134441666, 426.62805511473005
14.038895087983406, 426.01046299956545
8.092226167146464, 424.3561312097
6.648818690089001, 423.9545765799503
6.648818690089001, 412.31261481000587
6.648818690089001, 408.7537287282602
6.648818690089001, 398.297147961949
6.648818690089001, 396.2242205467148
6.648818690089001, 395.090318816739
6.648818690089001, 384.73108062498704
12.871990093919862, 381.6194949230716
21.42901553420768, 377.3409822029277
21.42901553420768, 391.57220649110826
21.42901553420768, 395.4429356958534
20.511554894653216, 395.90166938329907
19.866457303664788, 396.2242205467148
21.42901553420768, 396.2242205467148
21.42901553420768, 407.0996655586986
21.42901553420768, 409.0242083396835
20.511554894653216, 409.0242083396835
19.866457303664788, 409.0242083396835
Holes:
Exterior:
19.866457303664788, -312.7697674903946
21.42901553420768, -311.9884769039433
21.42901553420768, -309.26677889481414
21.42901553420768, -293.8865891267744
16.50683808668748, -296.34766875650945
6.648818690089001, -301.27666024151256
6.648818690089001, -309.02875029552416
6.648818690089001, -311.6358657604188
6.648818690089001, -312.7697674903946
6.648818690089001, -322.8322964949573
6.648818690089001, -325.56975528336335
6.648818690089001, -326.7036570133391
6.648818690089001, -337.0628952050911
12.871990093919862, -340.1744809070065
21.42901553420768, -344.4529936271504
21.42901553420768, -330.22173934888644
21.42901553420768, -326.3510343986348
20.511554894653216, -325.89230407885753
19.866457303664788, -325.56975528336335
21.42901553420768, -325.56975528336335
21.42901553420768, -314.69431027137955
21.42901553420768, -312.7697674903946
20.511554894653216, -312.7697674903946
19.866457303664788, -312.7697674903946
Holes:
Exterior:
19.866457303664788, 324.02783230208587
21.42901553420768, 324.02783230208587
21.42901553420768, 325.95238081866074
21.42901553420768, 336.8278582420273
20.511554894653216, 336.8278582420273
19.866457303664788, 336.8278582420273
21.42901553420768, 337.6091373572987
21.42901553420768, 340.3308525731976
21.42901553420768, 355.7110584388417
16.50683808668748, 353.2499697150816
6.648818690089001, 348.32096001678235
6.648818690089001, 340.5688209535022
6.648818690089001, 337.9617436554616
6.648818690089001, 336.8278582420273
6.648818690089001, 334.0903912953505
6.648818690089001, 324.02783230208587
6.648818690089001, 322.8939305721101
6.648818690089001, 312.534708716781
12.871990093919862, 309.4231287637112
21.42901553420768, 305.1446239483822
21.42901553420768, 319.3757882563959
21.42901553420768, 323.2465417156346
20.511554894653216, 323.70527877074863
19.866457303664788, 324.02783230208587
Holes:
Exterior:
19.866457303664788, -384.96611758805085
21.42901553420768, -384.1848384727794
21.42901553420768, -381.4631289924704
21.42901553420768, -366.08292291065226
16.50683808668748, -368.5439934463622
6.648818690089001, -373.47296671806913
6.648818690089001, -381.2250894449265
6.648818690089001, -383.83218322499226
6.648818690089001, -384.96611758805085
6.648818690089001, -387.03905198718894
6.648818690089001, -397.49557042736245
6.648818690089001, -412.6964845265512
11.456968799825063, -414.0340874340814
14.038895087983406, -414.7523787804015
20.813996001821465, -416.6372003909016
21.42901553420768, -416.8082942757572
21.42901553420768, -402.2488346545668
21.42901553420768, -398.5473196735256
20.511554894653216, -398.0885826184115
19.866457303664788, -397.7660290870743
21.42901553420768, -397.7660290870743
21.42901553420768, -395.8414977772691
21.42901553420768, -384.96611758805085
20.511554894653216, -384.96611758805085
19.866457303664788, -384.96611758805085
Holes:
Exterior:
11.557056011644988, -243.53168073741568
6.648818690089001, -242.37118444278323
6.648818690089001, -245.5355683947531
6.648818690089001, -249.75078992733415
6.648818690089001, -252.58384223635198
6.648818690089001, -264.86651243458914
16.50683808668748, -269.79550391959225
21.42901553420768, -272.2565835493273
21.42901553420768, -249.68724635046533
21.42901553420768, -248.62526715710928
21.42901553420768, -247.0488634129537
21.42901553420768, -245.86268416567765
11.557056011644988, -243.53168073741568
Holes:
Exterior:
993.6784644281994, -442.37090274430085
987.1640928961752, -442.37090274430085
960.693983701835, -442.37090274430085
957.6451209389188, -442.37090274430085
951.747207454064, -441.9089851890197
912.8451255165555, -438.8622204933243
912.8451255165555, -506.0617780788884
912.8451255165555, -513.4680096778947
912.8451255165555, -628.3672388092564
912.8451255165555, -641.0305707130509
912.8451255165555, -662.4384023825725
912.8451255165555, -664.7978131446915
912.8451255165555, -676.7899658542595
912.8451255165555, -679.445640293129
918.5495891306662, -681.0326052108088
957.6451209389188, -691.9088666114884
957.6451209389188, -697.3901044419287
957.6451209389188, -698.3709637794572
962.8552580158404, -698.3709637794572
993.6784644281994, -698.3709637794572
993.6784644281994, -513.7572927232462
993.6784644281994, -442.37090274430085
Holes:
Exterior:
993.6784644281994, 638.2426323774258
993.6784644281994, 709.6289904441757
957.6451209389188, 709.6289904441757
957.6451209389188, 708.6481311066472
957.6451209389188, 703.1668932762069
950.1123508893083, 701.0712989118024
912.8451255165555, 690.7036669578475
912.8451255165555, 677.4290387964082
912.8451255165555, 676.05583980941
912.8451255165555, 654.6480081398885
912.8451255165555, 652.2885973777694
912.8451255165555, 639.6252730477923
912.8451255165555, 524.7261126365585
912.8451255165555, 457.52662377112233
912.8451255165555, 450.1203997459335
951.747207454064, 453.1671313167002
957.6451209389188, 453.62904384993743
960.693983701835, 453.62904384993743
987.1640928961752, 453.62904384993743
993.6784644281994, 453.62904384993743
993.6784644281994, 638.2426323774258
Holes:
Exterior:
94.11909209308499, -437.0305028475422
94.1823152479626, -437.0480861424286
94.26463386405112, -437.0709874131084
94.36597860472898, -437.0991716522242
94.4860166167336, -437.13255647687964
94.62410168530175, -437.1709576614375
94.77917282758, -437.21411594855346
94.95013923074555, -437.26169689407675
95.1354809366535, -437.3132512709777
95.3335271741825, -437.3683295377958
95.54249632142779, -437.42650109492985
95.76046980310286, -437.48708937406155
96.21551650596177, -437.613693389267
97.82986229220074, -438.0626995125306
98.16366031067605, -438.15557004751645
100.10909866531284, -438.696809994107
101.68086014254789, -439.13415859417734
101.67371359435049, -338.1870411088396
101.67862594152302, -264.7210150136531
101.47157398696999, -264.67253823600686
101.22911248555715, -264.6156973936324
100.85934274525641, -264.5290917569395
100.67883714490239, -264.48677755617996
93.99699044756625, -262.9172214472443
90.36203521959703, -262.0595800312384
85.94096290061589, -261.0215357805917
85.51018390496142, -260.9273164385611
81.29269509609833, -259.94190741843596
80.75652548941014, -259.81640895881094
80.1893017912393, -259.683559171428
79.59719312036043, -259.5448803262593
78.98683134237524, -259.40191927251806
78.79035544842554, -259.35591648347935
78.18378891676468, -259.2138020353486
77.5912843724185, -259.0748777100851
77.0188124191958, -258.94067526266923
76.4717679976851, -258.8124172858692
76.07574561274248, -258.71949112429144
63.472145899271254, -255.76093230363347
63.366812655920455, -255.7362318753921
63.265647845228955, -255.7124959056507
63.170037652778205, -255.69006426560162
63.08093067576908, -255.66915210881137
63.02728437445262, -255.6565601399381
62.376604912843845, -255.49692311446194
61.64320756753801, -255.32458603942354
60.95449695155253, -255.1626985375297
51.71301161159772, -252.99594081952375
48.331444901809164, -252.19977926454516
48.331444901809164, -261.69343767610025
48.331444901809164, -265.4463678022236
61.16078408589135, -269.0154950294571
61.16078408589135, -269.676123440516
61.16078408589135, -274.02068301773835
48.331444901809164, -267.6059700505107
48.331444901809164, -275.1212130679583
48.331444901809164, -280.43536844702294
48.331444901809164, -291.0219596081434
48.331444901809164, -292.9132703355316
48.331444901809164, -298.537194804958
51.71301161159772, -296.8464020785682
61.16078408589135, -292.12248965836335
61.16078408589135, -292.8767534590105
61.16078408589135, -302.446128574379
61.16078408589135, -305.1276444186111
61.16078408589135, -306.0224816027183
61.16078408589135, -307.50151973026453
61.16078408589135, -312.01550368974745
61.16078408589135, -312.7697674903946
51.71301161159772, -312.7697674903946
48.331444901809164, -312.7697674903946
48.331444901809164, -321.5930495771745
48.331444901809164, -325.56975528336335
61.16078408589135, -325.56975528336335
61.16078408589135, -326.3240190840105
61.16078408589135, -335.893394199379
61.16078408589135, -338.57489022662367
61.16078408589135, -339.4697207976887
61.16078408589135, -340.9487479948203
61.16078408589135, -345.46269859497625
61.16078408589135, -346.2169568214493
51.71301161159772, -341.49306185661646
48.331444901809164, -339.80227537789034
48.331444901809164, -347.31755022064317
48.331444901809164, -352.63167392522087
48.331444901809164, -363.21835432525796
48.331444901809164, -365.10969672713316
48.331444901809164, -370.73359749352386
61.16078408589135, -364.3189160499649
61.16078408589135, -365.07317985061206
61.16078408589135, -374.64255496598054
61.16078408589135, -384.2118593615778
61.16078408589135, -384.96611758805085
48.331444901809164, -384.96611758805085
48.331444901809164, -393.78934708392114
48.331444901809164, -397.7660290870743
61.16078408589135, -397.7660290870743
61.16078408589135, -398.46412750900737
61.16078408589135, -407.32093021012116
61.16078408589135, -409.8027106375153
61.16078408589135, -410.6308949698953
61.16078408589135, -411.99976544821425
61.16078408589135, -416.17752075192146
61.16078408589135, -416.8756024513321
59.437452294725745, -416.39618901817687
54.228258451125726, -414.9470441017227
50.104996791256326, -412.8853995393924
48.331444901809164, -411.99861768790896
48.331444901809164, -420.91151266981797
48.331444901809164, -424.29245910161245
50.73486194562247, -424.9610836991714
55.72152129970357, -426.348359832695
61.16078408589135, -427.86154910660554
61.16078408589135, -428.1290983173558
61.16078408589135, -431.5235058937149
61.16078408589135, -432.2664851372495
61.16078408589135, -435.1854626808243
69.48653540743499, -437.5016644366594
71.73516546511416, -438.1272273062041
86.76091225971948, -442.30734988785554
86.76091225971948, -435.9169939741892
86.76091225971948, -434.9834363136368
86.7946251976906, -434.99282069237876
86.84883412179681, -435.0078990248531
86.93006645927028, -435.03049067241295
87.03985093105837, -435.06105176279505
87.17979123223893, -435.09996255479024
87.35200194351938, -435.1478692555995
87.55853399356488, -435.20531736573565
87.5630950275168, -435.2065710321316
87.8027089869853, -435.2732937421698
88.08171989154732, -435.35087985921734
88.40345203009053, -435.44037535167763
88.77156579715444, -435.54276471961884
89.19054676209555, -435.6593745197532
89.6652490545959, -435.7914571605345
89.66977048070146, -435.7927423255983
90.20038154297879, -435.940306816066
90.79897608216356, -436.10690213724473
91.47351560461391, -436.2945115748319
92.23286129130179, -436.50571330018033
92.23503054945468, -436.5062897768994
94.04161795729277, -437.0089211107129
94.04932786549102, -437.01105842215156
94.07494938543692, -437.01821554674564
94.11909209308499, -437.0305028475422
Holes:
Exterior:
94.11909209308499, 448.28855770206104
94.07494938543692, 448.2762705368234
94.04932786549102, 448.26913290478024
94.04161795729277, 448.26699542930044
92.23503054945468, 447.7643927355633
91.48218242201324, 447.5549455060896
90.81429136540169, 447.36913650501185
90.22231904931698, 447.2044322935444
89.69817717436717, 447.058666792039
89.23512844151094, 446.929827648482
88.82726169749571, 446.8163754426039
88.46961061441732, 446.7168748640761
88.15761610688855, 446.6300478243417
87.88756135647918, 446.55495322692536
87.65608804974778, 446.4905355396075
87.46027870497988, 446.4360695592675
87.29751278819668, 446.39078978877984
87.1657180972469, 446.35410808431226
87.06278304886791, 446.3254710519888
86.98710358519861, 446.3044238048137
86.9371610803463, 446.29051527247145
86.86021375818814, 446.26911477979706
86.82886429176773, 446.260405235063
86.78029492683362, 446.24689695514695
86.76091225971948, 446.24150112532806
86.76091225971948, 447.1750587858805
86.76091225971948, 449.46433611867855
86.76091225971948, 453.5654146995468
69.48653540743499, 448.7597549890492
61.16078408589135, 446.4435656394882
61.16078408589135, 439.65475048677
61.16078408589135, 439.11965206526946
57.481366051343116, 438.0960471903129
55.72152129970357, 437.6064627913589
52.482309847596184, 436.7053222842843
48.331444901809164, 435.5505620602764
48.331444901809164, 433.68657343249635
48.331444901809164, 432.1695921487589
48.331444901809164, 426.449892478788
48.331444901809164, 423.25667053816824
54.228258451125726, 426.20507076644134
57.064572600274005, 426.9941358224174
61.16078408589135, 428.133705409996
61.16078408589135, 425.611467141373
61.16078408589135, 415.3720275264906
61.16078408589135, 413.1429383351799
61.16078408589135, 409.0242083396835
51.71301161159772, 409.0242083396835
48.331444901809164, 409.0242083396835
48.331444901809164, 400.2009262529036
48.331444901809164, 396.2242205467148
51.71301161159772, 396.2242205467148
61.16078408589135, 396.2242205467148
61.16078408589135, 395.4699567460676
61.16078408589135, 385.90058163069915
61.16078408589135, 383.21907569496074
61.16078408589135, 382.3242418173746
61.16078408589135, 380.8452091550357
61.16078408589135, 376.3312418752163
61.16078408589135, 375.5769808616562
51.71301161159772, 380.300884554175
48.331444901809164, 381.991674156733
48.331444901809164, 374.47640329970574
48.331444901809164, 363.8897452093978
48.331444901809164, 358.57563734206366
48.331444901809164, 356.6842909544628
48.331444901809164, 351.06037833655427
61.16078408589135, 357.4750597801132
61.16078408589135, 356.72079597946606
61.16078408589135, 347.1514208640976
61.16078408589135, 337.5821164685003
61.16078408589135, 336.8278582420273
51.71301161159772, 336.8278582420273
48.331444901809164, 336.8278582420273
48.331444901809164, 328.0045498597926
48.331444901809164, 324.02783230208587
61.16078408589135, 324.02783230208587
61.16078408589135, 323.2735712885258
61.16078408589135, 313.7042315330429
61.16078408589135, 304.1348564176744
61.16078408589135, 303.3805926170273
48.331444901809164, 309.7952859121041
48.331444901809164, 302.2800308923203
48.331444901809164, 291.69339511174155
48.331444901809164, 286.3792714071639
48.331444901809164, 284.4879290052887
48.331444901809164, 278.8640184028226
53.40880885276556, 281.4027089614244
61.16078408589135, 285.27870968245696
61.16078408589135, 285.0958628349709
61.16078408589135, 282.7760775413437
61.16078408589135, 280.456327607602
61.16078408589135, 280.27348354720306
53.40880885276556, 278.11690718508265
48.331444901809164, 276.70439969515616
48.331444901809164, 270.7619712051818
48.331444901809164, 263.4578559277543
50.87361797023186, 264.05477045832254
51.71301161159772, 264.25402308658704
56.33599300662081, 265.3324470940573
62.57395807870296, 266.80808409396644
62.574278992198174, 266.8081771569951
62.57774648292411, 266.8090034521327
62.58555871614476, 266.81085307146816
62.59819374462245, 266.81383043416065
62.61655069624214, 266.8181505143119
62.64015076290207, 266.82369923611174
62.66952817811443, 266.8306016259855
62.70608121621444, 266.8391890293063
62.75092903491384, 266.84972255619857
62.764793905334045, 266.85297522045806
62.81736450896773, 266.8653198846864
62.87819435782791, 266.87959948699404
62.94795551923835, 266.8959732810243
63.02728437445262, 266.91459236577475
63.08093067576908, 266.92717877353
63.170037652778205, 266.94809390986137
63.265647845228955, 266.9705287512557
63.366812655920455, 266.9942585401107
75.58581924028175, 269.8627309035357
76.07574561274248, 269.977632229928
79.79816242075663, 270.8514830907221
80.24906830906934, 270.95720350518917
91.30287503043189, 273.54880878214453
92.16568492951421, 273.75093337786024
92.61524673343763, 273.85627934316295
93.6049530940603, 274.08810492571297
94.3059208690064, 274.2523203728783
95.42828844424548, 274.5152413151444
96.49452738810356, 274.76492729041854
97.49578937686715, 274.99947505591564
99.36996594339104, 275.438419344057
100.66074106913345, 275.74071999927537
101.67862594152302, 275.979095899756
101.67371359435049, 349.4450577239152
101.68086014254789, 450.3921780442455
100.10909866531284, 449.95494535432715
98.16366031067605, 449.4137295364878
97.82986229220074, 449.3208651241304
96.21551650596177, 448.87176807287864
95.76046980310286, 448.74518452732576
95.54249632142779, 448.6845352852134
95.3335271741825, 448.62641490976665
95.1354809366535, 448.57130575075956
94.95013923074549, 448.5197513441462
94.77917282758, 448.4721911291467
94.62410168530175, 448.429043180159
94.4860166167336, 448.39063160443754
94.36597860472898, 448.3572262075149
94.26463386405112, 448.3290420488531
94.1823152479626, 448.3061308026327
94.11909209308499, 448.28855770206104
Holes:
Exterior:
111.81991142086946, 431.2601857288323
156.25406978020095, 417.5202247104184
156.94379250028032, 417.30694424765295
171.63641794911024, 412.7636765804841
171.63641794911024, 420.9949885024942
171.63641794911024, 427.8137045448611
160.31798387463283, 431.3136235403371
160.31614345243145, 431.3141971665291
118.77125771870385, 444.1607745017929
160.31614345243148, 455.71843476411806
171.63641794911024, 458.86770801272627
171.63641794911024, 468.8819523870331
171.63641794911024, 477.1776063891911
156.48232099106758, 472.9617801590095
111.8269957922023, 460.53877426908747
111.8269957922023, 441.2605832038758
111.81991142086946, 431.2601857288323
Holes:
Exterior:
111.81991142086946, -439.1304737545493
111.8269957922023, -449.2807191794345
113.55629938157182, -449.7618320855134
116.238011970353, -450.5078292877615
119.05057516179994, -451.2902190921342
121.73030868398433, -452.03577769255037
123.97091643956759, -452.65910589363426
148.64759500707146, -459.5240828219673
148.80361023523974, -459.56748825539296
149.29612793376697, -459.70452336705733
150.22191322381244, -459.9621109948042
151.70999521011922, -460.37602662884484
153.93456047073914, -460.9948748585597
157.13511504311646, -461.88529523296415
161.64743509588712, -463.140615479429
167.95391270487923, -464.89504944980024
171.63641794911024, -465.9195034305272
171.63641794911024, -455.9052799199684
171.63641794911024, -447.609643201035
160.31798387463283, -444.4608797185119
160.31614345243148, -444.4603619280808
118.77125771870385, -432.902671543129
160.31614345243148, -420.05609420786516
171.63641794911024, -416.5555807224491
171.63641794911024, -408.3242896641871
171.63641794911024, -401.5055736218202
156.25406978020095, -406.2621124719357
111.81991142086946, -420.00206837167843
111.81991142086946, -439.1304737545493
Holes:
Exterior:
1011.0099291391323, -730.370933261879
1030.6288464176714, -730.370933261879
1030.6288464176714, -525.455998950813
1030.6288464176714, -410.370933261879
1007.6118329369048, -410.370933261879
1007.6118329369048, -412.5857440698224
1007.6118329369046, -430.304251655472
1007.6118329369048, -550.9708776204234
1007.6118329369048, -710.4376148682861
1007.6118329369048, -730.370933261879
1011.0099291391323, -730.370933261879
Holes:
Exterior:
1011.0099291391325, 421.6290362205429
1030.6288464176714, 421.6290362205429
1030.6288464176714, 626.54397053161
1030.6288464176714, 741.6290362205428
1007.6118329369048, 741.6290362205428
1007.6118329369048, 739.4142201320739
1007.6118329369046, 721.69567030217
1007.6118329369048, 601.0290443372187
1007.6118329369048, 441.5623783765257
1007.6118329369048, 421.6290362205429
1011.0099291391325, 421.6290362205429
Holes:
Exterior:
27.67065388869463, 412.92629796831983
37.9125363224793, 418.0472278151211
37.91251682252744, 427.037876743995
37.91251682252744, 432.6520476309637
27.798406399669943, 429.838342531577
24.66098245066553, 428.96551485246573
24.66098245066553, 414.8730804750944
24.66098245066553, 411.4214709131839
27.67065388869463, 412.92629796831983
Holes:
Exterior:
803.6295081937942, -475.5681171225369
814.9727037912769, -478.72364052341476
814.9727093493955, -469.1045274817833
814.9727237290765, -463.5616870992589
814.9727237290764, -426.9838700630567
805.661009482127, -425.4817519103832
802.1675473080014, -425.054180636573
802.1675473080014, -453.5577905619521
802.1675621649689, -463.6496653385053
802.1675549914502, -475.1614059053858
803.6295081937942, -475.5681171225369
Holes:
Exterior:
803.6295081937942, 486.82618628945005
802.1675549914502, 486.41947455978806
802.1675536962239, 478.2873975889352
802.1675621649689, 474.90772225829585
802.1675473080014, 464.81588708534974
802.1675473080014, 436.3122994510901
805.661009482127, 436.73983405490463
814.9727237290764, 438.24195223306145
814.9727237290764, 474.8198247745498
814.9727037912769, 489.9818110785677
803.6295081937942, 486.82618628945005
Holes:
Exterior:
803.6295081937942, 543.3255542478006
814.9727037912769, 539.8324642309515
814.972708983598, 541.3442394749367
814.972708983598, 554.8653427206068
813.684742378605, 555.2619590181022
804.0297034584501, 558.2351763572616
814.972708983598, 567.6936436077667
814.9727043095943, 570.9085874584598
814.9727043095943, 593.2562623168586
813.5688464289778, 592.0428539895145
802.1675630474446, 582.1882730161514
802.1675549914502, 579.6132361121233
802.1675939245524, 560.3376197361905
802.1675939245524, 556.6256868478562
802.1675549914502, 543.7757540640351
803.6295081937942, 543.3255542478006
Holes:
Exterior:
35.53683547734505, -420.7330415570836
37.91251682252744, -421.39394467229977
37.9125363224793, -415.62439796042963
37.9125363224793, -406.78912869839064
27.798406399669943, -401.732061865748
24.66098245066553, -400.1633268585334
24.66098245066553, -407.68439148299734
24.66098245066553, -417.7074222363229
35.53683547734505, -420.7330415570836
Holes:
Exterior:
803.7803987905322, -623.4703516518755
802.1675630474446, -623.0216657026383
802.1675549914502, -624.128312890296
802.1675549914502, -634.0075285910575
813.684742378605, -637.2115914271615
814.972708983598, -637.5699169909859
814.9727043095943, -636.188234859111
814.9727043095943, -626.5840328753733
803.7803987905322, -623.4703516518755
Holes:
Exterior:
803.7803987905322, 634.728378316594
814.9727043095943, 637.8420595400918
814.972708983598, 638.9468655911738
814.972708983598, 648.8280122771613
813.684742378605, 648.4697020596145
802.1675549914502, 645.2656049308818
802.1675630474447, 644.0593726793405
802.1675630474447, 634.2796923673568
803.7803987905322, 634.728378316594
Holes:
Exterior:
803.7803987905322, -572.3242825230737
814.9727043095943, -581.9981356042008
814.972708983598, -579.4274419410006
814.972708983598, -556.4355483215912
813.684742378605, -555.3223039178149
804.0297034584501, -546.9770733985978
814.972708983598, -543.607239761943
814.9727037912769, -541.8935058746636
814.9727037912769, -528.5744288687767
813.684742378605, -528.971049662954
802.1675549914502, -532.5176511053713
802.1675549914502, -534.0319712923841
802.1675939245523, -545.3675838891924
802.1675939245524, -549.0795278561376
802.1675630474446, -570.9302463514329
803.7803987905322, -572.3242825230737
Holes:
Exterior:
10.23272694154133, 287.9296191062851
21.42901553420768, 287.9296191062851
21.42901553420768, 289.2981236153933
21.42901553420768, 300.72968319319915
10.23272694154133, 300.72968319319915
6.648818690089001, 300.72968319319915
6.648818690089001, 291.5888371014967
6.648818690089001, 287.9296191062851
10.23272694154133, 287.9296191062851
Holes:
Exterior:
18.29438546931931, 256.37976738724575
21.42901553420768, 257.1207227924665
21.42901553420768, 258.3068900776723
21.42901553420768, 259.8832984873528
21.42901553420768, 260.94527301518394
21.42901553420768, 283.5146701942128
12.871990093919862, 279.2361574740689
6.648818690089001, 276.12457177215344
6.648818690089001, 263.84188523749344
6.648818690089001, 261.0088547390254
6.648818690089001, 256.7936205807388
6.648818690089001, 253.6292332894968
18.29438546931931, 256.37976738724575
Holes:
Exterior:
33.78135566109643, -248.7731425085779
24.66098781046844, -246.62769707894194
24.66098781046844, -269.8256192985463
24.66098245066553, -273.87256103629886
30.258913358352288, -276.67151614762116
27.798406399669943, -276.67151614762116
24.66098245066553, -276.67151614762116
24.66098245066553, -278.40672228024323
24.66098245066553, -289.47165652848054
30.258913358352288, -289.47165652848054
27.798406399669943, -290.7018919445475
24.66098245066553, -292.2706116398028
24.66098245066553, -307.9185103575646
24.66098245066553, -310.37246971893546
26.926611251399606, -309.23967095038915
37.91251191498628, -303.7466901728505
37.912501480533024, -290.12819881796315
37.912501480533024, -285.64485301937907
37.912501480533024, -276.01497385813855
37.91251191498628, -272.5876953831835
37.9125363224793, -263.05598788694004
37.9125363224793, -262.1077246710422
37.91251877656612, -249.7484362963085
33.78135566109643, -248.7731425085779
Holes:
Exterior:
33.78135566109643, 260.0312311048964
37.91251877656612, 261.00651528680925
37.9125363224793, 273.3657908725374
37.9125363224793, 274.3140513088274
37.912534036660304, 275.1362602154417
37.912501480533024, 287.27305792078033
37.912501480533024, 296.9028796840977
37.912501480533024, 301.3862443787039
37.91251191498628, 304.81358025158215
37.91251191498628, 315.0047716551696
27.798406399669943, 320.06179952341216
24.66098245066553, 321.63053453062673
24.66098245066553, 313.2793084504264
24.66098245066553, 303.52864347578196
30.258913358352288, 300.72968319319915
27.798406399669943, 300.72968319319915
24.66098245066553, 300.72968319319915
24.66098245066553, 298.99448740309816
24.66098245066553, 287.9296191062851
30.258913358352288, 287.9296191062851
27.798406399669943, 286.6993656269439
24.66098245066553, 285.1306536524417
24.66098781046844, 281.0837295788371
24.66098781046844, 257.88574570854115
31.332030273957628, 259.45293281316907
33.78135566109643, 260.0312311048964
Holes:
Exterior:
27.798406399669943, -362.89826010547796
24.66098245066553, -364.46695139493795
24.66098245066553, -380.11491606412403
24.66098245066553, -382.5688550145505
26.926611251399606, -381.4360340921374
37.91251191498628, -375.9430736117623
37.912501480533024, -362.32456781164154
37.912501480533024, -357.8411842210132
37.912501480533024, -348.2113624576958
37.91251191498628, -344.7839691868944
37.91251191498628, -334.5927992596519
27.798406399669943, -329.5357298313659
24.66098245066553, -327.9670178568637
24.66098245066553, -336.31829673400216
24.66098245066553, -346.06897708537934
30.258913358352288, -348.8679425392227
27.798406399669943, -348.8679425392227
24.66098245066553, -348.8679425392227
24.66098245066553, -359.9328108360358
24.66098245066553, -361.6680066261368
30.258913358352288, -361.6680066261368
27.798406399669943, -362.89826010547796
Holes:
Exterior:
27.798406399669943, 392.25821688337663
24.66098245066553, 393.826940374235
24.66098245066553, 385.47567909607596
24.66098245066553, 375.7249987446988
30.258913358352288, 372.9260332908554
27.798406399669943, 372.9260332908554
24.66098245066553, 372.9260332908554
24.66098245066553, 361.86119796975447
24.66098245066553, 360.126007350914
30.258913358352288, 360.126007350914
27.798406399669943, 358.8957538715728
24.66098245066553, 357.3270418970706
24.66098245066553, 341.67904425217245
24.66098245066553, 339.22512081552765
26.926611251399606, 340.35794173794073
37.91251191498628, 345.8509022183158
37.912501480533024, 359.46943671739814
37.912501480533024, 369.09922978175393
37.912501480533024, 373.58260392437126
37.91251191498628, 377.00996849621106
37.91251191498628, 387.2011598997985
27.798406399669943, 392.25821688337663
Holes:
Exterior:
27.798406399669943, 409.0242083396835
24.66098245066553, 409.0242083396835
24.66098245066553, 403.11897640685174
24.66098245066553, 396.2242205467148
26.926611251399606, 396.2242205467148
37.91251191498628, 396.2242205467148
37.91251191498628, 403.4304792070032
37.91251191498628, 409.0242083396835
27.798406399669943, 409.0242083396835
Holes:
Exterior:
27.798406399669943, -312.7697674903946
24.66098245066553, -312.7697674903946
24.66098245066553, -318.6749994232264
24.66098245066553, -325.56975528336335
26.926611251399606, -325.56975528336335
37.91251191498628, -325.56975528336335
37.91251191498628, -318.3634966230749
37.91251191498628, -312.7697674903946
27.798406399669943, -312.7697674903946
Holes:
Exterior:
27.798406399669943, 336.8278582420273
24.66098245066553, 336.8278582420273
24.66098245066553, 330.92260871021614
24.66098245066553, 324.02783230208587
26.926611251399606, 324.02783230208587
37.91251191498628, 324.02783230208587
37.91251191498628, 331.23411243871914
37.91251191498628, 336.8278582420273
27.798406399669943, 336.8278582420273
Holes:
Exterior:
27.798406399669943, -384.96611758805085
24.66098245066553, -384.96611758805085
24.66098245066553, -390.8713143229239
24.66098245066553, -397.7660290870743
26.926611251399606, -397.7660290870743
37.91251191498628, -397.7660290870743
37.91251191498628, -390.5598133794756
37.91251191498628, -384.96611758805085
27.798406399669943, -384.96611758805085
Holes:
Exterior:
19.5043708254164, -289.47165652848054
21.42901553420768, -289.47165652848054
21.42901553420768, -288.10314386249064
21.42901553420768, -276.67151614762116
19.5043708254164, -276.67151614762116
6.648818690089001, -276.67151614762116
6.648818690089001, -285.8124167227392
6.648818690089001, -289.47165652848054
19.5043708254164, -289.47165652848054
Holes:
Exterior:
19.5043708254164, 372.9260332908554
6.648818690089001, 372.9260332908554
6.648818690089001, 369.2668262009086
6.648818690089001, 360.126007350914
10.23272694154133, 360.126007350914
21.42901553420768, 360.126007350914
21.42901553420768, 371.557532860188
21.42901553420768, 372.9260332908554
19.5043708254164, 372.9260332908554
Holes:
Exterior:
19.5043708254164, -348.8679425392227
6.648818690089001, -348.8679425392227
6.648818690089001, -352.52716053443436
6.648818690089001, -361.6680066261368
10.23272694154133, -361.6680066261368
21.42901553420768, -361.6680066261368
21.42901553420768, -350.23644704833094
21.42901553420768, -348.8679425392227
19.5043708254164, -348.8679425392227
Holes:
