Exterior:
134.15712644638938, -60.177953620802256
160.3940055707825, -61.75703322685422
161.06176016194593, -61.796748058160794
161.06565866516132, -39.666956736128974
161.0639423822165, -39.23064146200423
157.4417573562879, -39.00142380757841
139.51505460313, -37.93878318791396
134.15734371732106, -37.614782940397
134.15712644638938, -50.502319095913
134.15712644638938, -60.177953620802256
Holes:
Exterior:
134.15712644638938, 56.44342854312363
134.15734371732106, 43.55596852653186
134.15734371732106, 33.88022515494831
139.51505460313, 34.20425811023534
149.1353796004762, 34.7856787811872
157.4417573562879, 35.26683944108755
161.0639423822165, 35.496040090380305
161.06027112276968, 56.2587459930805
161.06176016194593, 58.062297790439494
160.3940055707825, 58.02258254045526
139.4614009808115, 56.7655234513289
134.15712644638938, 56.44342854312363
Holes:
Exterior:
-107.7232232383817, -3.5078632393084743
-112.03406023212324, -4.453577886275855
-112.03421707165819, -9.269703069350104
-112.03435458909928, -18.431645216586965
-89.43994934321631, -13.474766607251302
-86.42756452234198, -12.813894655921263
-78.36344775616817, -11.044770625886338
-76.5153172191408, -10.63932042779746
-76.51532795156947, -7.491943791036887
-76.51532795156947, 3.757418713358272
-76.51532550682055, 5.366334077658953
-76.5153172191408, 6.904795350118848
-86.42756452234198, 9.079369578242652
-89.43994934321631, 9.74024152957269
-99.7332819908263, 11.998473707412842
-112.03435458909928, 14.69712013890835
-112.03414646787712, 6.117590816122718
-112.03406023212324, 0.7190528085972394
-100.24506530319161, -1.8672625388393074
-107.7232232383817, -3.5078632393084743
Holes:
Exterior:
107.23656374741722, 54.799412719052974
106.740420427549, 54.768730189117406
97.6855005522151, 54.236068422289634
93.93767100895775, 54.00928181323547
85.42167776858378, 53.517201864048545
72.98618965024616, 52.78640119556511
72.98618965024616, 40.433803322873466
72.98618965024616, 30.23287183310479
93.93767100895775, 31.45285460520417
97.6855005522151, 31.679015050947104
106.740420427549, 32.210311463790795
107.9085588764143, 32.28146905088107
107.9085588764143, 32.969116787149815
107.9085588764143, 54.8401016535254
107.23656374741722, 54.799412719052974
Holes:
Exterior:
144.89645779394903, 6.263997542617332
144.89096351419903, 12.94729162171941
144.90917468644818, 23.46872483095108
139.71384028311127, 21.1373965488682
134.13619265212446, 18.63453776025337
134.13619265212446, 11.26811263700396
134.11530782942498, 1.4261039622887624
135.8913723787532, 2.223086841408931
144.89645779394903, 6.263997542617332
Holes:
Exterior:
144.89645779394903, -9.998547291279355
141.30627668456611, -8.387506586513865
134.11530782942498, -5.160641715341862
134.11530782942498, -8.018064061683237
134.13619265212446, -22.369106454949772
139.71384028311127, -24.871961532246328
144.90917468644818, -27.203284856333262
144.89096351419903, -16.681816699398013
144.89645779394903, -9.998547291279355
Holes:
Exterior:
-121.85894110245977, -100.24804499217169
-120.11459983849, -99.76101209539597
-120.10861262298135, -94.88891270944387
-120.10861262298135, -85.09836807106706
-122.55542050034046, -85.78160920613149
-128.96890584358425, -87.57262632714794
-128.9613528816651, -100.39432973805907
-128.96397079954386, -102.23205495545538
-121.85894110245977, -100.24804499217169
Holes:
Exterior:
-121.85894110245977, 96.51351991449309
-128.96397079954386, 98.49752987777678
-128.9613528816651, 96.65981421996158
-128.96890584358425, 83.83806780967201
-125.95862581600022, 82.99748235697524
-120.10861262298135, 81.36391928733377
-120.10861262298135, 91.15441297680944
-120.11459983849, 96.02647026088265
-121.85894110245977, 96.51351991449309
Holes:
Exterior:
-78.38455518273418, 21.655985233898054
-76.5153004736178, 21.75763368404436
-76.51530880802386, 24.266794289299614
-76.51532734457282, 44.29254097433639
-87.0492002479682, 43.70998803946026
-88.62487413621557, 43.62417686088712
-89.43994934321631, 43.578647423579135
-99.94430733433785, 43.015561969248715
-112.03424481917773, 42.35736757673425
-112.03424481917773, 35.07608041686977
-112.03435458909928, 19.825645302301396
-89.43994934321631, 21.04530954281074
-86.45811758809043, 21.209007315178532
-78.38455518273418, 21.655985233898054
Holes:
Exterior:
-16.408348427789633, -51.375953559758976
-13.599134231953713, -51.52980014877636
-13.59912477923308, -32.129220947592295
-13.59912477923308, -28.985474436501878
-21.772612755077375, -28.527766598474262
-26.42156991487127, -28.272479056900664
-26.42156991487127, -44.191930243020074
-26.42158418686131, -50.81291793083079
-16.408348427789633, -51.375953559758976
Holes:
Exterior:
-56.23498858752714, 22.909363618481102
-48.448628960440715, 23.33789375994902
-31.76624978422842, 24.256026792040466
-31.766248157704467, 33.206805905418115
-31.766248157704467, 46.79594542526988
-44.28810828105634, 46.09649306434356
-56.22264136563092, 45.43588318643495
-56.22665378246586, 41.25912068187148
-56.23498858752714, 22.909363618481102
Holes:
Exterior:
-56.23498858752714, -26.643950850886267
-56.23037864484388, -32.13883347522776
-56.22264136563092, -49.17040826411356
-48.437697845858224, -49.60467070620135
-31.766248157704467, -50.53050080513317
-31.766248157704467, -36.94136128528141
-31.76624978422842, -27.990580960830293
-48.448628960440715, -27.072470856346296
-56.23498858752714, -26.643950850886267
Holes:
Exterior:
-128.95929598893554, -22.144688435423713
-121.48693943493026, -20.50537408980059
-120.1112118782496, -20.203560491612652
-120.10491719442825, -15.318523310358488
-120.10623625272024, -6.22448311230529
-123.04689321151591, -6.869615820388351
-128.9661155241713, -8.168249428808263
-128.9580668118981, -21.314843162391778
-128.95929598893554, -22.144688435423713
Holes:
Exterior:
-128.95929598893554, 18.410161063318935
-128.9597753762498, 18.18569168133868
-128.9580668118981, 17.58031808471316
-128.97005508597022, 9.478134741695856
-128.9661155241713, 4.433673794801148
-125.1991932865592, 3.6072716608140474
-120.10623625272024, 2.489958034626675
-120.11461361926115, 5.561168841202532
-120.1112118782496, 16.469035413934034
-121.48693943493026, 16.77083724736453
-128.95929598893554, 18.410161063318935
Holes:
Exterior:
55.4765058741491, 51.76251720437186
43.65447082962089, 51.06265384299663
55.47247865709892, 55.76261076462366
60.67126689078111, 57.83016278324076
60.664008467043914, 64.68614728634485
60.664008467043914, 74.18246465148239
53.727799257967035, 71.42397162667564
40.61564461533999, 66.20921422691887
37.73239971753571, 65.06261091752575
32.41240539993339, 62.94680911643413
32.41240539993339, 71.96525442451198
32.41240539993339, 97.80448276145367
37.73239971753571, 96.34035787979798
40.61564461533999, 95.54689099176166
60.664008467043914, 90.02939524932135
60.67050969373645, 94.02002082827768
60.67050969373645, 104.6384480385594
55.40002980845463, 106.08891416230841
42.19006000365766, 109.72441524368777
41.44133606399589, 109.9304898415318
42.19006000365766, 109.9753750777105
60.664524898004174, 111.09830052627555
60.664524898004174, 116.10911937774952
60.677623500479285, 117.24256824286626
60.677623500479285, 126.64961371832123
60.67642420383072, 132.45455557231867
55.474454907009886, 132.1203139420438
40.61564461533999, 131.17518023649941
37.812917885408524, 131.00358832562236
32.756669720974855, 130.69339637662978
32.75460391415652, 127.48414117088888
32.75460391415652, 124.2780645159219
32.75460391415652, 117.79365517943393
27.973323273354026, 117.4994109682889
26.01225891555839, 117.37918216330914
26.01225891555839, 118.57617099039997
26.01225891555839, 123.82693606955914
23.9474748648812, 123.7005743832961
19.383902969710107, 123.42284620312891
14.318796715149688, 123.11412861021712
13.212576298370891, 123.04675418479351
13.212576298370891, 119.48835336143958
13.212576298370891, 116.59991580588726
9.588878088419051, 116.38088612615284
6.812429813995891, 116.21306735618023
6.812429813995891, 107.40400997247225
6.812429813995891, 95.52066165549664
6.812429813995891, 91.20445521996807
6.812429813995891, 85.4886733677949
6.812429813995891, 60.58337527854351
6.812429813995891, 47.56606374066509
6.812429813995891, 15.249436679910694
6.812429813995891, 5.419564706803627
6.812429813995891, -18.983961757589306
6.812429813995891, -32.00129520272054
6.812429813995891, -64.31797665016742
6.812429813995891, -89.22327473941881
6.812429813995891, -111.13858943684333
6.812429813995891, -119.94763058083149
9.588878088419051, -120.11543280226155
13.212576298370891, -120.33444088356586
13.212576298370891, -123.89288381817214
13.212576298370891, -126.78135555641742
14.318796715149688, -126.84867513156253
19.383902969710107, -127.15731908717034
23.9474748648812, -127.43510985467147
26.01225891555839, -127.56138485329242
26.01225891555839, -126.36441018973845
26.01225891555839, -121.11370724098774
27.973323273354026, -121.23395942314133
32.75460391415652, -121.5281994359111
32.75460391415652, -124.73423815452995
32.75460391415652, -131.21862831221932
32.756669720974855, -134.42797875980426
40.61564461533999, -134.90972681895892
55.474454907009886, -135.85489401946853
60.67642420383072, -136.1891372478964
60.67642420383072, -126.62069641898634
60.677623500479285, -120.97713146751751
60.664524898004174, -119.84366720478502
60.664524898004174, -114.83284835331105
53.860124504494934, -114.41870903294624
42.19006000365766, -113.70988781936306
41.44133606399589, -113.66497677223774
42.19006000365766, -113.45892798534034
60.67050969373645, -108.37300083957764
60.67050969373645, -97.75457362929592
60.664008467043914, -93.76394247625839
53.727799257967035, -95.67284042058071
40.61564461533999, -99.2813994272485
37.73239971753571, -100.07492110444925
32.41240539993339, -101.53904598610492
32.41240539993339, -75.69978937164974
32.41240539993339, -66.68133419411274
37.73239971753571, -68.79709989121989
40.61564461533999, -69.94371779981655
60.664008467043914, -77.91694543064409
60.67126689078111, -73.62917449503944
60.67126689078111, -61.56466784586873
55.47247865709892, -59.49713584230227
43.65447082962089, -54.79717892067524
60.68026451125422, -55.80500307916874
60.68026451125422, -39.078788456719224
60.68039238800918, -33.25332326623075
55.47622930814191, -32.94566549751663
40.61564461533999, -32.072643999868724
39.42290344680839, -32.00382870094868
40.61564461533999, -31.610721305867937
60.670642247052, -25.001632674993512
60.66408364552126, -18.596646515753683
60.66408364552126, -9.673710376444706
53.741829186834366, -11.954898430961618
40.61564461533999, -16.280673698446062
37.73239971753571, -17.230752272392152
32.41240539993339, -18.983961757589306
32.41240539993339, -10.127030148719793
32.41240539993339, 15.249436679910694
37.73239971753571, 13.496227194713546
40.61564461533999, 12.546093831603054
60.66408364552126, 5.9391852987660965
60.670642247052, 10.093689911152339
60.670642247052, 21.2671075973149
55.4282360951496, 22.994700465062017
40.61564461533999, 27.876141439024927
39.42290344680839, 28.269227329324757
40.61564461533999, 28.3380426282448
60.68039238800918, 29.518721894606827
60.68026451125422, 35.34418708509528
60.68026451125422, 52.07045829972371
55.4765058741491, 51.76251720437186
Holes:
Exterior:
-56.19948458176168, 9.81431290222986
-56.20041103446431, 7.241975922907272
-56.19385253752125, 2.2107418311527955
-56.19385253752125, -5.9452669088314085
-56.19948458176168, -13.548837979908475
-48.40136120353941, -16.11865471086749
-31.74903785392553, -21.606288656660784
-31.74903785392553, -12.11822873389805
-31.741881441181363, -6.278531454905766
-36.59905861263144, -4.677883047862894
-45.12787780319161, -1.8672625388393065
-31.741881441181363, 2.5440063772271517
-31.741881441181363, 8.14477928036006
-31.74903785392553, 17.87176357898217
-42.55557309272217, 14.310535589112973
-56.19948458176168, 9.81431290222986
Holes:
Exterior:
-130.86591488097315, -22.536689043008234
-138.00985712119507, -22.15443202786958
-139.80194714009144, -22.05856595063183
-140.85565077398542, -22.003461344250013
-142.9657514785505, -21.897856415945682
-142.9553262415933, -27.427998037069425
-142.95470086538216, -44.42082031308197
-140.29664985193733, -44.560415844303364
-139.92615879065954, -44.579981663376344
-132.2732635453791, -44.99005001442524
-130.14631291288163, -45.10648174658988
-127.71358747070758, -45.236804824348354
-120.10561357170377, -45.64852357862059
-120.10470918810768, -36.08546528406936
-120.10424872009708, -23.117647695367204
-125.35762909970936, -22.837789191524354
-129.63294640424715, -22.604010414758
-130.86591488097315, -22.536689043008234
Holes:
Exterior:
-130.86591488097315, 18.802163965329616
-129.63294640424715, 18.869481662857506
-128.0793120343085, 18.95257257552192
-120.10424872009708, 19.383122617688585
-120.10504308251814, 27.136289690201433
-120.10561357170377, 41.91399850094198
-125.91104698022741, 41.603800013642676
-130.14631291288163, 41.37195666891127
-132.2732635453791, 41.25552493674663
-138.23765920796995, 40.935932179238264
-139.92615879065954, 40.84545658569773
-140.29664985193733, 40.82589076662475
-140.95962085909355, 40.791236141235615
-142.95470086538216, 40.68629523540336
-142.9553262415933, 23.69347295939081
-142.96310272824724, 21.415250774191716
-142.9657514785505, 18.163331338267064
-140.85565077398542, 18.268936266571394
-139.80194714009144, 18.324040872953212
-130.86591488097315, 18.802163965329616
Holes:
Exterior:
-120.12069750830335, -104.50776481321601
-126.61300134596434, -104.15299144079104
-130.7863571868379, -103.9231369823056
-137.62892493165623, -103.55229204916732
-141.61830900027178, -103.34034845012278
-142.18349907192135, -103.31094124433913
-142.95286718525233, -103.2742002904153
-143.0126010463971, -117.82930424253698
-143.0286086117659, -124.34659050859837
-131.79092393649864, -124.89927249307392
-126.60414123216037, -125.16801171333388
-120.10955042981232, -125.53061848793858
-120.10955042981232, -119.39151795994647
-120.10955042981232, -115.51048659506822
-120.12069750830335, -104.50776481321601
Holes:
Exterior:
-120.12069750830335, 100.77322305843354
-120.10953886760467, 107.24518943786597
-120.10955042981232, 111.7759216004969
-120.10955042981232, 115.65697115390147
-120.10955042981232, 121.79601711631467
-126.60414123216037, 121.4334320147536
-131.79092393649864, 121.1647100380983
-134.4927531278546, 121.02470992526807
-143.0286086117659, 120.61205602166763
-142.95410688415507, 100.15149103219282
-142.95286718525233, 99.53963858151893
-142.18349907192135, 99.57638635573575
-141.61830900027178, 99.60578522547152
-137.93991391064628, 99.81703366787958
-130.7863571868379, 100.18861190462701
-128.11509169529904, 100.33450470148024
-120.12069750830335, 100.77322305843354
Holes:
Exterior:
84.91574585127546, -34.6681565907349
72.98618965024616, -33.967473204728726
72.98618965024616, -46.32002928326195
72.98618965024616, -56.52092627324374
93.93767100895775, -57.743806890914094
97.6855005522151, -57.97061583397581
106.740420427549, -58.503331560741344
107.9085588764143, -58.574700700632945
107.90855887641442, -57.887055288880596
107.90855887641442, -36.015996453076085
107.2327233128608, -35.97517864682373
106.740420427549, -35.94483654146942
97.6855005522151, -35.413594088563485
93.93767100895775, -35.187455976828105
84.91574585127546, -34.6681565907349
Holes:
Exterior:
151.98518580305233, -120.56812327486523
136.288718931532, -119.54643709427295
134.12143489785524, -119.40692231762668
134.12143489785524, -120.70878071844305
134.14875623043815, -135.41806732606776
134.14875911347372, -140.95437589312746
160.3609252150136, -142.6809978286371
160.57169003930233, -142.6948803186688
161.0499263409995, -142.7276799929815
161.04872542921441, -142.26786951961438
161.06797886243453, -121.14743957279735
151.98518580305233, -120.56812327486523
Holes:
Exterior:
151.98518580305233, 116.83363634415929
161.06797886243453, 117.41295264209141
161.04872542921441, 138.53330792244353
161.04851568089077, 138.76140361775052
161.0499263409995, 138.99311676833025
160.3609252150136, 138.94643362583497
134.14875911347372, 137.21981265358505
134.14875623043815, 131.68348230200297
134.14875623043815, 127.95375399578384
134.12143489785524, 115.6723705050778
148.21802984532314, 116.59336861390852
151.98518580305233, 116.83363634415929
Holes:
Exterior:
-89.43994934321631, -91.1955479180799
-86.4226598221004, -90.35301034805502
-76.5151822125531, -87.58648834387675
-76.51518533833871, -82.98010453011845
-76.51529076340842, -72.92545729885363
-76.51532734457282, -69.05111150972225
-76.51532734457282, -66.7443898328975
-87.0492002479682, -62.63442896334001
-89.43994934321631, -61.70163879213638
-99.94430733433785, -57.60334686321775
-112.03424481917773, -52.88639994466716
-112.03422315510795, -60.9525395820205
-112.03420182291825, -69.12218734163493
-91.53565368209786, -77.11971920387836
-105.38603051922973, -80.98731537415657
-112.03420182291825, -82.8436877379441
-112.03421707165819, -87.89511283305684
-112.03421707165819, -97.50467693761823
-89.43994934321631, -91.1955479180799
Holes:
Exterior:
-89.43994934321631, -106.1586742093127
-112.03421707165819, -104.9426979224669
-112.03410863235081, -107.81411613632471
-112.03410863235081, -113.10805390277415
-89.48872930150003, -114.34499433899123
-86.06841602037878, -114.5391805836715
-76.51522934382047, -115.08649052343455
-76.51528699093842, -107.80731890797117
-76.51528699093842, -106.88007935128775
-86.51548218914843, -106.32080745385576
-89.43994934321631, -106.1586742093127
Holes:
Exterior:
-89.43994934321631, -47.313172501257746
-88.62487413621557, -47.35870674999427
-87.0492002479682, -47.44452722974341
-78.80744807172732, -47.90228188113743
-76.51532734457282, -48.0271315063575
-76.51530880802386, -28.00131936697823
-76.5153004736178, -25.492158761722973
-86.45811758809043, -24.94353239285715
-89.43994934321631, -24.779841920763644
-112.03435458909928, -23.560193760536947
-112.03435458909928, -30.466249145366607
-112.03424481917773, -46.09189265441286
-89.43994934321631, -47.313172501257746
Holes:
Exterior:
-89.43994934321631, 57.96710641418348
-87.0492002479682, 58.899903885661395
-78.80744807172732, 62.11557819081119
-76.51532734457282, 63.00986475521889
-76.51529076340842, 69.1909612670111
-76.51518533833871, 79.24555110038456
-76.5151822125531, 82.24128734174175
-76.5151822125531, 83.85188697225284
-86.4226598221004, 86.61840897643111
-89.43994934321631, 87.46094654645599
-100.22057648034388, 90.47131585567652
-112.03421707165819, 93.77012557309297
-112.03420182291825, 86.13304445616592
-112.03420182291825, 79.10923895421081
-91.53565368209786, 73.38527042014508
-105.38603051922973, 67.98146831540907
-112.03420182291825, 65.38770200661185
-112.03422315510807, 57.21805240828976
-112.03424481917773, 49.15185021616212
-89.43994934321631, 57.96710641418348
Holes:
Exterior:
-89.43994934321631, 102.42418727860675
-86.51548218914843, 102.58629462853614
-78.29480787855255, 103.0487247166128
-76.51528699093842, 103.14548666851609
-76.51522934382047, 110.56833494052171
-76.51522934382047, 111.35196177418607
-86.06841602037878, 110.8046273100185
-89.48872930150003, 110.61043856366082
-112.03410863235081, 109.3735669720682
-112.03410863235081, 104.07960439548012
-112.03421707165819, 101.20818598821164
-89.43994934321631, 102.42418727860675
Holes:
Exterior:
134.1367378549802, -107.13681633754547
139.72711457322941, -109.36008370170967
144.9065321812044, -111.41986899203127
144.88662802074634, -100.94265871995681
144.89224591879997, -95.05897237840631
141.7933567151697, -93.82655737524202
134.11172031753313, -90.77157174286165
134.11172031753313, -92.3295806392686
134.1367378549802, -107.13681633754547
Holes:
Exterior:
134.1367378549802, 96.39697358436017
134.11172031753313, 87.03710478950462
135.12827204793302, 87.44139051091904
144.89224591879997, 91.32449168811135
144.88662802074634, 97.20819620783845
144.9065321812044, 107.68536542538772
139.71403801741621, 105.62032175194761
134.1367378549802, 103.40230759906699
134.1367378549802, 96.39697358436017
Holes:
Exterior:
93.93767100895775, 121.6454047446864
72.98618965024616, 120.32870624474457
72.98621553121143, 116.34611405998663
72.98621553121143, 111.86215411412081
93.45756300884057, 113.10553361587559
105.96221926195949, 113.88140888169747
106.55444978169669, 113.91931238759364
106.62668441562653, 113.9237380485252
107.10165038125365, 113.95377697100596
107.90854812429859, 114.00596282104806
107.90854812429859, 114.18895688990878
107.90853529343337, 116.48271036390044
107.90853851724751, 117.20125354127595
107.90853851724751, 122.54914482446438
107.90852109385389, 122.5549265329429
93.93767100895775, 121.6454047446864
Holes:
Exterior:
93.93767100895775, 71.06004337911598
106.0643113474373, 75.88272351347828
107.90854078173948, 76.61621398751069
107.90854078173948, 80.47157542389385
107.90855031141234, 91.63826942417778
107.9085588764143, 92.97138186138648
107.21632599649399, 92.69608267739467
106.740420427549, 92.50681544529189
106.0643113474373, 92.23793286406422
105.92742004837089, 92.18348819358258
93.2982384816163, 95.65910907356746
84.55848054400121, 98.06436327805605
72.9861953108209, 101.24910111624044
72.98618659069177, 90.6829048073029
72.98618659069177, 86.63824896238268
84.21416321243339, 83.54823428733258
77.50748088334717, 80.88100406229346
72.98618659069177, 79.08292848986088
72.98618965024616, 71.68721182220219
72.98618965024616, 62.72775628871373
93.93767100895775, 71.06004337911598
Holes:
Exterior:
93.93767100895775, -74.79453793501077
85.42167776858378, -71.40777408675632
72.98618965024616, -66.46224686660543
72.98618659069177, -78.28990669911485
72.98618659069177, -82.81743244739324
84.21416321243339, -87.28275936501117
77.50748088334717, -89.12849567971602
72.98618659069177, -90.3727846001344
72.9861953108209, -97.25479359992325
72.9861953108209, -104.98364637295367
93.2982384816163, -99.39365633884545
105.92742004837089, -95.91801327126117
106.0643113474373, -95.9724539126841
106.740420427549, -96.24133924697924
107.9085588764143, -96.70590577680687
107.9085588764143, -96.20759919849029
107.90855031141234, -95.37278828315107
107.90854078173948, -84.206042192156
107.90854078173948, -80.35068075577284
106.0643113474373, -79.61724456209816
93.93767100895775, -74.79453793501077
Holes:
Exterior:
93.93767100895775, -125.37990693628424
106.0643113474373, -126.160609874583
107.90853851724751, -126.28366026211272
107.90853529343337, -120.2172464897791
107.90854812429859, -117.7404870966558
107.43246029213412, -117.70999820761969
107.10165038125365, -117.68830116728691
106.62668441562653, -117.65826592664395
106.55444978169669, -117.65384190265318
93.45756300884057, -116.84010604962451
84.70424634542394, -116.31646591628919
72.98621553121143, -115.59675291793275
72.98621553121143, -120.08071286379857
72.98618965024616, -124.06325221950237
93.93767100895775, -125.37990693628424
Holes:
Exterior:
-48.40120345051764, -93.94907065218634
-31.74903785392553, -100.44598863340364
-31.74903785392553, -90.39733823410353
-31.7419872070559, -84.21294501356843
-36.67216960188, -82.28941669933153
-45.37995299850411, -78.89202755348774
-31.7419872070559, -75.08378529833719
-31.7419872070559, -69.66401215997485
-31.748368797787975, -60.42478894963668
-48.40054117690579, -65.07476475043991
-56.198979273262125, -67.25240029440745
-56.198979273262125, -69.71201510170806
-56.192949830702446, -74.60828512805611
-56.1938661241893, -82.76023076910732
-56.200104531659804, -90.90624294095021
-48.40120345051764, -93.94907065218634
Holes:
Exterior:
-125.95862581600022, -63.68945426306028
-120.10861262298135, -65.97194678807331
-120.11523722356583, -62.419268236904145
-120.11319636918631, -49.734387005014476
-121.64949868265239, -49.134961014852806
-128.96145659780007, -46.282166813477765
-128.9596645257817, -47.60347875222954
-128.96890584358425, -62.51498106071033
-125.95862581600022, -63.68945426306028
Holes:
Exterior:
-120.10861262298135, 62.23744705543887
-122.55542050034046, 61.28281781733286
-128.96890584358425, 58.78047741010571
-128.9596645257817, 43.86895988030387
-128.96145659780007, 42.547641735799154
-128.41499552082598, 42.76085106347542
-120.11319636918631, 45.99984718357141
-120.1075077164619, 50.850654344390215
-120.10861262298135, 62.23744705543887
Holes:
Exterior:
-31.75867089170015, -109.41744822999999
-48.426710555560476, -108.48032507404918
-56.21925867930781, -108.04369136334958
-56.219831751244215, -109.43782573867283
-56.207289283155774, -117.4175774514878
-56.20394928161852, -129.14210279779815
-41.54770262094246, -129.97009116240187
-31.740600456374978, -130.5485287000522
-31.740600456374978, -126.92007583941069
-31.740600456374978, -124.58208123793483
-31.75699960001282, -117.45899158833387
-31.75867089170015, -109.41744822999999
Holes:
Exterior:
-31.75867089170015, 105.68289958932804
-31.740600456374978, 120.84754542290135
-31.740600456374978, 123.1855400243772
-31.740600456374978, 126.81398214766386
-41.54770262094246, 126.23555077990932
-49.72359688063045, 125.77314136908649
-56.20394928161852, 125.40758196613078
-56.207289283155774, 113.68307782636799
-56.219831751244215, 105.70336417355476
-56.21925867930781, 104.3092292475998
-48.426710555560476, 104.7458398395502
-31.75867089170015, 105.68289958932804
Holes:
Exterior:
144.8880424167378, 76.56451419881513
144.89224591879997, 81.4600995477936
141.7933567151697, 82.31293770151831
134.11172031753313, 84.42699109831662
134.11172031753313, 83.03513977708182
134.13410543673604, 69.80991143818098
139.71292586301104, 68.27455135447329
144.9078345554567, 66.84485245753308
144.8880424167378, 76.56451419881513
Holes:
Exterior:
144.8880424167378, -80.29901412116494
144.9078345554567, -70.57945382915699
139.71292586301104, -72.0091527260972
134.13410543673604, -73.54442282584215
134.13410543673604, -79.53896803467774
134.11172031753313, -88.1614471498994
135.12827204793302, -87.88168414613327
144.89224591879997, -85.19456960256801
144.8880424167378, -80.29901412116494
Holes:
Exterior:
-45.37995299850411, 75.15757876975445
-31.7419872070559, 80.47846802564733
-31.7419872070559, 86.48047431511023
-31.74903785392553, 96.7113927264027
-42.11750320722558, 92.66603606672457
-56.200104531659804, 87.17165492143184
-56.20051070801787, 84.4474152894731
-56.1938661241893, 79.02570597878736
-56.192949830702446, 70.87376033349142
-56.198979273262125, 63.517811722410976
-48.40054117690579, 61.340163378815994
-48.30594125024777, 61.31376084919242
-31.748368797787975, 56.690217761678845
-31.748368797787975, 65.55095345855935
-31.7419872070559, 71.3493365146039
-36.67216960188, 72.72602908597395
-45.37995299850411, 75.15757876975445
Holes:
Exterior:
84.44022383970002, 13.434064906595408
72.9862283344736, 17.208605056638163
72.98627894278866, 6.1599406013205815
72.98627894278866, 1.8784786481639455
84.30779636446653, -1.8524717027780144
84.35271301712089, -1.8672625388393045
84.30779636446653, -1.882078108740162
77.55603818918075, -4.107076741999798
72.98627894278866, -5.613003725842555
72.9862283344736, -12.778105603877925
72.9862283344736, -20.943130134316775
93.42212912431376, -14.208617256963043
105.95451920828816, -10.078699371464998
106.41173401321464, -9.928023036886179
106.49694026349425, -9.966259141235673
107.01873707143386, -10.200407270462255
107.90862585795367, -10.599735583576253
107.90862585795367, -10.20083138625145
107.90863677820175, -9.335509307184616
107.90857745372375, -9.306485504983957
107.90863677820175, 5.600984229506009
107.90862585795367, 6.865210505897645
107.39555691385897, 6.634976324272946
107.01873707143386, 6.465882192783647
106.49694026349425, 6.231734063557065
106.41173401321464, 6.193497959207571
105.95451920828816, 6.344102268769861
93.42212912431376, 10.474092179284435
84.44022383970002, 13.434064906595408
Holes:
Exterior:
-21.772612755077375, -57.63917378716253
-26.421579640980326, -58.93734114878795
-26.421579640980326, -69.12628791905098
-26.421600485500676, -73.5981296047679
-20.247085501888364, -71.87399790042588
-13.599178221376064, -70.01773332410656
-13.599134231953713, -59.25242089560882
-13.599134231953713, -55.356809747528494
-21.772612755077375, -57.63917378716253
Holes:
Exterior:
-21.772612755077375, 106.22922848649202
-13.599102010908382, 106.69913930943733
-13.599178221376064, 111.76436087479323
-13.599178221376064, 115.00583607622357
-21.772612755077375, 114.51452168362093
-26.421608171125172, 114.25061510113107
-26.42157511135713, 111.83003336454972
-26.42157511135713, 105.97138510188701
-21.772612755077375, 106.22922848649202
Holes:
Exterior:
-21.772612755077375, 47.33416054515052
-26.42158418686131, 47.07839285315219
-26.42158418686131, 31.434427345678866
-26.42156991487127, 24.537953979222053
-14.958252431476126, 25.17666128756795
-13.59912477923308, 25.25093871695405
-13.599134231953713, 41.80654632014022
-13.599134231953713, 47.7952547987723
-21.772612755077375, 47.33416054515052
Holes:
Exterior:
-21.772612755077375, -88.1025144132547
-26.421600485500676, -86.28871929207968
-26.421600485500676, -94.63226222350832
-26.421608171125172, -102.52457625417995
-15.755183584811903, -106.68599731597602
-13.599102010908382, -107.5271752959624
-13.599178221376064, -97.6718457079334
-13.599178221376064, -91.29149422324011
-21.772612755077375, -88.1025144132547
Holes:
Exterior:
-21.772612755077375, -118.24905724681281
-13.599178221376064, -118.74036931872458
-13.599102010908382, -112.22259508595157
-13.599102010908382, -110.43366438711593
-21.772612755077375, -109.96377788041359
-26.42157511135713, -109.70593708569511
-26.42157511135713, -115.56458534835782
-26.421608171125172, -117.98515594450261
-21.772612755077375, -118.24905724681281
Holes:
Exterior:
-21.772612755077375, -9.563839763798809
-26.42154406573013, -8.03181438227312
-26.42154406573013, -15.858645070130907
-26.421608171125172, -23.361956458648134
-14.955651183429381, -27.140463633296566
-13.59912477923308, -27.58747336116354
-13.599178221376064, -18.281839762953147
-13.599178221376064, -12.257406383919005
-21.772612755077375, -9.563839763798809
Holes:
Exterior:
-21.772612755077375, 100.60374668404563
-26.421608171125172, 98.78997030750297
-26.421608171125172, 87.31705855015132
-26.421600485500676, 82.55423130125766
-20.247085501888478, 84.96327524137425
-13.599178221376064, 87.55692283376645
-13.599102010908382, 100.27139562942102
-13.599102010908382, 103.7926502182838
-21.772612755077375, 100.60374668404563
Holes:
Exterior:
-21.772612755077375, 21.159410926028013
-26.421608171125172, 19.627431380969526
-26.421608171125172, 8.794489920511719
-26.42154406573013, 4.297289304594505
-20.28984419694666, 6.31800185267568
-13.599178221376064, 8.522881306240393
-13.59912477923308, 21.714634934175855
-13.59912477923308, 23.852948283484928
-21.772612755077375, 21.159410926028013
Holes:
Exterior:
-21.772612755077375, 68.56552212256986
-26.421600485500676, 69.86368082103462
-26.421600485500676, 62.32948982226551
-26.421579640980326, 55.20276304841614
-16.39799491510678, 52.40383113983378
-13.599134231953713, 51.622284669849876
-13.599178221376064, 60.52167201332183
-13.599178221376064, 66.28313195248265
-21.772612755077375, 68.56552212256986
Holes:
