Exterior:
-119.57900168521496, 235.3597059027454
-139.71658404584298, 232.53966540993557
-143.23626269501835, 232.04287235234833
-143.23626269501835, 231.87115782008004
-143.23626269501835, 231.69946492299707
-143.23626260415028, 231.40467147238405
-143.2362607847034, 223.22934289393655
-143.23628767696164, 209.79494848923235
-131.4675976392973, 211.44633555638714
-119.60360438101532, 213.1404246948596
-119.60344738314438, 218.2427414293854
-119.57912312188967, 228.53713862287697
-119.57900168521496, 235.3597059027454
Holes:
Exterior:
-258.9914389114358, -192.97272070726322
-268.4959513996399, -191.67762690900065
-268.55560905097786, -204.0955553080631
-268.5713107509812, -214.2683562881055
-253.86657560913716, -216.1501362629191
-246.04381940962912, -217.22385575418477
-246.060246343333, -211.5620194108045
-246.05415155805713, -199.3242291716701
-246.05417044201465, -194.7679975326907
-258.9914389114358, -192.97272070726322
Holes:
Exterior:
-188.8151778161307, 79.4197450016746
-187.68162432632846, 79.52499281151553
-183.0825779005204, 79.9449576880419
-183.0825779005204, 94.07295768900661
-183.08254983396876, 102.79928791571322
-185.1628867013451, 102.61252923095653
-188.8151778161307, 102.28464227457452
-196.2340984808959, 101.6185777626123
-202.31895224573725, 101.07235300593493
-208.1876295314578, 100.54551101583775
-212.26883138699566, 100.1791240299747
-212.26883138699566, 81.6210927666696
-212.26884083154573, 81.61992560080584
-212.26884751275952, 77.33847927241649
-202.31895224573725, 78.1999596594641
-196.2340984808959, 78.75914833786187
-188.8151778161307, 79.4197450016746
Holes:
Exterior:
-188.8151778161307, -101.63317859116533
-183.08254983396876, -102.14780528080898
-183.08255850986473, -99.58804326715845
-183.0825779005204, -93.42148610919529
-183.0825779005204, -79.29350967378896
-187.68162432632846, -78.87355681943683
-188.8151778161307, -78.76828200221073
-196.2340984808959, -78.10766594539571
-202.31895224573725, -77.54856192976953
-202.45498516598605, -77.53715575298087
-212.26884751275952, -76.68703959341688
-212.26884751275952, -79.18594020753555
-212.2688567041946, -94.30685387828039
-212.26883138699566, -99.52773791730004
-202.31895224573725, -100.42099429032078
-196.2340984808959, -100.96722700017072
-188.8151778161307, -101.63317859116533
Holes:
Exterior:
-188.8151778161307, -164.54490133465845
-183.08255996782577, -167.79370459862707
-183.08254983396876, -166.00529130698732
-183.0826603531798, -157.50006406982192
-183.0826603531798, -148.4461137413486
-183.08254983396876, -140.2328759226245
-185.1628867013451, -140.93415680607097
-188.8151778161307, -142.16535085394963
-192.17000689896065, -143.29625475263916
-193.75141454524532, -142.40001963481677
-202.31895224573725, -137.54453155877545
-208.18932569142407, -134.21767273716023
-212.26884141060498, -131.9057088066999
-212.26897700752977, -149.77240107167253
-212.26897700752977, -151.25322232197564
-212.26884301126165, -162.71788560323145
-212.26884301126165, -165.50891263580928
-202.31895224573725, -162.1548328343706
-196.49617877396065, -160.19193041181884
-193.75141454524532, -161.74747752055896
-188.8151778161307, -164.54490133465845
Holes:
Exterior:
-188.8151778161307, 142.81677570644084
-183.08254983396876, 140.88428931622613
-183.08254983396876, 142.31131398726168
-183.0826603531798, 149.09758449510093
-183.0826603531798, 158.15155267505622
-183.08255996782577, 168.44516005687214
-188.8151778161307, 165.19635684151683
-193.75141454524532, 162.3989255348119
-196.49617877396065, 160.84337842607178
-202.31895224573725, 162.80626784393007
-208.31485493693333, 164.82746698106777
-212.26884301126165, 166.16036065006222
-212.26897700752977, 151.9046351089598
-212.26897700752977, 150.4238109389528
-212.26884301126165, 136.05517147002467
-212.26884141060498, 132.55712586616497
-202.31895224573725, 138.19594142605573
-193.75141454524532, 143.05142950209705
-192.17000689896065, 143.94766461991944
-188.8151778161307, 142.81677570644084
Holes:
Exterior:
-255.26975145022834, -180.0045966444658
-251.98051391574552, -178.89575997544623
-246.0639860686623, -176.90129202016632
-246.0639860686623, -168.1300985157775
-246.04783888436089, -161.45848200720746
-252.17135568459844, -163.52263674097506
-255.2669460650144, -164.56614322125165
-255.27299155728826, -174.30693505961565
-255.26975145022834, -180.0045966444658
Holes:
Exterior:
-255.26975145022834, 180.65602165248063
-255.26397302100213, 171.34160009529737
-255.2669460650144, 165.21759123550459
-250.75083890843882, 163.69526274790658
-246.04783888436089, 162.10989187448774
-246.0639860686623, 168.7815248558513
-246.0639860686623, 177.55274003441926
-252.17651871140913, 179.61329042333438
-255.26975145022834, 180.65602165248063
Holes:
Exterior:
111.18378674412509, 157.81696195389873
104.83061795809658, 160.17667381794874
104.82137260927578, 148.90497254683308
104.81692889357089, 144.23655188782803
131.05389696349903, 134.49152219321147
131.44785198775816, 134.34519422197022
131.0527008773994, 134.30341049986097
104.81681204609572, 131.52897436775413
104.80897755728938, 116.12042588591535
104.85133652711625, 109.12513515344124
127.89981965455445, 111.62637419857998
131.05372263868708, 111.97340672471226
147.95206583839325, 113.88754953971463
157.87745860832445, 115.01174220065045
160.27866294867374, 115.28410182142007
160.70581707564878, 115.33255231523194
160.70581707564878, 116.14566421753428
160.70581707564884, 155.80679547929444
160.70581707564878, 157.4966545815779
160.70581707564884, 239.9228538289038
160.70581707564878, 240.4139497895465
160.70581707564884, 264.36812055253665
160.54923902917403, 264.3433462505541
150.84506518065302, 262.80831057532356
149.10158716935507, 262.53137949991316
143.33832368184983, 261.6157995335162
142.85745389026135, 261.53963473186366
134.35460399371868, 260.19192130515694
134.35460399371868, 265.8064186800182
134.35460399371868, 266.9036909450302
134.35458455644618, 268.3551702941061
134.35458455644618, 273.61636029422
132.35403833192436, 273.29903123955546
131.04887690155283, 273.0939657490744
104.77459949397507, 268.96578834787124
104.76436602339339, 263.83717949790673
104.80834628161381, 255.54280595836042
104.80337660512168, 246.5564344777517
126.14465984908628, 249.83564984941162
104.80977726429876, 236.43554861644947
104.82967100284418, 221.84091103530403
104.81959685287052, 215.88999137740495
131.0502406640535, 232.36502912879183
131.76674688897685, 232.81506326550877
135.10584148971128, 234.91228711747803
135.10584148971128, 202.86564709164438
135.10584148971128, 148.9318336262671
131.76674688897685, 150.1720329473758
131.05408467643622, 150.43672474731696
111.18378674412509, 157.81696195389873
Holes:
Exterior:
111.18378674412509, -157.1654919820062
131.05408467643622, -149.78527248622072
131.76674688897685, -149.5205782819966
135.10584148971128, -148.28030931806884
135.10584148971128, -180.3270062164707
135.10584148971128, -234.2609153971704
131.76674688897685, -232.16362190238215
131.0502406640535, -231.71358536597512
104.81959685287052, -215.23856897351195
104.80126303344849, -229.36907517089938
104.80977726429876, -235.7840937759462
126.14465984908628, -249.18416368818603
104.80337660512168, -245.90494831652612
104.76483806714396, -263.00191340751127
104.77568242476036, -268.3151965077538
131.04876433297193, -272.4425646933585
132.3540311295859, -272.64762468846567
134.35458455644618, -272.96492052582965
134.35458455644618, -267.70376042682574
134.35460399371868, -266.2522623771142
134.35460399371868, -260.6377330888255
134.35460399371868, -259.5404919915396
137.9102103339112, -260.1126491563073
142.85745389026135, -260.8882494979366
147.80808944512853, -261.67491748409134
149.10158716935507, -261.87996540684617
150.84506518065302, -262.1569007080432
160.54923902917403, -263.6918613007265
160.70581707564878, -263.716634391311
160.70581707564878, -263.22553996338416
160.70581707564884, -239.27144396162353
160.70581707564884, -156.84516995306822
160.70581707564884, -155.15530931806884
160.70581707564878, -115.49432757876757
160.70581707564878, -114.68121874189697
157.87745860832445, -114.3603959835558
147.95206583839325, -113.23616608078459
131.05372263868708, -111.32196719804114
127.89981965455445, -110.97497266754127
111.437440442651, -109.16368511118645
104.85133652711625, -108.47377088285526
104.86045428860723, -126.4629971597233
104.81681204609572, -130.87751189277895
131.0527008773994, -133.65202603931897
131.44785198775816, -133.6938225016626
131.05389696349903, -133.84015471810883
104.81692889357089, -143.58518280542515
104.82594812803012, -154.58088143012668
104.83061795809658, -159.52520999498228
111.18378674412509, -157.1654919820062
Holes:
Exterior:
-265.1783742639128, -94.7777660950095
-262.885437889562, -94.98361382963523
-260.63905518921854, -95.18528222093502
-246.06390754088704, -96.49370968071557
-246.073626310529, -87.74448582132355
-246.07365648904067, -87.7409848678149
-246.05425028752563, -84.6808119838925
-246.03099948543013, -81.00977044164577
-246.031013806415, -81.00637863417926
-246.032471962532, -73.71287656596003
-261.8668596580354, -72.33632100359348
-268.5043042821202, -71.797933989026
-268.50700243657366, -84.44960418847721
-268.4896560879938, -94.48049667671287
-265.1783742639128, -94.7777660950095
Holes:
Exterior:
-265.1783742639128, 95.42921410926243
-268.4896560879938, 95.13194469096581
-268.4880489053303, 85.2410263314671
-268.50269702617504, 72.44756089623499
-255.4524022741557, 73.58447295559317
-246.032471962532, 74.36432458021297
-246.03099299689973, 81.66451328485512
-246.06390754088704, 97.14518693183165
-255.03355231654393, 96.33993038235418
-260.63905518921854, 95.83673023518796
-262.885437889562, 95.63506184388817
-265.1783742639128, 95.42921410926243
Holes:
Exterior:
228.74820146042634, -122.6557878590329
225.84004903519457, -122.31698088912854
225.84004903519457, -138.39298038709308
225.84001991621793, -144.97562539241113
236.20453909710244, -146.25065921988605
238.78639651203528, -146.56828396893073
238.7864214032122, -129.93896136121364
238.7864214032122, -123.83914119995349
236.95126128572286, -123.61838346461629
234.89514130541076, -123.36869649681316
228.74820146042634, -122.6557878590329
Holes:
Exterior:
-122.78916830762012, 120.55946838552595
-119.61540464638699, 119.48960007702762
-119.62066100949676, 132.87941719883477
-119.61884708933064, 134.92803871767325
-130.657062233391, 138.64898854867715
-143.23626339038515, 142.88951148651424
-143.23626339038515, 136.8356670476466
-143.23629177692783, 127.45214410733561
-122.78916830762012, 120.55946838552595
Holes:
Exterior:
-130.84139756216825, -106.83772783800411
-119.61228063175759, -107.84581978824119
-119.58211407560646, -88.43573201654183
-119.59843281930932, -86.91555454604855
-119.59559661613298, -85.25152700645317
-125.62073811092364, -84.66963708257975
-143.2362871355972, -83.02019548015889
-143.2363029853259, -89.90680867699108
-143.23626712132227, -96.35997758690273
-143.23626875771333, -105.72494964360085
-130.84139756216825, -106.83772783800411
Holes:
Exterior:
-130.84139756216825, 107.48915604861841
-135.06065456047634, 107.11035177979478
-143.23626875771333, 106.37639765785379
-143.2363029853259, 90.558256691244
-143.2362871355972, 83.67161197210203
-125.62073811092364, 85.32108509683269
-121.86017385094726, 85.69663270449708
-119.59559661613298, 85.90297502070611
-119.58211407560646, 89.08717468853077
-119.61228063175759, 108.4971968581838
-130.84139756216825, 107.48915604861841
Holes:
Exterior:
312.81486805450413, 249.1815467145387
312.84067860880924, 259.877465163566
305.87498089189813, 255.11245016716217
299.26585371676185, 250.59134733336148
299.2658696109854, 240.8921110896314
299.2316165223914, 228.876507922006
304.1751642135904, 232.25825596298503
312.82533504552816, 238.17557474399638
312.81486805450413, 249.1815467145387
Holes:
Exterior:
-132.4790125608455, 197.12295632673676
-143.23628855134052, 191.02663723605716
-143.23629195481112, 180.98682347542905
-143.23626339038515, 171.6794329499456
-124.12030373687378, 182.5128646070205
-119.61867077168188, 185.06404730112766
-119.60674356483003, 201.63009105788169
-119.61007997841648, 204.4159894268262
-132.4790125608455, 197.12295632673676
Holes:
Exterior:
320.5360785709611, -156.62531863236583
332.14444409899704, -158.05339937801773
332.1645934552398, -142.10678701621381
332.12136543478334, -135.47825857081722
321.80786481826885, -134.13177772134142
299.20955517529615, -131.28702870007734
299.20955517529615, -132.17112338849938
299.2590139104698, -154.00775783062753
313.6409191233138, -155.77710653265518
320.5360785709611, -156.62531863236583
Holes:
Exterior:
320.5360785709611, 157.27677430360458
306.0056060794179, 155.48919167773548
299.2590139104698, 154.65920988497717
299.2590139104698, 144.6012115460402
299.20955517529615, 131.9384370683636
301.65744520930144, 132.25427512555675
332.1228283344748, 136.13115088381454
332.1105879318589, 147.15423639857724
332.14444409899704, 158.70486488540396
320.5360785709611, 157.27677430360458
Holes:
Exterior:
238.3376530131488, 208.91222608232178
227.66515941463956, 201.6115206464953
225.8400314573369, 200.36300698657098
225.84003145733686, 182.1636150627392
225.84001991621793, 178.67159613381892
227.75838922053958, 179.9838912562458
238.78639651203528, 187.52776205732508
238.7863002302463, 208.5755165586822
238.7863002302463, 209.2191277354993
238.7863891434005, 222.469766900212
238.78638914340047, 225.1163449353278
227.66515941463956, 229.55875954915518
225.84003250408588, 230.28782055582164
225.84003250408588, 216.60915288449533
225.8400314573369, 213.90449613628468
238.3376530131488, 208.91222608232178
Holes:
Exterior:
238.3376530131488, -208.26077806806884
227.66515941463956, -212.5239932433185
225.8400314573369, -213.25305426315185
225.8400314573369, -226.99886380906403
225.84003250408588, -229.63634069212398
236.34737759679902, -225.43920835323453
238.7863891434005, -224.46492890576283
238.7863002302463, -208.56768085311919
238.7863002302463, -207.92406628068363
238.7863891434005, -190.38028720108233
238.78639651203528, -186.87625068738262
227.75838922053958, -179.3324757364295
225.84001991621798, -178.02017958901152
225.84001991621798, -195.91452451154495
225.8400314573369, -199.71155283119796
238.3376530131488, -208.26077806806884
Holes:
Exterior:
-255.26078753632044, -118.598902318867
-255.26693249207665, -126.88554408691601
-250.75083890843882, -129.4449115174353
-246.04783888436089, -132.11013991440305
-246.06804353027053, -124.13958893590522
-246.06320257857737, -112.7536087117528
-251.9783272926329, -109.40127381607573
-255.2669018162145, -107.53756461352164
-255.26078753632044, -118.598902318867
Holes:
Exterior:
-246.04381940962912, 217.8752817076157
-253.86657560913716, 216.80153274474887
-268.5713107509812, 214.91972800841313
-268.55560905097786, 204.74694429658774
-268.4959513996399, 192.32901223051206
-261.87864444149454, 193.2494724616944
-246.05417044201465, 195.41934973178172
-246.0625016593748, 206.87443342893908
-246.06026141754216, 208.20459797729745
-246.04381940962912, 217.8752817076157
Holes:
Exterior:
-193.75141454524532, 211.6771265073647
-198.3167640759401, 211.05104952965002
-202.31895224573725, 210.5051430200823
-207.12148190840378, 209.84728772166008
-209.09178894095476, 209.5854587545401
-212.26885174883876, 209.160882081658
-212.26885304115922, 203.6843178511863
-212.26884301126165, 201.75840178862143
-212.26881914628882, 200.07078331266334
-208.31410982647128, 200.61409626694436
-202.31895224573725, 201.42745700654362
-202.31893024880526, 201.43498720913345
-191.95862809418998, 202.87432434801826
-191.25776081302217, 202.9736917330316
-188.3428427606982, 203.37996988048886
-183.08259225545874, 204.13333217585685
-183.08259236104357, 205.23005852054192
-183.0825826616532, 211.05646241525181
-183.08257474897027, 211.2225965038245
-183.08257474897027, 213.16632177672238
-190.62571241272303, 212.111342093638
-193.75141454524532, 211.6771265073647
Holes:
Exterior:
-193.75141454524532, -201.96959874411812
-202.31895224573725, -200.77606014395678
-208.31410982647128, -199.96269156851253
-212.26881914628882, -199.4193803439161
-212.26883584347252, -207.72784354987283
-212.26885174883876, -208.5094641262953
-209.09178894095476, -208.93404888725982
-205.61903516938628, -209.41862540272078
-202.31895224573725, -209.8537964420539
-202.31894702408567, -209.8707047050717
-190.62571241272303, -211.45993734093176
-183.08257474897027, -212.51485199757403
-183.0825826616532, -210.4049940399897
-183.08259225545874, -203.4819121654638
-185.0475549078227, -203.2026715447254
-188.3428427606982, -202.72855313798908
-191.25776081302217, -202.3222818657513
-191.95862809418998, -202.22282667972988
-193.75141454524532, -201.96959874411812
Holes:
Exterior:
315.14459131519516, 303.1405175170297
302.1620665490875, 300.91112434146424
299.1951055965307, 300.41910708617615
299.20981062195585, 290.99038989411315
299.2331233076606, 277.4648605760151
308.7216669935769, 278.9989145217578
320.3374896158231, 280.9275582791074
325.5863015885451, 281.7886677606571
332.1289025115068, 282.8622175975138
332.13096111238593, 288.1326417612324
332.2434021426351, 306.05244804522016
315.14459131519516, 303.1405175170297
Holes:
Exterior:
227.75838922053958, 145.8630430705893
225.84001991621798, 145.62704193721856
225.84001991621798, 126.87496580786627
225.84004903519457, 122.96832563085071
234.89514130541076, 124.02013679484145
238.7864214032122, 124.49059669515286
238.7864214032122, 130.59042707842175
238.78637520286264, 141.51101064270932
238.78639651203528, 147.2197003053389
227.75838922053958, 145.8630430705893
Holes:
Exterior:
299.2057565542692, -293.5890233575255
299.1951055965307, -299.76766626632207
302.1620665490875, -300.2597179515854
332.2434021426351, -305.4010763249125
332.13096111238593, -287.481181938577
332.1850717816408, -285.42843136077397
332.1289025115068, -282.2107405865831
325.5863015885451, -281.1372197464041
320.3374896158231, -280.2761102648544
314.42058178345263, -279.3053361209748
308.7216669935769, -278.3474665075048
299.2331233076606, -276.8134125617621
299.2057565542692, -293.5890233575255
Holes:
Exterior:
-131.4675976392973, -210.7949052669168
-143.23628767696164, -209.14347903435623
-143.23626260415028, -230.75318421606127
-143.23626269501835, -231.047981712024
-143.23626269501835, -231.219674609107
-143.23626269501835, -231.3913891413753
-140.99383231811908, -231.70930860256436
-139.71654005744347, -231.88818546481838
-119.57914152905539, -234.70832188025918
-119.57930046849424, -227.26725865488612
-119.60316843991507, -217.59104746746365
-119.60360438101532, -212.4889927937782
-131.4675976392973, -210.7949052669168
Holes:
Exterior:
225.84003250408588, 265.57770599962294
236.34737759679902, 267.2732498569022
238.78638914340047, 267.6616092155313
238.7863891434005, 269.13798170973155
238.7863891434005, 276.9944445805659
236.4063027729433, 276.61028570722357
225.8400314573369, 274.87637808270705
225.8400314573369, 267.0488667512861
225.84003250408588, 265.57770599962294
Holes:
Exterior:
225.84003250408588, -272.71558113358736
225.8400314573369, -274.2249879390391
236.4063027729433, -275.95886181381996
238.7863891434005, -276.3430285510009
238.7863891434005, -274.86665605680065
238.7863891434005, -267.0101931859663
236.34737759679902, -266.6218328029315
225.84003250408588, -264.9262261359252
225.84003250408588, -272.71558113358736
Holes:
Exterior:
-130.63686562234113, -178.1683918960948
-143.23626339038515, -171.02793856106317
-143.23626203423873, -179.13050065331188
-143.23628855134052, -190.3751475304351
-122.53731304755638, -202.10569889761737
-119.61007997841648, -203.76461770651858
-119.62232585045854, -186.75086549789458
-119.61867077168188, -184.41263743384738
-130.63686562234113, -178.1683918960948
Holes:
Exterior:
-119.61366568112715, -121.07147499226896
-119.61540464638699, -118.83819020974734
-131.25402748376052, -122.7615219547913
-143.23629177692783, -126.80071525168454
-143.23629177692783, -134.48492914531437
-143.23626339038515, -142.23804701694758
-124.15810399785266, -135.8068120748738
-119.61884708933064, -134.276617799767
-119.61366568112715, -121.07147499226896
Holes:
Exterior:
304.1751642135904, -198.34485066129164
312.82533504552816, -194.8894760105557
312.822027121719, -187.12846640713528
312.8442471426066, -178.4985662178445
305.87004569830833, -181.28446007594908
299.25748810736894, -183.925938416123
299.25748810736894, -191.1624083873748
299.2316165223914, -200.3195863422026
304.1751642135904, -198.34485066129164
Holes:
Exterior:
306.8715666084663, -233.45133393945858
299.2316165223914, -228.22508537447717
299.23160466532977, -235.43539477153456
299.26585371676185, -249.93989931910855
306.4590963269361, -254.86057153986968
312.84067860880924, -259.2260330983568
312.8557875019553, -247.6465228832077
312.82533504552816, -237.52414734739634
306.8715666084663, -233.45133393945858
Holes:
Exterior:
306.8715666084663, 197.91916141202023
299.2316165223914, 200.97099620948288
299.2316165223914, 195.52509574895691
299.25748810736894, 184.57737753362048
305.92964759157826, 181.91212101508546
312.8442471426066, 179.15003515058152
312.8487926046204, 187.89900764984495
312.82533504552816, 195.5408683485162
306.8715666084663, 197.91916141202023
Holes:
Exterior:
-251.9783272926329, 110.05274651677233
-246.06320257857726, 113.40504194547191
-246.0449198320822, 123.32747803913088
-246.04783888436089, 132.76154978168333
-252.17818168817735, 129.28737056820196
-255.26693249207665, 127.53693990694833
-255.27368976265382, 115.30851737609346
-255.2669018162145, 108.18903443285018
-251.9783272926329, 110.05274651677233
Holes:
