Exterior:
80.10300156789094, -200.96622705499797
82.37557227974537, -201.26119582106944
82.37557227974537, -197.41100002336066
82.37557227974537, -67.71413771560069
82.37557227974537, -1.417013412478755
82.37557227974537, 68.81624253342275
82.37557227974537, 198.51317893555407
82.37557227974537, 202.36337693283681
80.10300156789094, 202.06839462117543
71.04624904520642, 200.89281764953236
69.57558448677662, 200.7019236857665
69.57558448677662, 199.8055308645172
69.57558448677662, 194.0909388835204
62.49097420725661, 193.17937975562873
39.479301527792245, 190.2185252482665
39.479301527792245, 193.8057296112684
39.479301527792245, 196.82519944260244
24.985037666869516, 194.9734336143795
20.27809913521412, 194.37208207199697
20.27809913521412, 187.8281776329359
20.27809913521412, 168.99979599928585
20.27809913521412, 168.85267808988874
20.27809913521412, 168.7658885295165
20.27809913521412, 94.41860489020796
20.27809913521412, 53.368098190804815
20.27809913521412, 53.02696630276962
20.27809913521412, 52.83861191818838
20.27809913521412, 52.49606031174696
20.27809913521412, 52.36097584150727
20.27809913521412, 52.17262110846107
20.27809913521412, -51.92478553946724
20.27809913521412, -52.265917427502444
20.27809913521412, -52.352706813642186
20.27809913521412, -93.40328945852563
20.27809913521412, -167.75057309783418
20.27809913521412, -167.89769013606883
20.27809913521412, -186.7260339712112
20.27809913521412, -193.26986281325694
32.495919622340125, -194.83081785804922
39.479301527792245, -195.72301833083506
39.479301527792245, -192.1358553929081
39.479301527792245, -189.11642043044444
50.827512518029266, -190.57652327219856
69.57558448677662, -192.98871962478037
69.57558448677662, -193.8851279632363
69.57558448677662, -199.59981886794444
71.04624904520642, -199.79070406585808
80.10300156789094, -200.96622705499797
Holes:
Exterior:
366.56630906674775, 248.63553232910894
354.25394526525054, 246.8119434632426
349.43232004241315, 246.04655218328224
343.16660677196904, 245.09689913900175
341.79497901199477, 244.8890897355236
335.5242731337752, 243.97022313584878
335.50599491349783, 231.80583562508403
335.50371919144874, 230.61220466687607
329.6056286872537, 229.75761497225324
328.2011073746828, 229.5550221750475
327.8502575036008, 229.50449636550624
309.1151481166821, 226.78368332078594
308.27755491329793, 226.6619707723606
308.27755491329793, 204.0996020515355
308.27755491329793, 198.1560480244195
308.27769010009376, 180.90074625674208
308.27812965279224, 124.79604752609853
308.27755491329793, 124.7962271321905
308.27755491329793, 122.71208648342254
308.27755491329793, 89.07617600510244
309.5182007636912, 89.1986867920362
314.7532091128967, 89.71561640843716
332.6785827807517, 91.48778778562193
335.50371759328107, 91.76733966185579
350.5040354057552, 93.38210101353016
352.4272665980583, 93.56755782480948
366.45770761108946, 94.92056316073725
366.4128686996039, 115.52770134640099
366.4133964389413, 117.41716181110897
362.8383158776607, 117.03909479059227
340.48409278755787, 114.67512162277822
347.8604034581832, 119.30807415756345
347.8783256292229, 134.02805594080957
347.8753156591044, 139.86912172812583
345.9103891188812, 138.63503225902005
336.3163381221855, 132.60912551475582
333.87810523872974, 131.07774766037588
333.87810523872974, 174.44539105146615
333.87810523872974, 206.90210373947744
336.3163369005499, 205.99649621451127
347.87521609584394, 201.70326870695578
347.8779523808212, 206.22788400344882
347.9000781069529, 214.79207758250288
347.8712314184351, 217.64999211286909
346.4846282609051, 218.16501137977963
336.48857887154224, 221.87776597092275
342.20537434790623, 222.7251287441648
345.10175836493954, 223.1544405855967
366.4270623084816, 226.2885990718885
366.49110092531316, 237.19405865297867
366.56630906674775, 248.63553232910894
Holes:
Exterior:
366.56630906674775, -247.53341099023962
366.4603044545018, -230.14695399683907
366.4270623084816, -225.18644535915274
357.9748578969628, -223.96046065971157
345.10175836493954, -222.05228578454
342.20537434790623, -221.62296509551334
336.48857887154224, -220.77558485915537
347.8712314184351, -216.54782959085156
347.8779523808212, -205.12577918562675
347.87521609584394, -200.60115306420366
345.91031224234183, -201.3309636474955
336.3163369005499, -204.8943557666965
333.87810523872974, -205.79999892165537
333.87810523872974, -162.4324528591644
333.87810523872974, -129.9755665486085
336.3163381221855, -131.50694440298844
347.8753156591044, -138.76692977599265
347.8783256292229, -132.92586398355664
347.9019677078078, -122.50000987201838
347.8604034581832, -118.20598108872576
340.48409278755787, -113.57305495192881
362.83831587766065, -115.9369665178362
366.4133964389413, -116.31502368644358
366.41275361373835, -114.43422717655173
366.456809943836, -93.81782686811168
352.4268084036848, -92.46525150799093
350.50396403900277, -92.27993103460875
335.50371759328107, -90.6651585500884
335.39015695549267, -90.65473080660448
332.6785827807517, -90.38560667385455
314.7532091128967, -88.61343529666978
308.27755491329793, -87.97399489333506
308.27755491329793, -90.05813776785727
308.27755491329793, -123.69404824617737
308.27812965279224, -123.69390456130381
308.27755491329793, -197.05386913840638
308.27755491329793, -219.6162737804499
308.27755491329793, -225.55982558181162
308.88610355054396, -225.64832707376684
309.1151481166821, -225.6815419885413
327.85025750360074, -228.4023191797086
328.2011073746828, -228.45284106328012
329.6056286872537, -228.65542275176597
332.6181940109556, -229.10749909659992
335.50371919144874, -229.5100573529165
335.5102499493977, -235.15958561641
335.5242731337752, -242.86809962123672
341.79497901199477, -243.7869467707289
343.16660677196904, -243.99478489408196
349.43232004241315, -244.94440921848752
366.56630906674775, -247.53341099023962
Holes:
Exterior:
172.19824038828165, -154.12915202707484
172.03586874478577, -154.18390967817905
167.2303534178729, -155.80383267544377
167.26307165420928, -167.91293026817627
167.2403331404705, -171.2378176861518
193.60154783003043, -162.3513889123145
196.61825029590653, -161.33445411110003
196.61825387815804, -157.6669439877111
196.6182228460604, -151.1205277181295
196.6181597655554, -145.8971797997796
196.61810688565436, -140.16408114582455
196.61810688565436, -138.31939988763733
176.6539041911031, -127.00518311097676
176.6520982270619, -127.00416990207202
172.05027263503666, -124.39602599484252
167.2397812063552, -121.66980849967963
167.20808353692337, -134.50392911701695
167.2303506059041, -141.01226326248428
172.03729899370137, -143.73641168188882
183.30456383721616, -150.12181527875222
183.59597022896412, -150.28699843337412
172.20063029512568, -154.12835462476514
172.19944375307603, -154.12873955330593
172.19824038828165, -154.12915202707484
Holes:
Exterior:
172.19824038828165, 144.92985487157384
172.03497169795025, 144.83728900369175
167.2303506059041, 142.11442796054752
167.26766268867038, 126.92949543408521
167.2397812063552, 122.7719768585596
190.4180255743454, 135.90778806026896
196.61810688565436, 139.4215392154135
196.6181597655554, 146.99932276457432
196.6182228460604, 152.2227094049016
196.61825387815804, 158.76911603672283
196.61825029590653, 161.6874208460045
196.61825029590653, 162.4366315201726
175.88810500351275, 169.42477790468166
175.88637657628516, 169.42536840998918
172.06480959148143, 170.7136258178402
167.2403331404705, 172.33997242254296
167.21149708846656, 161.68185883600424
167.2303534178729, 156.9059539098428
172.0381963857967, 155.28523781203236
183.30618523708375, 151.48682231352606
183.59597022896412, 151.38914139816885
172.20063029512568, 144.93120015983902
172.19944375307603, 144.93054621965794
172.19824038828165, 144.92985487157384
Holes:
Exterior:
167.18186917476123, -196.88252570612903
167.23264656505688, -219.16854481162346
179.43551833314575, -220.83369152728702
181.25267833793214, -221.0816469909873
196.61812948715607, -223.1870678531421
196.618112045607, -208.67429546970607
196.61811011404984, -204.3471526498508
196.6181043542622, -200.81348197057457
176.83052907219894, -198.10768973136595
172.0512747351134, -197.41720505371157
167.2450438585463, -196.72290877160333
167.24500727047086, -196.7229038299592
167.1821434644139, -196.71433022872372
167.18186917476123, -196.88252570612903
Holes:
Exterior:
167.18186319683082, 197.9808160167406
167.1823757536231, 197.8797174788977
167.1821434644139, 197.8164350465458
167.2450438585463, 197.8250136721184
196.6181043542622, 201.9156249353693
196.618112045607, 209.7764250423181
196.61812948715607, 224.2892159302721
188.43974375704346, 223.16425009155003
181.25279169678305, 222.1835663076801
179.4357856846002, 221.93561817063764
173.0184383763288, 221.0566035618727
167.2325459770516, 220.27043599436817
167.18186319683082, 197.9808160167406
Holes:
Exterior:
-53.76976631101172, -0.48034044102706885
-58.56199684163107, -4.609314676685005
-59.61316078017967, -5.514972172752944
-59.61316078017967, -22.862312567252808
-59.61315422105395, -24.64119563149797
-50.422488922663206, -16.722618943687845
-48.66881427146723, -15.211668641525284
-48.668809583414486, -3.341800964317864
-48.668809583414486, 4.443953130501772
-48.66881427146723, 13.794230686168708
-48.66881427146723, 16.313773459347345
-58.56199684163107, 24.837701232788316
-59.61315422105395, 25.743367750153972
-59.61315422105395, 8.871587086759018
-59.61316078017967, 6.6170840864222855
-53.76976631101172, 1.5824859935654239
-52.572700425332755, 0.5510905558836867
-53.76976631101172, -0.48034044102706885
Holes:
Exterior:
196.61809593415956, 81.21901150427952
196.61810028819355, 101.45612597211752
180.42347969898253, 100.0023003850717
172.0577313606816, 99.2512467226039
167.19722054039903, 98.8149124576621
167.18558543895222, 93.28911155629592
167.22221461863114, 81.406754223662
167.2222251297385, 81.40486233795295
167.22225494637433, 81.4029761891897
167.2526006610355, 76.02484539002603
176.41754102970418, 76.78150629610123
182.94015705323335, 77.37710349490821
196.61812736523143, 78.62606081061884
196.61809593415956, 81.21901150427952
Holes:
Exterior:
196.61810028819355, -100.35394486035014
196.6181763333277, -84.56961296763382
196.61812736523143, -77.5239347433724
193.58266212906778, -77.27482391828032
182.94015705323335, -76.27496325887606
176.41754102970418, -75.67934917016429
172.03649149651244, -75.31249719541933
172.03533556271105, -75.31240296614635
172.03416348798828, -75.31231778970891
167.2526006610355, -74.92267618840881
167.18558543895222, -92.18690151236959
167.19722054039903, -97.71270244635093
172.0577313606816, -98.14906561083652
196.61810028819355, -100.35394486035014
Holes:
Exterior:
-118.30582557507023, -197.75679182454343
-116.02469627494213, -197.734965962671
-116.02469627494213, -194.64005803913443
-116.02469627494213, -191.41265916593974
-116.02469627494213, -188.3540734113159
-116.02469627494213, -187.52055782737114
-116.02469627494213, -186.42231803221875
-116.02469627494213, -186.04675049568843
-116.02469627494213, -185.4844496726804
-116.02469627494213, -185.27161635304904
-116.02469627494213, -184.9303789080472
-116.02469627494213, -182.7765461628663
-114.23433300246393, -182.99865015393806
-103.22470848197338, -184.36445204665537
-103.22470848197338, -179.03905887698556
-103.22470848197338, -171.17605177810069
-85.18730252372609, -173.42118997137663
-85.18730252372609, -169.74769432721007
-85.18753446651317, -163.5700593496463
-89.507118975818, -163.02399897139514
-92.96073143119213, -162.58741347243662
-85.18753446651317, -157.80891469162222
-85.18753446651317, -154.6819321285964
-85.18730252372609, -142.59451656945313
-95.24050283830047, -148.77454169928504
-100.61009984126758, -152.07544705971165
-103.22470848197338, -153.68268935134287
-103.22470848197338, -135.77898643230625
-103.22470848197338, -84.58501784255381
-100.61009984126758, -86.73495876115165
-85.18730252372609, -99.41714823951845
-85.18730252372609, -92.48565934503057
-85.18755089559318, -80.93907464655263
-88.3474985189572, -78.34064921635319
-90.759040757364, -76.35763136794444
-85.18755089559318, -76.80975729524728
-85.18755089559318, -73.260022777767
-85.18762193925136, -54.116725849503055
-89.56891057963969, -53.761197314919045
-93.0649283991329, -53.47749859445298
-93.08051292533276, -53.47623793532725
-93.0649283991329, -53.462807448735816
-85.18762193925136, -46.67582540519017
-85.18762193925136, -42.69682618102726
-85.18730252372609, -27.54918575651037
-95.00828490249842, -36.010743668190116
-100.61009984126758, -40.8372118841221
-103.22470848197338, -43.08988539626475
-103.22470848197338, -36.642752571369
-103.22470848197338, 37.74493368313638
-103.22470848197338, 44.19206650803213
-100.61009984126758, 41.93939299588948
-85.18730252372609, 28.65133824846829
-85.18730252372609, 35.82609552342764
-85.18762193925136, 47.77794609513856
-89.56891057963969, 51.55279562233014
-93.0649283991329, 54.56491226655788
-93.08051292533276, 54.578342753149315
-93.0649283991329, 54.579603412275034
-85.18762193925136, 55.21884653945145
-85.18762193925136, 59.939899414236294
-85.18755089559318, 77.9120027667927
-88.3474985189572, 77.65558119350209
-90.759040757364, 77.45988877365713
-85.18755089559318, 82.04132608518167
-85.18755089559318, 84.93166802516951
-85.18730252372609, 100.51930073147636
-95.24050283830047, 92.25258596123436
-100.61009984126758, 87.83715930776457
-103.22470848197338, 85.68719895432119
-103.22470848197338, 103.59091175751237
-103.22470848197338, 154.7849086100829
-100.61009984126758, 153.17763716618336
-85.18730252372609, 143.69669289847897
-85.18730252372609, 149.40389789348234
-85.18753446651317, 158.91101272434435
-89.507118975818, 161.5664227833077
-92.96073143119213, 163.68948014328603
-85.18753446651317, 164.6721338609639
-85.18753446651317, 166.68488396928694
-85.18730252372609, 174.52336155598084
-101.38713583796266, 172.50626468311881
-103.22470848197338, 172.2781947428954
-103.22470848197338, 180.14117909831552
-103.22470848197338, 185.46655686447744
-114.23433300246393, 184.10082059429857
-116.02469627494213, 183.8787272746337
-116.02469627494213, 186.03254903440305
-116.02469627494213, 186.37378473895694
-116.02469627494213, 186.5866169730529
-116.02469627494213, 187.14891492810105
-116.02469627494213, 187.52448054908618
-116.02469627494213, 188.62271474277478
-116.02469627494213, 189.45622607545548
-116.02469627494213, 192.51479623006426
-116.02469627494213, 195.7421786422292
-116.02469627494213, 198.83707078049306
-117.52832146502772, 198.8515005512814
-120.01959983939526, 198.8754084880126
-126.74548876562108, 199.1381639771041
-126.74548876562108, 198.8725558216891
-126.74548876562108, 198.83707078049306
-132.7764629261926, 198.83707078049306
-134.07781780306414, 198.83707078049306
-134.07781780306414, 198.86944594456395
-134.07781780306414, 199.15713813741777
-134.07781780306414, 199.67576810253883
-135.49674217337963, 199.7888377482665
-136.93249701121, 199.96388271941197
-142.93036644095776, 200.6951335246337
-148.8579265505232, 201.68197538557953
-148.8579265505232, 200.5319184697217
-148.8579265505232, 199.61908616705756
-148.8579265505232, 199.09516430988347
-148.8579265505232, 198.86317722396151
-148.8579265505232, 198.83707078049306
-148.8880569186324, 198.83707078049306
-149.15451130623683, 198.83707078049306
-149.74786450435568, 198.83707078049306
-150.75466210652098, 198.83707078049306
-152.3004396001703, 198.83707078049306
-153.11757905303386, 198.83707078049306
-153.11757905303386, 193.95281116173226
-153.11757905303386, 186.03712113449697
-152.3004396001703, 186.03712113449697
-150.75466210652098, 186.03712113449697
-149.74786450435568, 186.03712113449697
-149.15451130623683, 186.03712113449697
-148.8880569186324, 186.03712113449697
-148.8579265505232, 186.03712113449697
-148.8579265505232, 181.89605479676408
-148.8579265505232, 179.68713791916494
-148.8880569186324, 179.68713791916494
-149.15451130623683, 179.68713791916494
-149.74786450435568, 179.68713791916494
-150.75466210652098, 179.68713791916494
-152.3004396001703, 179.68713791916494
-153.11757905303386, 179.68713791916494
-153.11757905303386, 174.80283463154842
-153.11757905303386, 166.88707383225088
-152.3004396001703, 166.88707383225088
-150.75466210652098, 166.88707383225088
-149.74786450435568, 166.88707383225088
-149.15451130623683, 166.88707383225088
-148.8880569186324, 166.88707383225088
-148.8579265505232, 166.88707383225088
-148.8579265505232, 162.74603237161435
-148.8579265505232, 160.5371287638915
-148.8880569186324, 160.5371287638915
-149.15451130623683, 160.5371287638915
-149.74786450435568, 160.5371287638915
-150.75466210652098, 160.5371287638915
-152.3004396001703, 160.5371287638915
-153.11757905303386, 160.5371287638915
-153.11757905303386, 155.65285458884546
-153.11757905303386, 147.73714097092275
-152.3004396001703, 147.73714097092275
-150.75466210652098, 147.73714097092275
-149.74786450435568, 147.73714097092275
-149.15451130623683, 147.73714097092275
-148.8880569186324, 147.73714097092275
-148.8579265505232, 147.73714097092275
-148.8579265505232, 143.5960497560935
-148.8579265505232, 141.38711960861806
-148.8880569186324, 141.38711960861806
-149.15451130623683, 141.38711960861806
-149.74786450435568, 141.38711960861806
-150.75466210652098, 141.38711960861806
-152.3004396001703, 141.38711960861806
-153.11757905303386, 141.38711960861806
-153.11757905303386, 136.50283087728678
-153.11757905303386, 128.58709366867666
-152.3004396001703, 128.58709366867666
-150.75466210652098, 128.58709366867666
-149.74786450435568, 128.58709366867666
-149.15451130623683, 128.58709366867666
-148.8880569186324, 128.58709366867666
-148.8579265505232, 128.58709366867666
-148.8579265505232, 124.44602733094378
-148.8579265505232, 122.23711045334463
-148.8880569186324, 122.23711045334463
-149.15451130623683, 122.23711045334463
-149.74786450435568, 122.23711045334463
-150.75466210652098, 122.23711045334463
-152.3004396001703, 122.23711045334463
-153.11757905303386, 122.23711045334463
-153.11757905303386, 117.35283627829858
-153.11757905303386, 109.43712266037588
-152.3004396001703, 109.43712266037588
-150.75466210652098, 109.43712266037588
-149.74786450435568, 109.43712266037588
-149.15451130623683, 109.43712266037588
-148.8880569186324, 109.43712266037588
-148.8579265505232, 109.43712266037588
-148.8579265505232, 105.296056322643
-148.8579265505232, 103.08713944504385
-148.8880569186324, 103.08713944504385
-149.15451130623683, 103.08713944504385
-149.74786450435568, 103.08713944504385
-150.75466210652098, 103.08713944504385
-152.3004396001703, 103.08713944504385
-153.11757905303386, 103.08713944504385
-153.11757905303386, 98.20285071371256
-153.11757905303386, 90.28711350510244
-152.3004396001703, 90.28711350510244
-150.75466210652098, 90.28711350510244
-149.74786450435568, 90.28711350510244
-149.15451130623683, 90.28711350510244
-148.8880569186324, 90.28711350510244
-148.8579265505232, 90.28711350510244
-148.8579265505232, 86.1460222902732
-148.8579265505232, 83.93709214279775
-148.8880569186324, 83.93709214279775
-149.15451130623683, 83.93709214279775
-149.74786450435568, 83.93709214279775
-150.75466210652098, 83.93709214279775
-152.3004396001703, 83.93709214279775
-153.11757905303386, 83.93709214279775
-153.11757905303386, 79.05281796775171
-153.11757905303386, 71.137104349829
-152.3004396001703, 71.137104349829
-150.75466210652098, 71.137104349829
-149.74786450435568, 71.137104349829
-149.15451130623683, 71.137104349829
-148.8880569186324, 71.137104349829
-148.8579265505232, 71.137104349829
-148.8579265505232, 66.99601313499976
-148.8579265505232, 64.78708298752431
-148.8880569186324, 64.78708298752431
-149.15451130623683, 64.78708298752431
-149.74786450435568, 64.78708298752431
-150.75466210652098, 64.78708298752431
-152.3004396001703, 64.78708298752431
-153.11757905303386, 64.78708298752431
-153.11757905303386, 59.90280881247827
-153.11757905303386, 51.987095194555565
-152.3004396001703, 51.987095194555565
-150.75466210652098, 51.987095194555565
-149.74786450435568, 51.987095194555565
-149.15451130623683, 51.987095194555565
-148.8880569186324, 51.987095194555565
-148.8579265505232, 51.987095194555565
-148.8579265505232, 47.846053733919035
-148.8579265505232, 45.63715012619619
-148.8880569186324, 45.63715012619619
-149.15451130623683, 45.63715012619619
-149.74786450435568, 45.63715012619619
-150.75466210652098, 45.63715012619619
-152.3004396001703, 45.63715012619619
-153.11757905303386, 45.63715012619619
-153.11757905303386, 40.752875951150145
-153.11757905303386, 32.83716233322744
-152.3004396001703, 32.83716233322744
-150.75466210652098, 32.83716233322744
-149.74786450435568, 32.83716233322744
-149.15451130623683, 32.83716233322744
-148.8880569186324, 32.83716233322744
-148.8579265505232, 32.83716233322744
-148.8579265505232, 28.69607111839819
-148.8579265505232, 26.48714097092275
-148.8880569186324, 26.48714097092275
-149.15451130623683, 26.48714097092275
-149.74786450435568, 26.48714097092275
-150.75466210652098, 26.48714097092275
-152.3004396001703, 26.48714097092275
-153.11757905303386, 26.48714097092275
-153.11757905303386, 21.60286679587671
-153.11757905303386, 13.687153177953999
-152.3004396001703, 13.687153177953999
-150.75466210652098, 13.687153177953999
-149.74786450435568, 13.687153177953999
-149.15451130623683, 13.687153177953999
-148.8880569186324, 13.687153177953999
-148.8579265505232, 13.687153177953999
-148.8579265505232, 9.546061963124751
-148.8579265505232, 7.337131815649312
-148.8880569186324, 7.337131815649312
-149.15451130623683, 7.337131815649312
-149.74786450435568, 7.337131815649312
-150.75466210652098, 7.337131815649312
-152.3004396001703, 7.337131815649312
-153.11757905303386, 7.337131815649312
-153.11757905303386, 2.1582093147465065
-153.11757905303386, -6.235026997827251
-152.3004396001703, -6.235026997827251
-150.75466210652098, -6.235026997827251
-149.74786450435568, -6.235026997827251
-149.15451130623683, -6.235026997827251
-148.8880569186324, -6.235026997827251
-148.8579265505232, -6.235026997827251
-148.8579265505232, -10.37606845846377
-148.8579265505232, -12.584972066186626
-148.8880569186324, -12.584972066186626
-149.15451130623683, -12.584972066186626
-149.74786450435568, -12.584972066186626
-150.75466210652098, -12.584972066186626
-152.3004396001703, -12.584972066186626
-153.11757905303386, -12.584972066186626
-153.11757905303386, -17.469246241232668
-153.11757905303386, -25.384959859155376
-152.3004396001703, -25.384959859155376
-150.75466210652098, -25.384959859155376
-149.74786450435568, -25.384959859155376
-149.15451130623683, -25.384959859155376
-148.8880569186324, -25.384959859155376
-148.8579265505232, -25.384959859155376
-148.8579265505232, -29.526001319791895
-148.8579265505232, -31.73490492751475
-148.8880569186324, -31.73490492751475
-149.15451130623683, -31.73490492751475
-149.74786450435568, -31.73490492751475
-150.75466210652098, -31.73490492751475
-152.3004396001703, -31.73490492751475
-153.11757905303386, -31.73490492751475
-153.11757905303386, -36.61920821513128
-153.11757905303386, -44.53496901442881
-152.3004396001703, -44.53496901442881
-150.75466210652098, -44.53496901442881
-149.74786450435568, -44.53496901442881
-149.15451130623683, -44.53496901442881
-148.8880569186324, -44.53496901442881
-148.8579265505232, -44.53496901442881
-148.8579265505232, -48.67601047506534
-148.8579265505232, -50.884914082788185
-148.8880569186324, -50.884914082788185
-149.15451130623683, -50.884914082788185
-149.74786450435568, -50.884914082788185
-150.75466210652098, -50.884914082788185
-152.3004396001703, -50.884914082788185
-153.11757905303386, -50.884914082788185
-153.11757905303386, -55.76921737040472
-153.11757905303386, -63.68497816970225
-152.3004396001703, -63.68497816970225
-150.75466210652098, -63.68497816970225
-149.74786450435568, -63.68497816970225
-149.15451130623683, -63.68497816970225
-148.8880569186324, -63.68497816970225
-148.8579265505232, -63.68497816970225
-148.8579265505232, -67.8260693845315
-148.8579265505232, -70.03499953200694
-148.8880569186324, -70.03499953200694
-149.15451130623683, -70.03499953200694
-149.74786450435568, -70.03499953200694
-150.75466210652098, -70.03499953200694
-152.3004396001703, -70.03499953200694
-153.11757905303386, -70.03499953200694
-153.11757905303386, -74.91930281962345
-153.11757905303386, -82.835063618921
-152.3004396001703, -82.835063618921
-150.75466210652098, -82.835063618921
-149.74786450435568, -82.835063618921
-149.15451130623683, -82.835063618921
-148.8880569186324, -82.835063618921
-148.8579265505232, -82.835063618921
-148.8579265505232, -86.9760553253648
-148.8579265505232, -89.18493239333506
-148.8880569186324, -89.18493239333506
-149.15451130623683, -89.18493239333506
-149.74786450435568, -89.18493239333506
-150.75466210652098, -89.18493239333506
-152.3004396001703, -89.18493239333506
-153.11757905303386, -89.18493239333506
-153.11757905303386, -94.0692065683811
-153.11757905303386, -101.98492018630381
-152.3004396001703, -101.98492018630381
-150.75466210652098, -101.98492018630381
-149.74786450435568, -101.98492018630381
-149.15451130623683, -101.98492018630381
-148.8880569186324, -101.98492018630381
-148.8579265505232, -101.98492018630381
-148.8579265505232, -106.12601140113306
-148.8579265505232, -108.3349415486085
-148.8880569186324, -108.3349415486085
-149.15451130623683, -108.3349415486085
-149.74786450435568, -108.3349415486085
-150.75466210652098, -108.3349415486085
-152.3004396001703, -108.3349415486085
-153.11757905303386, -108.3349415486085
-153.11757905303386, -113.21921572365454
-153.11757905303386, -121.13492934157725
-152.3004396001703, -121.13492934157725
-150.75466210652098, -121.13492934157725
-149.74786450435568, -121.13492934157725
-149.15451130623683, -121.13492934157725
-148.8880569186324, -121.13492934157725
-148.8579265505232, -121.13492934157725
-148.8579265505232, -125.2760205564065
-148.8579265505232, -127.48495070388194
-148.8880569186324, -127.48495070388194
-149.15451130623683, -127.48495070388194
-149.74786450435568, -127.48495070388194
-150.75466210652098, -127.48495070388194
-152.3004396001703, -127.48495070388194
-153.11757905303386, -127.48495070388194
-153.11757905303386, -132.36922487892798
-153.11757905303386, -140.28493849685069
-152.3004396001703, -140.28493849685069
-150.75466210652098, -140.28493849685069
-149.74786450435568, -140.28493849685069
-149.15451130623683, -140.28493849685069
-148.8880569186324, -140.28493849685069
-148.8579265505232, -140.28493849685069
-148.8579265505232, -144.42602971167994
-148.8579265505232, -146.63495985915537
-148.8880569186324, -146.63495985915537
-149.15451130623683, -146.63495985915537
-149.74786450435568, -146.63495985915537
-150.75466210652098, -146.63495985915537
-152.3004396001703, -146.63495985915537
-153.11757905303386, -146.63495985915537
-153.11757905303386, -151.51923403420142
-153.11757905303386, -159.43494765212412
-152.3004396001703, -159.43494765212412
-150.75466210652098, -159.43494765212412
-149.74786450435568, -159.43494765212412
-149.15451130623683, -159.43494765212412
-148.8880569186324, -159.43494765212412
-148.8579265505232, -159.43494765212412
-148.8579265505232, -163.57603886695338
-148.8579265505232, -165.7849690144288
-148.8880569186324, -165.7849690144288
-149.15451130623683, -165.7849690144288
-149.74786450435568, -165.7849690144288
-150.75466210652098, -165.7849690144288
-152.3004396001703, -165.7849690144288
-153.11757905303386, -165.7849690144288
-153.11757905303386, -170.66924318947486
-153.11757905303386, -178.58495680739756
-152.3004396001703, -178.58495680739756
-150.75466210652098, -178.58495680739756
-149.74786450435568, -178.58495680739756
-149.15451130623683, -178.58495680739756
-148.8880569186324, -178.58495680739756
-148.8579265505232, -178.58495680739756
-148.8579265505232, -182.72609777641952
-148.8579265505232, -184.93505446364756
-148.8880569186324, -184.93505446364756
-149.15451130623683, -184.93505446364756
-149.74786450435568, -184.93505446364756
-150.75466210652098, -184.93505446364756
-152.3004396001703, -184.93505446364756
-153.11757905303386, -184.93505446364756
-153.11757905303386, -189.81929952612313
-153.11757905303386, -197.734965962671
-152.3004396001703, -197.734965962671
-150.75466210652098, -197.734965962671
-149.74786450435568, -197.734965962671
-149.15451130623683, -197.734965962671
-148.8880569186324, -197.734965962671
-148.8579265505232, -197.734965962671
-148.8579265505232, -197.76099447645743
-148.8579265505232, -197.9930594920614
-148.8579265505232, -198.5169813492355
-148.8579265505232, -199.42974405973038
-148.8579265505232, -200.5798556789432
-144.90171450096727, -199.9211700611122
-142.93036644095776, -199.5929524128663
-139.96794133483013, -199.23180860874677
-135.49674217337963, -198.68673293044444
-135.01481277220694, -198.64832948358261
-134.07781780306414, -198.57366328471676
-134.07781780306414, -198.0550333195957
-134.07781780306414, -197.76724448446106
-134.07781780306414, -197.734965962671
-127.64847800599887, -197.734965962671
-126.74548876562108, -197.734965962671
-126.74548876562108, -197.77034507837092
-126.74548876562108, -198.03604245754167
-122.3575715654838, -197.86455907235873
-120.01959983939526, -197.77318922927256
-118.30582557507023, -197.75679182454343
Holes:
Exterior:
1.4963399177771635, 198.58902964507234
-11.332395251335356, 196.99161553698642
-15.733706638514604, 196.4359511870504
-15.733656787327845, 178.8122416208958
-15.733656787327845, 173.45225799768437
7.00173194771412, 176.32638962814931
-8.520308221359073, 163.56258671025222
-15.733655551793731, 157.6310375903465
-15.733691049247795, 147.75107838466184
-15.733717961265938, 139.15324975834758
7.568050173229949, 158.3143509338991
8.224995525345093, 158.85455784135598
8.225021339230352, 163.8237328485841
8.225021339230352, 183.61322200187539
8.224995027915952, 186.19361227745281
8.224994883374393, 186.2372824656411
8.224815304680646, 186.23672481781526
8.2170023903318, 186.23904604527573
8.2170023903318, 190.03099171888374
8.216977412407118, 196.48588300149
8.217800515719205, 199.45647472569706
1.4963399177771635, 198.58902964507234
Holes:
Exterior:
7.568050173229949, -100.78865535878946
8.224995525345093, -100.38480656269937
8.224995525345093, -85.34031788378144
8.224994678152939, -85.17072501821771
-7.784140782212717, -95.01204796380367
-15.733671617128948, -99.8989090369927
-15.733671617128948, -107.72241293979607
-15.733717961265938, -115.11312518350593
7.568050173229949, -100.78865535878946
Holes:
Exterior:
7.529667062432054, 39.785649714534316
8.224995297337045, 40.49758446402741
8.224995297337045, 62.12555782852995
8.224994825558497, 62.37502454466647
-7.919296098654399, 45.84512951731908
-15.733679051178228, 37.84410113427725
-15.733702664324937, 26.610661351747645
-15.733681739715962, 15.966695068327898
7.529667062432054, 39.785649714534316
Holes:
Exterior:
-55.141059800332755, 125.22623093674306
-58.56199684163107, 122.41319733582007
-59.61316078017967, 121.54883646858367
-59.61316078017967, 104.78971450643058
-59.6131546559468, 103.07115761300736
-50.53096006249473, 110.53950867931233
-48.66881427146723, 112.0707543642192
-48.6687985144888, 121.24749573637652
-48.668750362147875, 130.54843774116887
-48.66873741553775, 135.10672417594003
-48.66873741553775, 136.46162297792566
-58.56199684163107, 142.54331769022835
-59.613154168078836, 143.1895092591687
-59.613154168078836, 129.77442696077824
-59.61316078017967, 127.97538569122395
-55.141059800332755, 125.22623093674306
Holes:
Exterior:
-55.141059800332755, -124.124126118921
-58.56199684163107, -126.22709391488677
-59.61316078017967, -126.87327022963096
-59.61316078017967, -140.67227055309053
-59.613154168078836, -142.08730804361667
-49.87085980095276, -136.09848200271878
-48.66873741553775, -135.3594732187123
-48.668750362147875, -129.44630960273454
-48.6687985144888, -120.14535251525729
-48.66881427146723, -113.40268769524756
-48.66881427146723, -110.96856320206001
-58.56199684163107, -102.83330198720377
-59.6131546559468, -101.96893356463929
-59.6131546559468, -118.12669758123224
-59.61316078017967, -120.44672455491433
-55.141059800332755, -124.124126118921
Holes:
Exterior:
19.951289411075663, 52.50399662114131
20.025369540092697, 52.579846091170594
20.025370070064014, 53.056362326199306
20.025370070064014, 93.39699196789331
20.025370360286843, 93.88109314854515
20.025369540092697, 94.15754170965494
20.025369540092697, 94.23283489571189
8.500625290442485, 101.31758529668832
8.449474032602893, 101.34902966296619
8.449474032602893, 86.21990638338414
8.449474173572526, 86.13491083266207
8.688903624097179, 85.98772549501525
9.34670265083912, 85.58336289475088
8.688903624097179, 85.52994100650457
8.500625290442485, 85.51466155325909
8.449474173572526, 85.51051082785726
8.449474173572526, 85.4099144894946
8.449474173572526, 62.81748680801287
8.67501075630787, 62.835789042211815
8.500625290442485, 62.65723839355908
8.449474173572412, 62.60486555012764
8.449474173572412, 40.82440474593642
8.449474180842344, 40.72742457359331
19.951289411075663, 52.50399662114131
Holes:
Exterior:
7.825659394599597, 86.51839130088904
8.224994678152939, 86.27290612998509
8.224994678152939, 101.35266727721526
8.224995525345093, 101.48702412053443
-6.489327503976028, 110.53241668680386
-15.733717961265938, 116.21525119816243
-15.733717961265938, 110.29824338838958
-15.733671617128948, 101.00112938103399
7.825659394599597, 86.51839130088904
Holes:
Exterior:
8.449474032602893, 159.0391467722401
19.952950707390755, 168.4985182965042
20.025369540092697, 168.5580683939839
20.025370136054903, 168.90981027021667
20.025370136054903, 187.55004959466746
20.025369540092697, 187.68758348422583
20.025369540092697, 187.73590826473904
8.500625290442485, 186.27169215730487
8.449474318904322, 186.26514033946793
8.449480470457502, 184.95026953563743
8.449480470457502, 161.52964324212277
8.449474173572526, 159.1210571876993
8.449474032602893, 159.0391467722401
Holes:
Exterior:
8.449474032602893, -157.93700423367153
8.449480470457502, -160.4274951357476
8.449480470457502, -183.84812142926222
8.449474318904322, -185.16299805111476
19.795841514559243, -186.60454519963065
19.910485007698867, -186.6191624380806
19.967898492446352, -186.6265557745941
20.025369540092697, -186.63376492237305
20.025370136054903, -186.44790590370675
20.025370136054903, -167.80770400006264
20.025369540092697, -167.54740756208628
20.025369540092697, -167.45596282101926
8.500625290442485, -157.97906498905937
8.449474032602893, -157.93700423367153
Holes:
Exterior:
8.449474032602893, -100.24681125667848
19.952950707390755, -93.1752487071491
20.025369540092697, -93.13073007788982
20.025370360286843, -92.77898480296241
20.025370070064014, -92.29488548829839
20.025370070064014, -51.95418121443194
20.025369540092697, -51.5859339186981
20.025369540092697, -51.477664979403215
8.500625290442485, -39.67761621266699
8.449474180842344, -39.625243461825946
8.449474180842344, -61.37765767911563
8.449474173572526, -61.50268477656401
8.67501075630787, -61.733607930444435
8.500625290442485, -61.71945642272581
8.449474173572526, -61.71530569624551
8.449474173572412, -61.81590169640441
8.449474173572526, -84.40832937788612
8.688903624097179, -84.42775831671949
9.34670265083912, -84.48110548903819
8.688903624097179, -84.88554280523017
8.500625290442485, -85.00128505883877
8.449474173572412, -85.03272988999657
8.449474173572526, -100.17936813770535
8.449474032602893, -100.24681125667848
Holes:
Exterior:
-59.61316078017967, 177.7066471375475
-59.61316078017967, 168.82462146711407
-59.613154168078836, 167.90513567370024
-50.427775474719056, 169.06635386905393
-48.66881427146723, 169.288714525564
-48.66881427146723, 177.77696474074554
-48.668815059519375, 179.0755808262737
-50.066691173970185, 178.90215023698067
-59.61316078017967, 177.7066471375475
Holes:
Exterior:
-59.61316078017967, -176.60443497465474
-50.066691173970185, -177.800040546857
-48.668815059519375, -177.97348103374307
-48.668815059519375, -169.48518905669073
-48.66881427146723, -168.1865283886007
-58.56199684163107, -166.93590184440885
-59.613154168078836, -166.8030353666752
-59.613154168078836, -175.437778017836
-59.61316078017967, -176.60443497465474
Holes:
Exterior:
-59.61315422105395, -76.21019043868661
-59.6131546559468, -78.88511736982981
-50.53096006249473, -79.62216709392652
-48.66881427146723, -79.77328147365311
-48.66881427146723, -60.06960018913536
-48.66881427146723, -57.080191548458984
-58.56199684163107, -56.27732608893169
-59.61315422105395, -56.1920284875187
-59.61315422105395, -76.21019043868661
Holes:
Exterior:
-59.61315422105395, 57.2942006061747
-50.422488922663206, 58.04005382394121
-48.66881427146723, 58.18237266022636
-48.66881427146723, 77.88598770119061
-48.66881427146723, 80.8754063922588
-58.56199684163107, 80.07260717628499
-59.6131546559468, 79.98730806085327
-59.6131546559468, 60.14349074902026
-59.61315422105395, 57.2942006061747
Holes:
Exterior:
-15.733717961265302, -138.0511385796421
-6.489327503975393, -145.65276769362418
8.22499552534573, -157.752415727013
8.224995525345804, -157.75241572701304
8.224995525345868, -157.75241572701313
8.224995525345927, -157.75241572701322
8.224995525345976, -157.75241572701327
8.224995525346019, -157.75241572701339
8.224995525346051, -157.75241572701347
8.224995525346074, -157.75241572701356
8.224995525346088, -157.75241572701367
8.224995525346094, -157.75241572701376
8.224995022861185, -157.90863122848745
8.225021339231352, -162.72157962504832
8.225021339231352, -182.51106877833962
8.224994883375393, -185.13513950084638
8.224994883375388, -185.13513950084646
8.224994883375373, -185.13513950084658
8.22499488337535, -185.13513950084666
8.224994883375318, -185.13513950084675
8.224994883375278, -185.13513950084683
8.22499488337523, -185.13513950084692
8.224994883375173, -185.135139500847
8.224994883375109, -185.1351395008471
8.224994883375038, -185.13513950084715
8.22499488337496, -185.1351395008472
8.224994883374878, -185.13513950084726
8.22499488337479, -185.1351395008473
8.2249948833747, -185.13513950084732
8.224994883374608, -185.13513950084734
8.224994883374512, -185.13513950084737
8.224994883374416, -185.13513950084737
8.224994883374318, -185.13513950084737
8.224994883374222, -185.13513950084737
8.224994883374128, -185.13513950084734
8.224994883374036, -185.13513950084732
8.224994883373949, -185.1351395008473
8.224994883373864, -185.13513950084723
8.224994883373784, -185.13513950084717
8.22499488337371, -185.13513950084712
8.224994883373643, -185.13513950084703
8.224994883373583, -185.13513950084698
8.22499488337353, -185.1351395008469
8.224994883373485, -185.1351395008468
8.22499488337345, -185.13513950084672
8.224994883373421, -185.1351395008466
8.224994883373403, -185.13513950084652
8.224994883373402, -185.13513950084652
8.224949808228931, -185.13479963552652
8.217002371581184, -185.14237519990436
8.216977412408118, -192.42599183099856
8.216977412408118, -195.38370586796032
8.217000556846278, -196.77049920836492
8.217800515720205, -198.35433176090234
8.2178005157202, -198.35433176090243
8.217800515720185, -198.35433176090254
8.21780051572016, -198.35433176090262
8.217800515720127, -198.35433176090274
8.217800515720084, -198.35433176090282
8.217800515720032, -198.3543317609029
8.217800515719972, -198.354331760903
8.217800515719905, -198.35433176090305
8.217800515719832, -198.3543317609031
8.21780051571975, -198.35433176090316
8.217800515719665, -198.35433176090322
8.217800515719574, -198.35433176090328
8.217800515719482, -198.3543317609033
8.217800515719384, -198.35433176090334
8.217800515719286, -198.35433176090334
8.217800515719187, -198.35433176090334
8.217800515719087, -198.35433176090334
2.4326268866305982, -197.67575787860514
2.4326268866305867, -197.67575787860514
-15.733706638514732, -195.33387495889133
-15.733706638514827, -195.3338749588913
-15.733706638514919, -195.33387495889127
-15.73370663851501, -195.33387495889124
-15.733706638515095, -195.33387495889122
-15.733706638515176, -195.33387495889116
-15.733706638515253, -195.3338749588911
-15.733706638515322, -195.33387495889102
-15.733706638515386, -195.33387495889096
-15.733706638515443, -195.33387495889087
-15.733706638515491, -195.3338749588908
-15.733706638515532, -195.3338749588907
-15.733706638515564, -195.33387495889062
-15.733706638515587, -195.33387495889053
-15.7337066385156, -195.33387495889042
-15.733706638515605, -195.33387495889033
-15.733706638515605, -189.55951989715743
-15.733656787328846, -172.35006801440105
-15.73365678732884, -172.35006801440093
-15.733656787328826, -172.35006801440085
-15.733656787328801, -172.35006801440076
-15.733656787328767, -172.35006801440065
-15.733656787328723, -172.35006801440056
-15.733656787328671, -172.35006801440048
-15.733656787328611, -172.3500680144004
-15.733656787328544, -172.35006801440034
-15.733656787328469, -172.35006801440025
-15.733656787328387, -172.3500680144002
-15.7336567873283, -172.35006801440016
-15.73365678732821, -172.3500680144001
-15.733656787328115, -172.35006801440008
-15.733656787328018, -172.35006801440005
-15.733656787327918, -172.35006801440005
-15.733656787327819, -172.35006801440005
-15.73365678732772, -172.35006801440005
-11.338014400208055, -172.90578209987524
7.001731947710814, -175.22420851638051
-15.733655551794367, -156.52887330091616
-15.733655551794442, -156.5288733009161
-15.733655551794506, -156.52887330091602
-15.733655551794564, -156.52887330091593
-15.733655551794614, -156.52887330091588
-15.733655551794657, -156.52887330091576
-15.733655551794689, -156.52887330091568
-15.733655551794712, -156.5288733009156
-15.733655551794726, -156.52887330091548
-15.733655551794731, -156.5288733009154
-15.733690730514786, -145.67294623213616
-15.733717961266938, -138.05113857964287
-15.733717961266933, -138.05113857964278
-15.733717961266919, -138.05113857964267
-15.733717961266896, -138.05113857964258
-15.733717961266862, -138.0511385796425
-15.73371796126682, -138.05113857964238
-15.73371796126677, -138.0511385796423
-15.733717961266711, -138.05113857964224
-15.733717961266644, -138.05113857964216
-15.73371796126657, -138.0511385796421
-15.733717961266493, -138.05113857964204
-15.733717961266407, -138.051138579642
-15.733717961266318, -138.05113857964193
-15.733717961266226, -138.0511385796419
-15.73371796126613, -138.05113857964187
-15.733717961266033, -138.05113857964187
-15.733717961265935, -138.05113857964187
-15.733717961265837, -138.05113857964187
-15.73371796126574, -138.0511385796419
-15.733717961265643, -138.0511385796419
-15.733717961265551, -138.05113857964196
-15.733717961265462, -138.051138579642
-15.733717961265379, -138.05113857964204
-15.7337179612653, -138.0511385796421
-15.733717961265302, -138.0511385796421
Holes:
Exterior:
-15.733706638514604, -76.76036588466388
-15.733706638514604, -82.44585707199472
8.082142422495735, -84.37852078226922
8.224994601899652, -84.39011313170022
8.224994601899652, -61.799792971576096
8.224994883374393, -61.697089543706895
-11.081831628961595, -60.130357791210784
-15.733672311752457, -59.7528612281113
-15.733706638514604, -76.76036588466388
Holes:
Exterior:
-15.733706638514604, 83.54811447770743
-15.733672311752457, 66.42565599489727
-15.733672311752457, 60.855042339878665
8.082142422495735, 62.787678212395974
8.224994883374393, 62.79927031806274
8.224994883374393, 85.39193364095227
8.224994601899652, 85.49229458875683
-10.890298512695722, 83.94115187225077
-15.733706638514604, 83.54811447770743
Holes:
Exterior:
238.89606877458732, 132.74743896623627
247.30324775279973, 129.91346067880872
247.30324228149675, 134.4303735461071
247.30324228149675, 145.3507893415009
243.86270409737585, 146.51059450337746
234.47223724057153, 149.67614012494704
234.47223724057153, 147.32144615700773
234.4722089188549, 134.23871897252732
238.89606877458732, 132.74743896623627
Holes:
Exterior:
238.89606877458732, -104.14939973261366
247.30324775279973, -104.90418667116931
247.30325427516073, -95.87449102615055
247.30320636231107, -82.16394331047876
244.54856915910744, -81.90023601642312
234.47225083575927, -80.95250450719057
234.4722458136756, -82.66772850736264
234.4722089188549, -103.75225356250829
238.89606877458732, -104.14939973261366
Holes:
Exterior:
-15.733681739715962, -14.864513956560526
-15.733664637649099, -23.21092431183033
-15.733679051178228, -36.74195662460056
7.8244689970745185, -60.86275237713657
8.224994825558497, -61.27284410772123
8.224994825558497, -39.58890929526103
8.224995297337045, -39.39540335226003
-6.358651944694998, -24.463442721206945
-15.733681739715962, -14.864513956560526
Holes:
Exterior:
236.15587128499965, 82.21529947351999
247.30320636231107, 83.26606858521137
247.30319760694363, 87.7050766528181
247.30324775279973, 106.00631517831063
243.86270409737585, 105.69744436450237
234.4722089188549, 104.85446138563442
234.4722307928531, 96.55329161017438
234.47225083575927, 82.05467789165348
236.15587128499965, 82.21529947351999
Holes:
Exterior:
247.30321739003847, 218.0418701935477
242.17203922146774, 217.30231852922384
234.47225019105554, 216.2449822853944
234.4722254161058, 214.30206853159726
234.4722020994452, 207.25528834526637
239.08729658846642, 207.91114462903883
247.303230094353, 209.05712813016382
247.30321739003847, 213.55306719635658
247.30321739003847, 218.0418701935477
Holes:
Exterior:
247.30321739003847, -216.9397463794413
247.303230094353, -213.97996817152818
247.303230094353, -207.95492171934282
243.66266057235043, -207.43601365926668
234.4722020994452, -206.15310994471355
234.47223935059293, -209.9846714751673
234.47225019105554, -215.1427997708697
239.82337995216943, -215.90665263248286
247.30321739003847, -216.9397463794413
Holes:
Exterior:
247.30322935253878, -180.72999285603868
247.30322935253878, -167.04365365183628
243.86270409737585, -165.0937967277603
234.47223724057153, -159.77197767241447
234.47223889575423, -162.92353861549532
234.4722128067017, -179.1194312232124
243.66266057235043, -184.32763822150156
247.303230094353, -186.39081386371248
247.30322935253878, -180.72999285603868
Holes:
Exterior:
247.30322935253878, 168.14588873394635
247.303230094353, 174.56127668787892
247.303230094353, 187.49304577197933
243.66266057235043, 185.4298683038232
234.47221280670175, 180.22163647535652
234.4722089188549, 174.42189208658385
234.47223724057153, 160.87422344075637
236.6391148683718, 162.10226061982218
247.30322935253878, 168.14588873394635
Holes:
Exterior:
247.30324775279973, -139.45527330257644
247.30324775279973, -128.8112532647283
243.86270409737585, -129.97106111848456
234.4722089188549, -133.1365645721187
234.4722089188549, -137.7643288032063
234.47223724057153, -148.57390599397593
236.63910560833796, -147.84345049789195
247.30324228149675, -144.2485654209722
247.30324775279973, -139.45527330257644
Holes:
