Exterior:
15.200450351625932, -98.76950185184704
15.188387412813881, -92.95939358361888
15.187145181403025, -92.34581990838176
17.11864809073927, -92.4164814866679
17.26311195544622, -92.42176513273611
22.549624135852923, -92.61511218367522
23.279461416683716, -92.64181167201177
23.279461416683716, -91.93068337977343
23.279461416683716, -86.22457534388677
29.254223298833608, -86.44443051398876
29.9202862873326, -86.46899809555245
30.665235873913957, -86.49715724151893
30.665235873913957, -86.34423697912156
30.665287419385777, -85.6210905144789
30.665287419385777, -67.69450317439656
30.665235873913957, -66.11342147663923
30.284063681591988, -66.22752135002166
29.9202862873326, -66.33641325418435
29.679913076839966, -66.40836745814458
29.679913076839966, -66.11889433725752
29.679913076839966, -30.33941299037114
29.9202862873326, -30.431429529026186
30.665235873913957, -30.71659763252837
30.665235873913957, -30.416196559987988
30.665243707225386, -29.240996863303867
30.665243707225386, -26.007322916996355
30.665243707225386, 27.888953109124085
30.665235873913957, 29.364553878348588
30.284063681591988, 29.21863997339459
29.9202862873326, 29.079385774846404
29.770387171594052, 29.02200334961918
29.679913076839966, 28.98736923619136
29.679913076839966, 64.76685058307773
29.679913076839966, 65.0563237039648
29.770387171594052, 65.02924085453368
29.9202862873326, 64.98436950000456
30.665235873913957, 64.76137772245944
30.665235873913957, 65.03937837426803
30.665287419385777, 66.34245133436416
30.665287419385777, 84.26903867444649
30.665235873913957, 85.14511064392448
30.289678041813772, 85.13114693340849
29.9202862873326, 85.1169560450356
29.254223298833608, 85.09238675980897
23.279461416683716, 84.87253158970698
23.279461416683716, 85.58365988194532
23.279461416683716, 91.28976791783198
22.549624135852923, 91.26306842949543
17.26311195544622, 91.06964725287227
17.11864809073927, 91.0643614385428
15.187145181403025, 90.99369986025665
15.196368398831055, 95.43617106982573
15.200450351625932, 97.41745447234095
10.90116656124394, 97.26839605208957
-4.023672727282246, 96.75571208142395
-13.44416565421443, 96.38911281059444
-16.613046688826103, 96.26480603214159
-21.579520896434587, 96.08798544440522
-21.579520896434587, 89.11675100539352
-21.58622850134043, 80.26794259264916
-21.584040324166267, 74.9092688756703
-6.885028329410034, 75.45160263462886
-14.30605526380009, 72.67616329976613
-21.577137434458223, 69.95680280668604
-21.578389742503987, 61.66710752287866
-21.600862531088183, 57.9348803703227
-21.58426298701397, 53.9695702858554
-4.793658700503784, 60.2491947977148
-1.083968448791211, 61.63661257233636
4.079327139339966, 63.56767624302729
4.079327139339966, 50.0165195406977
4.079327139339966, 27.46210068150386
-1.083968448791211, 29.045940493254346
-4.793658700503784, 30.183887180527297
-14.611424678858384, 33.19551335188297
-21.58426298701397, 35.334450293726015
-21.58426298701397, 26.02667904144005
-21.59976561366875, 20.322316261862017
-16.399580283906403, 18.727154229864457
-4.793658700503784, 15.167026218613234
-15.88633700245407, 14.753974608112387
-21.594236325683937, 14.541432880690055
-21.594236325683937, -8.08479432637616
-21.594236325683937, -15.893476634869836
-4.793658700503784, -16.519069972793016
-21.59976561366875, -21.6743600160418
-21.59976561366875, -32.880387357707626
-21.58426298701397, -36.6865703418511
-4.793658700503784, -31.53600722865239
-1.9581077310077717, -30.666178196943545
4.079327139339966, -28.81414443568364
4.079327139339966, -42.36532977268232
4.079327139339966, -64.9197962911524
-1.9581077310077717, -62.66175411956583
-4.793658700503784, -61.601238551894575
-14.611424678858384, -57.92944699098069
-21.58426298701397, -55.321643045363196
-21.578389742503987, -63.019151277058434
-21.577137434458223, -71.30888865275442
-6.885028329410034, -76.80372268275396
-15.577544526685074, -76.48300418917371
-21.584040324166267, -76.26138892379541
-21.58622850134043, -81.61996439847323
-21.579520896434587, -90.46875331507243
-21.579520896434587, -97.44004992083546
-16.612509418524496, -97.61691892776456
-4.021505435141648, -98.10791160899817
14.347241090163152, -98.74026318004766
15.200450351625932, -98.76950185184704
Holes:
Exterior:
113.55366479204815, 95.69367900413675
113.58112181905699, 99.16696983477041
113.58262617171806, 101.173043997811
102.47228281549417, 100.71774172379536
88.13151799436548, 100.17253465103306
88.13349481573835, 88.33796986046897
88.14761522068807, 79.14579242652759
95.26239176331785, 79.42180952531918
113.58678146333011, 80.16083910671831
113.55450815849099, 95.29411380378373
113.55366479204815, 95.69367900413675
Holes:
Exterior:
113.55366479204815, -97.04579905226186
113.55450815849099, -96.64621263835842
113.58678146333011, -81.5128828608981
102.90449356855277, -81.07029351218753
95.26239176331785, -80.77379831134549
88.14761522068807, -80.49779841680869
88.14587868667843, -90.9021123757319
88.13151799436548, -101.5246165521855
102.47228281549417, -102.06984516891247
107.35769369730883, -102.26834714261214
113.58262617171806, -102.52516404593611
113.55366479204815, -97.04579905226186
Holes:
Exterior:
93.37283362697383, 37.248409647895066
98.0247902101504, 39.029213676123035
98.02350847611228, 50.13414734130964
98.02328290146227, 59.51707185125229
93.42853190996254, 60.89244130267231
93.37614512580558, 60.908114681782
90.24263109080573, 61.84607854258563
88.11845397295906, 62.4819193234845
88.10817104002183, 51.41404318708811
88.108595940545, 47.1961455579038
88.1196967638383, 39.19050643088041
88.11934648904332, 35.23743535651489
93.37283362697383, 37.248409647895066
Holes:
Exterior:
93.37283362697383, -38.60045340207484
90.28537704499081, -37.4186347682545
88.11934648904332, -36.58947911069466
88.108595940545, -48.54818931208357
88.10817104002183, -52.766086941267886
88.11845397295906, -60.17560237237136
88.11845397295906, -63.8339817867745
93.37614512580558, -62.260198849853786
98.02328290146227, -60.86913936929061
98.02452449134489, -51.40732114725631
98.0247902101504, -40.38125743030281
93.37283362697383, -38.60045340207484
Holes:
Exterior:
-97.89426772657623, 54.37976363297702
-97.88679805006439, 43.72357819789398
-94.49916407159742, 42.684344944199175
-97.88680526207929, 41.41734688078276
-97.88798439337972, 40.62086318124468
-97.89852775191082, 25.428294690863673
-97.2013212828623, 25.68905045182495
-97.15875981711554, 25.704967382709366
-91.30260390608044, 27.895276128272176
-88.49955392114191, 28.943602269968633
-88.49065997360628, 40.643476470143455
-88.49039803496782, 44.93160548642491
-88.49869338095448, 55.860572905196
-97.15452118307178, 58.51583272868293
-97.89790817409573, 58.74387079744943
-97.89426772657623, 54.37976363297702
Holes:
Exterior:
-88.49110574485474, -13.501219221819479
-88.49110574485474, -7.965677951574722
-88.4991197474468, 3.0051178910415954
-88.50089417653578, 5.475925747795124
-88.50269816439447, 6.422140652231061
-88.49110574485474, 12.149099173694381
-94.93399164068171, 11.936734262719899
-105.03186685566573, 11.642809158518073
-112.14974005353349, 11.457959229311573
-112.1527451658493, 10.886593411777568
-112.16920034232646, 7.75923980464823
-112.20396994198939, -0.6766089087988052
-112.1527451658493, -12.238730986683484
-112.14974005353349, -12.810018593197933
-94.93399164068171, -13.288854310844997
-88.49110574485474, -13.501219221819479
Holes:
Exterior:
-112.24871635271495, -94.40263559909296
-95.02542138719639, -94.90083497893784
-88.51561655245439, -95.1352799315734
-88.51707454385644, -82.04496985517957
-88.52633265726934, -73.85839166064682
-91.32617707894258, -73.75833946967865
-108.26810201796377, -73.13515385339923
-112.14921700824641, -72.99332124157107
-112.1489512290558, -73.94776818780983
-112.20388928918726, -80.57719389895759
-112.24871635271495, -94.40263559909296
Holes:
Exterior:
-112.24871635271495, 93.05051555096789
-112.1489512290558, 72.59564813968476
-112.14921700824641, 71.64120462685686
-103.09272424047447, 71.98092563695278
-91.32617707894258, 72.40627315498818
-88.52633265726934, 72.50632863239017
-88.52456210648882, 88.39481606316866
-88.51561655245439, 93.78323617739363
-95.02542138719639, 93.54877007104342
-98.27009334495813, 93.45259882693537
-112.24871635271495, 93.05051555096789
Holes:
Exterior:
-43.204602698648955, 13.748155100025492
-53.38757189536216, 13.342575926541429
-55.13613629228746, 13.288614037914694
-58.778329203641874, 13.153118204702395
-66.2781929839415, 12.891535450405703
-66.2781929839415, 7.434962300004438
-66.2781929839415, -14.24359354493095
-64.82763094193012, -14.304998508120699
-58.778329203641874, -14.505161958882177
-55.13613629228746, -14.64066814115753
-53.38757189536216, -14.69461968072121
-31.927602543617127, -15.516762681042149
-31.927602543617127, -4.538772000671525
-31.927602543617127, 14.164718926862367
-43.204602698648955, 13.748155100025492
Holes:
Exterior:
-43.204602698648955, -28.301665321529402
-53.38757189536216, -31.42536121827487
-59.61406451094024, -33.33532286160848
-66.27818885681802, -35.3795127955896
-66.27818885681802, -36.48942586584792
-66.2781776283988, -38.606347973942356
-66.27818742729903, -50.396502001451736
-66.27820394385992, -54.591004028036856
-64.77002610910984, -55.155054183261036
-58.778329203641874, -57.39582583499082
-53.38757189536216, -59.41188627351237
-31.927630954112487, -67.43789035238775
-31.92770123799778, -57.923675810633604
-31.92768494101142, -51.45325898269641
-37.651835409636874, -49.31248076579023
-48.95869776300367, -45.08375197962895
-31.92768494101142, -39.859442900303975
-31.92768494101142, -34.06858079805006
-31.927602543617127, -24.84243428620795
-43.204602698648955, -28.301665321529402
Holes:
Exterior:
113.61016027871267, -3.801919035131019
113.59087609783376, -0.675642945143452
113.55592028852504, 13.865765133108848
113.56774780576052, 20.12714365640266
110.23232605973374, 19.983932044250672
100.74365575625734, 19.5594445526673
88.12562069883245, 19.01714803367449
88.12562069883245, -1.1543279770399326
88.12562069883245, -20.369229516864973
100.74365575625734, -20.911488306847083
107.22351565061717, -21.206787761006833
110.23232605973374, -21.335975798430447
113.56774780576052, -21.479187410582433
113.61016027871267, -3.801919035131019
Holes:
Exterior:
-97.88793665945752, -45.86086041955273
-97.89790817409573, -60.09591849273454
-97.15452118307178, -59.8678825367032
-91.25529700290406, -58.05829003564349
-88.49869338095448, -57.21269295332109
-88.49039803496782, -46.283670022402994
-88.49065997360628, -41.99552022432322
-88.49955477176138, -34.328110059791975
-88.49955392114191, -30.295646024148414
-97.15875981711554, -27.057011136889148
-97.89852775191082, -26.780338445043455
-97.89464132996397, -31.47797198481058
-97.88680526207929, -42.769390634962534
-94.49916407159742, -44.03638869837895
-97.88679805006439, -45.07562195207375
-97.88793665945752, -45.86086041955273
Holes:
Exterior:
-53.38757189536216, -75.0895622922233
-58.95609028948763, -74.88814338180151
-66.27817349318968, -74.6259712474979
-66.27817349318968, -75.3693567882937
-66.27820394385992, -83.04381084745147
-58.778329203641874, -83.29984817022395
-55.13613629228746, -83.42742689375814
-53.38757189536216, -83.4861350168434
-31.927602543617127, -84.25014001045317
-31.927630954112487, -79.17488245128808
-31.927630954112487, -75.8851153747903
-43.4638315981141, -75.46194696947202
-53.38757189536216, -75.0895622922233
Holes:
Exterior:
-53.38757189536216, 30.073317464095087
-31.927602543617127, 23.49039053202817
-31.927602543617127, 32.354458893891355
-31.92768494101142, 38.50732285217888
-37.651835409636874, 40.2632269383643
-48.95869776300367, 43.73163193150386
-31.92768494101142, 50.10116835519878
-31.92770123799778, 56.57155576250852
-31.927630954112487, 66.0858000953218
-43.4638315981141, 61.771321328687264
-53.38757189536216, 58.0598425193326
-58.778329203641874, 56.0437501752724
-66.27820394385992, 53.23888397991177
-66.27820394385992, 51.73646042538146
-66.27818742729903, 49.04438195332665
-66.2781776283988, 37.25428782579605
-66.27818885681802, 34.02746904140982
-59.61406451094024, 31.983279107428697
-53.38757189536216, 30.073317464095087
Holes:
Exterior:
-53.38757189536216, 82.13403028612213
-55.13613629228746, 82.07531719469613
-58.778329203641874, 81.94772812209888
-66.27820394385992, 81.6916907993264
-66.27817349318968, 74.0173062214383
-66.27817349318968, 73.2739206806425
-64.84354291465945, 73.32652219068018
-58.95609028948763, 73.536056291389
-53.38757189536216, 73.73745756150203
-31.927630954112487, 74.53302511772435
-31.927602543617127, 79.44620798183185
-31.927602543617127, 82.89814129063501
-53.38757189536216, 82.13403028612213
Holes:
Exterior:
66.43884198413184, 78.26953039830565
73.84085885071988, 78.5600882361868
73.84090257858804, 84.93306291183754
73.84090257858804, 86.77845238185023
65.92477490575368, 86.46922812221436
61.03926321019753, 86.28752881875437
61.03926321019753, 81.42070659804811
61.03922126626048, 78.05176147260029
66.43884198413184, 78.26953039830565
Holes:
Exterior:
66.19062443550831, -19.432276366304993
73.84088646537066, -19.756979006213847
73.84088646537066, 1.5174532977548136
73.84088646537066, 18.40489542905254
66.05530321902927, 18.064736233736784
61.039243183445706, 17.853748078990918
61.039243183445706, -1.1556937347808605
61.039243183445706, -19.205829145141724
66.19062443550831, -19.432276366304993
Holes:
Exterior:
66.19062443550831, 26.843161524098942
73.84088646537066, 29.77168851402364
73.84084084431299, 42.55613209073734
73.84083196703102, 45.892338567100865
65.92477490575368, 42.862076048433934
61.03926321019753, 40.99182634756516
61.03926321019753, 31.43111949879982
61.039243183445706, 24.87123434139725
66.19062443550831, 26.843161524098942
Holes:
Exterior:
73.84083196703102, -53.18924260629762
65.92477490575368, -55.55881276883513
61.03926321019753, -57.02127692099287
61.03926321019753, -65.86905736741672
61.03922126626048, -71.93975866288415
66.40376300032631, -70.3339836951519
73.8408666577426, -68.10779071574136
73.84083196703102, -56.17272692898298
73.84083196703102, -53.18924260629762
Holes:
Exterior:
73.84083196703102, -47.24439757894824
73.8408666577426, -38.65726027989776
73.84088646537066, -31.123732268203423
66.05530321902927, -28.14343660790499
61.039243183445706, -26.223278095577033
61.039243183445706, -34.10714832517255
61.03926321019753, -42.34387010174493
71.0568680066591, -46.17864048526436
73.84083196703102, -47.24439757894824
Holes:
Exterior:
73.84083196703102, 51.837183594450245
73.8408666577426, 59.78402157281979
73.8408666577426, 66.75571130803935
65.92477490575368, 69.12525796455658
61.03922126626048, 70.58767723893942
61.03922126626048, 63.03510500803501
61.03926321019753, 55.66923316681309
71.0568680066591, 52.67056888359627
73.84083196703102, 51.837183594450245
Holes:
Exterior:
73.84085885071988, -79.91212657639592
65.92477490575368, -79.5943239949349
61.03922126626048, -79.40384289654502
61.03922126626048, -83.55829836206772
61.03926321019753, -87.63966306879635
65.92477490575368, -87.82136623127474
73.84090257858804, -88.13049613603002
73.84085885071988, -83.74939120370065
73.84085885071988, -79.91212657639592
Holes:
