Exterior:
-129.9464452575633, 98.34928170823152
-150.54901755435748, 96.49971511971394
-150.54903309524633, 89.31756159483037
-150.54901536155666, 83.95039956152365
-150.54902829385895, 78.16768332612303
-150.54902829385895, 73.69739212920221
-129.9060646714815, 75.51200836926131
-129.90427999849823, 75.51217781510772
-129.90250612964707, 75.51233403644196
-126.64961130532657, 75.8022221726886
-126.62944789452735, 82.12451186793069
-126.65763211215307, 98.6445348414545
-129.9464452575633, 98.34928170823152
Holes:
Exterior:
-129.9464452575633, -99.3756641883928
-126.65763211215307, -99.67090671466578
-126.62944789452735, -83.15088375930264
-126.64044272160805, -78.80838732994788
-126.64045291035762, -78.80770229742484
-126.64045485339199, -78.80700568901462
-126.64961130532657, -76.82860904570792
-148.5294405154661, -74.90730721910751
-150.54902829385895, -74.72383584650018
-150.54902829385895, -79.194127043421
-150.54901536155666, -84.97682397238576
-150.54901755435748, -97.52609759987523
-141.06619983520824, -98.37743946643394
-129.9464452575633, -99.3756641883928
Holes:
Exterior:
101.12078791275422, -254.27492899775962
101.12080561816941, -249.44167869338284
101.1208617558421, -241.00443891371182
101.12089255054212, -232.0078547259081
81.20991690316856, -229.04084310447573
74.20451272908605, -227.9616924896171
71.44684771385744, -227.5555268372944
71.50925770229372, -239.86144858829678
71.56836414275841, -243.4391620935461
71.55169346291456, -244.84009382824422
71.4921430684787, -249.8260265739487
82.77914206742042, -251.49977551594287
94.19214254119328, -253.22657130780243
95.80005005850074, -253.46742798923742
97.23127051869443, -253.68185193307124
101.12078791275422, -254.27492899775962
Holes:
Exterior:
101.12079143682894, -98.85983945411046
86.26052151871983, -97.27904651132869
81.19448887435709, -96.77928973864965
71.55382941766754, -95.84699261090746
71.43844855930007, -116.93314560550684
71.44227970528834, -118.31421079175725
81.2159409382561, -119.34782205179562
101.12090523087596, -121.45283138076641
101.12085984963807, -108.21818068348736
101.12079639097539, -99.55716182340072
101.12079143682894, -98.85983945411046
Holes:
Exterior:
101.12079143682894, 97.83338532583302
101.12079639097539, 98.53070186860835
101.12090523087596, 120.42634752755585
87.41512678181351, 118.97695485202219
81.2159409382561, 118.3214273281759
71.44227970528834, 117.28786645856864
71.43844855930007, 115.90679196815861
71.48352379408817, 105.44693205621772
71.55382941766754, 94.82052663362191
86.26052151871983, 96.25260692948224
101.12079143682894, 97.83338532583302
Holes:
Exterior:
101.12078791275422, 253.24859645002644
97.23490815549934, 252.65605527900968
95.80006596034679, 252.44109281814573
94.19221365026203, 252.20018511177858
82.77909876280125, 250.47320789109384
71.49144426334101, 248.79904220467375
71.55135390062622, 243.8133092130807
71.56827906244376, 242.41267962308828
71.50919138514274, 238.8349543190054
71.44684771385744, 226.5290792436656
74.20451272908605, 226.93523371551052
101.12089255054212, 230.98139595180152
101.12080561816941, 248.41533947206213
101.12078791275422, 253.24859645002644
Holes:
Exterior:
101.12087837628098, -155.11662172350734
81.20654000325419, -142.60881670464653
71.48764402982994, -136.5045229012162
71.46925203743018, -144.90073602458168
71.49734338779678, -157.06228638307076
81.1963436765696, -163.15403868463505
101.12093687409612, -175.66843036023462
101.12087837628098, -160.9213417783341
101.12087837628098, -155.11662172350734
Holes:
Exterior:
101.12087837628098, 154.09020691983898
101.12093687409612, 173.21561345807817
101.12093687409612, 174.6420097331007
81.1963436765696, 162.1275925298604
71.49734338779678, 156.035860685242
71.5227489268351, 144.3946768109686
71.48764402982994, 135.4781022740823
85.3053963815085, 144.15678333801213
101.12087837628098, 154.09020691983898
Holes:
Exterior:
101.12088850368798, 195.39167460760228
81.2185289966854, 202.78383159836827
71.4935975814297, 206.395847909089
71.47614719102529, 199.11895995063875
71.49740368406708, 190.4491957416044
81.19882898590544, 186.8459021543271
101.12093687409612, 179.44639498301103
101.12088850368798, 191.50684556251352
101.12088850368798, 195.39167460760228
Holes:
Exterior:
101.12088850368798, -196.41806638174634
101.12093687409612, -181.57950201006062
101.12093687409612, -180.47281561014495
81.19882898590544, -187.87229725696125
71.49740368406708, -191.47561130501205
71.51902814465996, -200.50204675865294
71.4935975814297, -207.42223038925027
88.22816067596642, -201.2066655851778
101.12088850368798, -196.41806638174634
Holes:
Exterior:
-130.39858015217357, -198.6435885537993
-150.5490353166752, -195.91183718816603
-150.54900621905944, -208.9081618461915
-150.54903862012878, -218.3296482727259
-133.00787355441986, -220.71701957619007
-126.67156261457245, -221.58060767295393
-126.66368028858705, -217.32617523193
-126.64675047868405, -199.17105408193046
-130.39858015217357, -198.6435885537993
Holes:
Exterior:
-137.01418045542988, 121.45752094491421
-129.93286382190087, 125.47051968203763
-126.67169139192453, 127.31868915448098
-126.6374342184842, 144.30247588469328
-126.64413206093258, 146.68203903982695
-129.90749746533828, 144.83263117199735
-150.54901450688186, 133.1347569877538
-150.54903642121707, 125.17066252642223
-150.54903642121707, 113.78692412157618
-137.0178531791209, 121.45539252846541
-137.01418045542988, 121.45752094491421
Holes:
Exterior:
-137.23580518643274, 196.7315827977661
-129.93425471102177, 197.70594518715612
-126.64675047868405, 198.14464336540266
-126.66390952009868, 216.30040092852582
-126.67180189625884, 220.5546355999482
-139.95870832928284, 218.7527250482679
-150.54903862012878, 217.3032508856623
-150.54904984301442, 214.89498249661392
-150.5490353166752, 194.88541656103212
-137.23580518643274, 196.7315827977661
Holes:
Exterior:
151.0868406102174, -248.49925120719777
161.70141002290433, -250.1163116972027
161.70141154583945, -247.84730142035048
161.70141154583945, -241.14994691317114
158.9424815423775, -240.7264351268455
148.81583401733843, -239.19907489906166
148.81584408793123, -241.67003766834836
148.81585047132234, -248.13797874703135
151.0868406102174, -248.49925120719777
Holes:
Exterior:
-126.63838650873191, -155.26753173229386
-126.64406098605929, -153.5180982684616
-129.90910167610133, -154.61874466295097
-150.54901450688186, -161.57641308077098
-150.54903843074425, -168.25973124651006
-150.54903843074425, -177.0137914631773
-136.03436562386952, -172.1208719285132
-129.9622196269034, -170.07396894962673
-129.9604262745557, -170.07336279485216
-126.66871679166985, -168.96372411133976
-126.63838650873191, -155.26753173229386
Holes:
Exterior:
247.96790387266844, -263.5907671370423
255.97361898647907, -264.85955338958087
256.1098074485409, -264.88153539736066
256.1098074485409, -255.75387058807985
256.1098074485409, -255.7419128717975
255.99390164421757, -255.72345735336188
256.1098074485409, -255.67715800592654
256.1098073082484, -255.65207437198913
256.1098073082484, -239.29387236196874
256.0928806823875, -239.30063384161448
255.97361898647907, -239.34827381847097
254.06580105828004, -240.11035920883063
254.06580105828004, -203.46858592313143
254.06580105828007, -155.99422456527594
255.97361898647907, -157.29931938732028
256.1098073082484, -157.3924816417858
256.1098074485409, -157.36480001218206
256.1098086175929, -156.80887600175825
256.1098086175929, -116.35481385737597
256.1098072557014, -115.75419752504338
256.07716054760374, -115.75039797965246
255.97361898647907, -115.73830405132689
254.60425851796626, -115.5816662738439
233.4830655757167, -113.18541933111034
228.4658254723426, -112.616310136565
228.46582547234254, -147.6914419855789
228.4658254723426, -149.11922456527594
228.4658254723426, -152.48228785687377
228.46582547234254, -235.0998306443775
228.4658254723426, -259.5020865972797
228.4658254723426, -260.4954147508228
228.89478611639925, -260.56357763663004
228.9384681181062, -260.57050219748857
244.20454781523796, -262.9953772757098
244.9934608639368, -263.1201638324748
247.96790387266844, -263.5907671370423
Holes:
Exterior:
247.96790387266844, 262.5643756262252
244.9934608639368, 262.0937493092713
244.20454781523796, 261.9689566485759
228.9384681181062, 259.5441185717936
228.46582547234254, 259.46903227066156
228.4658254723426, 235.06670300799126
228.46582547234254, 234.07337187027093
228.4658254723426, 151.45597570230336
228.46582547234254, 148.09291837906
228.4658254723426, 113.01771322027801
228.4658254723426, 111.58992765640375
229.31592300969663, 111.68635103820442
233.4830655757167, 112.15901442211664
254.69319752887176, 114.56542228314144
255.97361898647907, 114.71188262161867
256.1098072557014, 114.72777676398515
256.1098086175929, 115.3283942565851
256.1098086175929, 155.78253064222662
256.1098073082484, 156.36613725019254
256.0928806823875, 156.35455829647455
255.97361898647907, 156.27297505413168
254.06580105828004, 154.96788023208734
254.06580105828007, 191.60962028343192
254.06580105828007, 239.0839385816967
255.97361898647907, 238.32181544565157
256.1098073082484, 238.26741370467147
256.1098074485409, 238.2883213599552
256.1098074485409, 254.65077547708387
256.0928806823875, 254.65753693378952
255.99390164421757, 254.69707487320062
256.1098074485409, 254.7155303429548
256.1098074485409, 263.8431951522356
256.1098074485409, 263.85515286851796
255.97361898647907, 263.83317131070675
247.96790387266844, 262.5643756262252
Holes:
Exterior:
266.97520149043135, 163.79878395215692
256.20132018269044, 156.42873822846636
256.201458229726, 156.38135555148554
256.20082338405393, 155.38651905233363
256.20082338405393, 115.81068177162939
256.2011940914798, 114.73837299348408
263.6499574514811, 115.6119112408554
288.2576082266219, 118.4972895870976
288.2563266516908, 119.35677131618428
288.2523860902164, 140.98086029456303
283.25581418985087, 140.36617688764647
262.36844175553153, 137.7966015917195
260.30191556023317, 137.542381269685
268.0308778202913, 142.82951444385282
269.168624627346, 143.607809201953
269.16222387026994, 146.29536770609707
269.1767429008828, 165.30478729705456
266.97520149043135, 163.79878395215692
Holes:
Exterior:
266.97520149043135, -234.9535946050687
256.20132018269044, -239.25731679307086
256.2014248202016, -239.2947092614897
256.2014248202016, -255.64056083509118
267.49469039031993, -251.12939049842862
269.1794590699085, -250.45639840023443
269.1850121635122, -236.74146701266082
269.1767429008828, -234.07417105021037
266.97520149043135, -234.9535946050687
Holes:
Exterior:
-271.70221535084323, 63.93954238560146
-271.70221535084323, 63.939542385601456
-271.7092137544284, 63.938940559419265
-271.7092137544285, 63.93894055941926
-271.70921375442856, 63.938940559419265
-271.7092137544287, 63.93894055941928
-271.7092137544288, 63.9389405594193
-271.70921375442884, 63.93894055941933
-271.70921375442896, 63.93894055941937
-271.7092137544291, 63.93894055941942
-271.70921375442913, 63.93894055941948
-271.7092137544292, 63.93894055941954
-271.70921375442924, 63.93894055941961
-271.7092137544293, 63.93894055941969
-271.70921375442936, 63.93894055941978
-271.7092137544294, 63.93894055941986
-271.70921375442947, 63.938940559419954
-271.70921375442947, 63.938940559420054
-271.70921375442947, 63.938940559420146
-271.7092137544295, 63.938940559420246
-271.70930927920364, 63.94447343201546
-271.70930927920364, 63.94447343201547
-271.70925382117656, 63.969471574691326
-271.7092413642735, 63.99777415254313
-271.7092095394766, 64.24779777603139
-271.70632626643663, 86.5786681863538
-271.70632626643663, 86.5786681863539
-271.7063262664366, 86.578668186354
-271.7063262664366, 86.5786681863541
-271.7063262664365, 86.5786681863542
-271.70632626643646, 86.57866818635428
-271.7063262664364, 86.57866818635436
-271.70632626643635, 86.57866818635445
-271.7063262664363, 86.57866818635452
-271.70632626643624, 86.57866818635458
-271.7063262664361, 86.57866818635465
-271.70632626643606, 86.57866818635469
-271.70632626643595, 86.57866818635473
-271.7063262664359, 86.57866818635476
-271.7063262664358, 86.57866818635478
-271.70632626643567, 86.57866818635479
-271.6837066979458, 86.58034751337847
-265.058887210592, 87.0723639946596
-265.05888789439604, 90.52568337614812
-265.05888789439604, 179.45927982328365
-265.0591925084671, 179.459655567943
-265.0593107110786, 179.4597999014003
-271.7023676999856, 178.59525218238562
-271.7106933522344, 178.59416870217737
-271.7106933522345, 178.59416870217737
-271.71069335223456, 178.59416870217737
-271.71069335223467, 178.59416870217737
-271.7106933522348, 178.5941687021774
-271.7106933522349, 178.59416870217743
-271.71069335223496, 178.59416870217748
-271.71069335223507, 178.59416870217754
-271.7106933522351, 178.5941687021776
-271.7106933522352, 178.59416870217765
-271.7106933522353, 178.59416870217774
-271.71069335223535, 178.5941687021778
-271.71069335223535, 178.59416870217788
-271.7106933522354, 178.59416870217797
-271.71069335223547, 178.59416870217808
-271.71069335223547, 178.59416870217817
-271.7106933522355, 178.59416870217828
-271.7106933522355, 178.59416870217837
-271.74497175471976, 201.41393334588602
-271.7450108129685, 201.4400153066535
-271.7450872547684, 201.45859031909833
-271.7450872547684, 201.45859031909842
-271.74508725476835, 201.45859031909853
-271.74508725476835, 201.45859031909862
-271.7450872547683, 201.4585903190987
-271.7450872547683, 201.4585903190988
-271.74508725476824, 201.45859031909887
-271.7450872547682, 201.45859031909896
-271.7450872547681, 201.45859031909905
-271.745087254768, 201.4585903190991
-271.74508725476795, 201.45859031909916
-271.74508725476784, 201.45859031909922
-271.7450872547678, 201.45859031909924
-271.74508725476767, 201.4585903190993
-271.7450872547676, 201.4585903190993
-271.7450872547675, 201.45859031909933
-271.71887840577557, 201.4618282078501
-271.710517173558, 201.46288777191714
-262.0733537287056, 202.66092361548948
-248.81469949775493, 204.36419850540364
-248.81469949775484, 204.36419850540364
-248.81469949775473, 204.36419850540364
-248.81469949775465, 204.36419850540364
-248.81469949775453, 204.3641985054036
-248.81469949775445, 204.36419850540358
-248.81469949775436, 204.36419850540352
-248.81469949775428, 204.36419850540346
-248.8146994977542, 204.3641985054034
-248.8146994977541, 204.36419850540335
-248.81469949775405, 204.36419850540327
-248.814699497754, 204.3641985054032
-248.81469949775394, 204.36419850540312
-248.8146994977539, 204.36419850540304
-248.81469949775385, 204.36419850540292
-248.81469949775385, 204.36419850540284
-248.81469949775382, 204.36419850540273
-248.81469949775382, 204.36419850540264
-248.81456039274926, 204.21179507165556
-248.81692414578376, 201.45354543953667
-248.82009082844942, 197.75909282146088
-248.82009082844942, 191.15028919753354
-234.23665865851788, 193.02665708755697
-234.23665865851788, 199.63764188980218
-234.23665865851788, 199.63764188980227
-234.23665865851788, 199.63764188980238
-234.23665865851785, 199.63764188980247
-234.23665865851783, 199.63764188980255
-234.23665865851777, 199.63764188980264
-234.23665865851774, 199.63764188980272
-234.23665865851768, 199.6376418898028
-234.2366586585176, 199.63764188980286
-234.23665865851754, 199.63764188980295
-234.23665865851746, 199.637641889803
-234.2366586585174, 199.63764188980304
-234.2366586585173, 199.6376418898031
-234.2366586585172, 199.63764188980312
-234.23665865851711, 199.63764188980315
-234.23665865851703, 199.63764188980318
-229.40713679379834, 200.2679392324823
-202.04261978913766, 203.8393291187528
-193.93422945929828, 204.89761350845552
-193.93422945929817, 204.89761350845552
-193.93422945929808, 204.89761350845552
-193.93422945929797, 204.89761350845552
-193.93422945929788, 204.8976135084555
-193.9342294592978, 204.89761350845546
-193.93422945929768, 204.8976135084554
-193.9342294592976, 204.89761350845538
-193.9342294592975, 204.89761350845532
-193.93422945929746, 204.89761350845524
-193.93422945929737, 204.89761350845518
-193.9342294592973, 204.8976135084551
-193.93422945929726, 204.897613508455
-193.93422945929723, 204.89761350845492
-193.93422945929717, 204.8976135084548
-193.93422945929717, 204.89761350845473
-193.93422945929714, 204.89761350845464
-193.93422945929714, 204.89761350845453
-193.93422945929714, 108.54765951958336
-193.93422945929714, 108.54765951958326
-193.93422945929714, 108.54765951958316
-193.93422945929714, 108.54763029312268
-193.93422945929714, 108.54763029312258
-193.93422945929714, 108.54763029312248
-193.93422945929714, 69.9998092482006
-193.93422945929714, 69.9998092482005
-193.93422945929717, 69.9998092482004
-193.93422945929717, 69.99980924820031
-193.93422945929723, 69.99980924820022
-193.93422945929726, 69.99980924820014
-193.9342294592973, 69.99980924820005
-193.93422945929737, 69.99980924819997
-193.93422945929743, 69.9998092481999
-193.9342294592975, 69.99980924819982
-193.9342294592976, 69.99980924819977
-193.93422945929768, 69.99980924819972
-193.93422945929777, 69.99980924819968
-193.93422945929785, 69.99980924819964
-193.93422945929797, 69.99980924819963
-193.93422945929805, 69.99980924819961
-202.54757354388195, 69.29581746845011
-221.43667086554714, 67.7519607374575
-221.43667086554714, -68.7784195115641
-204.11784457529401, -70.19388572373519
-193.93422945929805, -71.0261917283609
-193.93422945929797, -71.02619172836091
-193.93422945929785, -71.02619172836093
-193.93422945929777, -71.02619172836097
-193.93422945929768, -71.02619172836101
-193.9342294592976, -71.02619172836106
-193.9342294592975, -71.02619172836111
-193.93422945929743, -71.02619172836118
-193.93422945929737, -71.02619172836125
-193.9342294592973, -71.02619172836134
-193.93422945929726, -71.02619172836143
-193.93422945929723, -71.02619172836151
-193.93422945929717, -71.0261917283616
-193.93422945929717, -71.0261917283617
-193.93422945929714, -71.0261917283618
-193.93422945929714, -71.0261917283619
-193.93422945929714, -205.92403413558844
-193.93422945929714, -205.92403413558856
-193.93422945929717, -205.92403413558864
-193.93422945929717, -205.92403413558873
-193.93422945929723, -205.92403413558884
-193.93422945929726, -205.92403413558893
-193.9342294592973, -205.924034135589
-193.93422945929737, -205.9240341355891
-193.93422945929746, -205.92403413558915
-193.9342294592975, -205.92403413558924
-193.9342294592976, -205.9240341355893
-193.93422945929768, -205.92403413558932
-193.9342294592978, -205.92403413558938
-193.93422945929788, -205.9240341355894
-193.93422945929797, -205.92403413558944
-193.93422945929808, -205.92403413558944
-193.93422945929817, -205.92403413558944
-193.93422945929828, -205.92403413558944
-202.04261978913766, -204.86571234935715
-229.40713679379834, -201.29437474523704
-234.23665865851703, -200.66410066390975
-234.23665865851711, -200.66410066390972
-234.2366586585172, -200.6641006639097
-234.2366586585173, -200.66410066390966
-234.2366586585174, -200.6641006639096
-234.23665865851746, -200.66410066390958
-234.23665865851754, -200.66410066390952
-234.2366586585176, -200.66410066390944
-234.23665865851768, -200.66410066390938
-234.23665865851774, -200.6641006639093
-234.23665865851777, -200.6641006639092
-234.23665865851783, -200.66410066390912
-234.23665865851785, -200.66410066390904
-234.23665865851788, -200.66410066390895
-234.23665865851788, -200.66410066390884
-234.23665865851788, -200.66410066390875
-234.23665865851788, -194.05300142074557
-248.82009082844942, -192.17667049984618
-248.82009082844942, -198.78555159556745
-248.81692414578376, -202.47996153897637
-248.81469949775382, -205.39058158710932
-248.81469949775382, -205.3905815871094
-248.81469949775385, -205.39058158710952
-248.81469949775385, -205.3905815871096
-248.8146994977539, -205.39058158710972
-248.81469949775394, -205.3905815871098
-248.814699497754, -205.3905815871099
-248.81469949775405, -205.39058158710995
-248.8146994977541, -205.39058158711003
-248.8146994977542, -205.3905815871101
-248.81469949775428, -205.39058158711015
-248.81469949775436, -205.3905815871102
-248.81469949775445, -205.39058158711026
-248.81469949775453, -205.3905815871103
-248.81469949775465, -205.39058158711032
-248.81469949775473, -205.39058158711032
-248.81469949775484, -205.39058158711032
-248.81469949775493, -205.39058158711032
-271.710517173558, -202.48930839905105
-271.7450872547675, -202.48501093734302
-271.7450872547676, -202.485010937343
-271.74508725476767, -202.485010937343
-271.7450872547678, -202.48501093734293
-271.74508725476784, -202.4850109373429
-271.74508725476795, -202.48501093734285
-271.745087254768, -202.4850109373428
-271.7450872547681, -202.48501093734274
-271.7450872547682, -202.48501093734265
-271.74508725476824, -202.48501093734257
-271.7450872547683, -202.48501093734248
-271.7450872547683, -202.4850109373424
-271.74508725476835, -202.4850109373423
-271.74508725476835, -202.48501093734222
-271.7450872547684, -202.4850109373421
-271.7450872547684, -202.48501093734203
-271.7450759145583, -202.47864012719984
-271.7450108129685, -202.4664359030305
-271.74497175471976, -202.4403538987476
-271.7106933522355, -179.62055118233963
-271.7106933522355, -179.62055118233954
-271.71069335223547, -179.62055118233943
-271.71069335223547, -179.62055118233934
-271.7106933522354, -179.62055118233923
-271.71069335223535, -179.62055118233914
-271.71069335223535, -179.62055118233906
-271.7106933522353, -179.620551182339
-271.7106933522352, -179.62055118233891
-271.7106933522351, -179.62055118233886
-271.71069335223507, -179.6205511823388
-271.71069335223496, -179.62055118233874
-271.7106933522349, -179.6205511823387
-271.7106933522348, -179.62055118233866
-271.71069335223467, -179.62055118233863
-271.71069335223456, -179.62055118233863
-271.7106933522345, -179.62055118233863
-271.7106933522344, -179.62055118233863
-271.7023676999856, -179.62163466254688
-265.0593107110786, -180.4861083000112
-265.05888789439604, -180.4855888939703
-265.05888789439604, -91.55206585630941
-265.058887210592, -88.09874647482089
-271.6837066979458, -87.60672999353976
-271.70632626643567, -87.60505066651608
-271.7063262664358, -87.60505066651606
-271.7063262664359, -87.60505066651605
-271.70632626643595, -87.60505066651602
-271.70632626643606, -87.60505066651598
-271.7063262664361, -87.60505066651594
-271.70632626643624, -87.60505066651587
-271.7063262664363, -87.60505066651581
-271.70632626643635, -87.60505066651574
-271.7063262664364, -87.60505066651565
-271.70632626643646, -87.60505066651557
-271.7063262664365, -87.60505066651548
-271.7063262664366, -87.60505066651538
-271.7063262664366, -87.60505066651528
-271.70632626643663, -87.60505066651518
-271.70632626643663, -87.60505066651508
-271.7092095394766, -65.27425550948605
-271.7092413642735, -65.02423292664973
-271.70925382117656, -64.99593013995293
-271.7092137544295, -64.96539820608926
-271.7092137544295, -64.96539820608916
-271.70921375442947, -64.96539820608906
-271.70921375442947, -64.96539820608896
-271.7092137544294, -64.96539820608888
-271.70921375442936, -64.96539820608879
-271.70921375442936, -64.96539820608871
-271.7092137544293, -64.96539820608862
-271.7092137544292, -64.96539820608855
-271.70921375442913, -64.96539820608848
-271.7092137544291, -64.96539820608842
-271.70921375442896, -64.96539820608838
-271.7092137544289, -64.96539820608834
-271.7092137544288, -64.9653982060883
-271.7092137544287, -64.96539820608828
-271.70921375442856, -64.96539820608827
-271.7092137544285, -64.96539820608827
-271.7092137544284, -64.96539820608827
-271.70221535084323, -64.96600107889357
-267.538776529186, -65.32416807971086
-267.53877652918607, -65.32416807971086
-265.0775872225669, -65.49286942323961
-265.0707201786361, -65.26281644284212
-265.07072017863607, -65.26281644284202
-265.07072017863607, -65.26281644284192
-265.07072017863607, -65.26281644284184
-265.070720178636, -65.26281644284174
-265.07072017863595, -65.26281644284165
-265.0707201786359, -65.26281644284157
-265.07072017863584, -65.2628164428415
-265.07072017863584, -65.26281644284151
-265.05888789439604, -65.24868811705554
-265.05888789439604, 64.22215881794494
-265.0707201786359, 64.23643396268022
-265.07072017863595, 64.23643396268031
-265.070720178636, 64.2364339626804
-265.070720178636, 64.23643396268048
-265.07072017863607, 64.23643396268056
-265.07072017863607, 64.23643396268065
-265.07072017863607, 64.23643396268075
-265.0707201786361, 64.23643396268083
-265.0775872225669, 64.46648694307831
-271.70221535084323, 63.93954238560146
Holes:
-264.33294161750126, 86.9748306105053
-264.33294161750126, 87.10973680936229
-264.33294161750126, 97.21920676152894
-264.33294161750126, 179.55432890152093
-258.4163124368608, 180.33645137602807
-258.4163124368608, 124.15755039527444
-258.4163010172112, 87.45540261065204
-264.33294161750126, 86.9748306105053
-264.33294161750126, -0.513191240080632
-264.33294161750126, 6.562199721301208
-264.33294161750126, 64.28112028335686
-258.4163010172112, 64.7616922835036
-258.4163010172112, 12.705321015009135
-258.4163010172112, -0.513191240080632
-258.4163010172112, -52.569685099149794
-258.4163010172112, -65.78822735155552
-259.486545875433, -65.70129800314501
-264.33294161750126, -65.30765535140877
-264.33294161750126, -58.23224772777746
-264.33294161750126, -0.513191240080632
-264.33294161750126, -180.58063508773688
-264.33294161750126, -170.4711817978197
-264.33294161750126, -88.13612762064831
-264.33294161750126, -88.0012893846119
-260.2289487099469, -88.3346312610941
-258.4163010172112, -88.48186138475864
-258.4163124368608, -125.1839791719709
-258.4163124368608, -181.36278755965415
-264.33294161750126, -180.58063508773688
Exterior:
269.168624627346, -144.63419908216324
268.0308778202913, -143.85590018112813
260.30191556023317, -138.56876374984625
262.36844175553153, -138.82298407188077
288.2523860902164, -142.0072257985194
288.23906150773894, -131.957293116143
288.2565694137903, -120.38297055816689
288.25756996971745, -120.0601067955628
288.25786395656644, -119.5239925639851
272.19363666698797, -117.62995335981576
256.2011940914798, -115.76479314098532
256.20082338405393, -116.83710056649487
256.20082338405393, -156.41286521779068
256.20132018269044, -157.45508266617279
256.24509653706014, -157.48502866714995
269.1767429008828, -166.3311390555047
269.187679445909, -162.9795812124212
269.168624627346, -144.63419908216324
Holes:
Exterior:
149.22765688706073, 102.88549873494415
161.7014032359346, 104.26507120742406
161.7014032359346, 121.37686740379755
161.70142063304223, 126.83278502251869
159.09609499632387, 126.55727222738804
148.8158423618127, 125.47012488405855
148.8158138534489, 103.40328772144215
148.81581552683775, 102.83999050749026
149.22765688706073, 102.88549873494415
Holes:
Exterior:
288.35338397664987, 282.5744823591926
272.73850224699606, 280.01085173390567
267.5035025069743, 279.1321942079384
256.2426807412778, 277.3461328857688
256.2009876763908, 263.97045921830176
256.20135242819117, 263.84578278193794
256.20135242819117, 254.73005570522264
267.30712460724044, 256.49566776846075
278.9907141733546, 258.353142093278
288.0440654691655, 259.7561618615241
288.2088810239094, 259.7827731028889
288.2107715299659, 260.21245895344083
288.3199758152749, 273.55504567742577
288.35338397664987, 282.5744823591926
Holes:
Exterior:
288.35338397664987, -283.6009143881366
288.2107715299659, -261.23887958057475
288.2088810239094, -260.8091937300228
288.0440654691655, -260.782582488658
267.30712460724044, -257.5220556207472
256.20135242819117, -255.75643828389266
256.2009876763908, -255.92608424753558
256.2009876763908, -264.996841698463
256.2184611105712, -269.0144173409332
256.2426807412778, -278.3724923674345
267.5035025069743, -280.15860376250566
288.35338397664987, -283.6009143881366
Holes:
Exterior:
-126.64413206093258, -147.70842755790773
-126.68009198382111, -129.86825567317047
-126.67169139192453, -128.3450763241462
-137.27012149261037, -122.33883004180696
-150.54903642121707, -114.81336719303357
-150.54901450688186, -125.33999566901588
-150.54901450688186, -134.16114283091008
-130.21666014380747, -145.68387196145605
-130.21473638486367, -145.684978421466
-130.21282421025086, -145.68605385930522
-129.90393949078128, -145.86103208247454
-126.64413206093258, -147.70842755790773
Holes:
Exterior:
-138.35291853793632, 171.8760751265062
-150.54903843074425, 175.9873657193327
-150.54901450688186, 167.58823466555677
-150.54901450688186, 160.54997506164824
-130.21666014380747, 153.695973081507
-130.21473638486367, 153.69531711173363
-130.21282421025086, 153.69468996159475
-129.9055421603087, 153.5910950891433
-126.64406098605929, 152.49164553557443
-126.67561628905565, 166.70780884690686
-126.66871679166985, 167.93730784400918
-138.35291853793632, 171.8760751265062
Holes:
Exterior:
-166.68647661889378, 95.05099352276655
-176.11887662118573, 94.20421249824058
-176.11887662118573, 90.55053333091409
-176.11893993933626, 90.54396648020033
-176.11890782231154, 90.5374125262389
-176.11890257652948, 90.50192544689853
-176.1188920650281, 71.534766266119
-172.0767022219281, 71.89416664217136
-162.6147404298328, 72.65625937739766
-162.61475149442202, 74.36073260954828
-162.614770245246, 95.4165394503578
-166.68647661889378, 95.05099352276655
Holes:
Exterior:
256.24509653706014, 238.21337144801754
269.1767429008828, 233.047757848338
269.1850121635122, 235.7150463855269
269.1794590699085, 249.43001038202652
256.23689303852973, 254.60001023624045
256.2014248202016, 254.6141782677684
256.2014248202016, 238.26825057454462
256.20132018269044, 238.23085822799993
256.24509653706014, 238.21337144801754
Holes:
Exterior:
-176.1189479832388, -194.24081287810714
-176.11893712756427, -195.16728761109388
-176.11889426883823, -201.68653654129787
-169.64731436445942, -202.55631192310878
-162.6147696906698, -203.49030369934127
-162.6147696906698, -199.3454450828349
-162.61479737850965, -194.25097922734665
-166.6919798140744, -193.67925647352143
-176.1189479832388, -192.3924663626563
-176.1189479832388, -194.24081287810714
Holes:
Exterior:
-176.1189479832388, 191.36600758854973
-173.6557028965804, 191.71234912266374
-162.61479737850965, 193.22461771353915
-162.6147696906698, 198.3190202329272
-162.6147696906698, 202.46387884943354
-168.33712411177265, 201.69153336390434
-176.11889426883823, 200.66012931975635
-176.11889994221764, 198.45930732373034
-176.1189479832388, 191.36600758854973
Holes:
Exterior:
-176.118940323598, 169.16955299860004
-172.12357366539453, 167.82272174399276
-162.6147672225174, 164.61736199673564
-162.61479085026627, 169.07907781067223
-162.61479085026627, 180.0547592378673
-166.6919798140744, 181.42920729074228
-176.118872212624, 184.60701850282717
-176.118872212624, 181.46990657042554
-176.118940323598, 169.16955299860004
Holes:
Exterior:
-176.118940323598, -173.92667240705964
-176.118872212624, -185.6334087350306
-173.50779052347167, -184.75318691680636
-162.61479085026627, -181.08114171802856
-162.6147672225174, -175.47479435194177
-162.6147672225174, -165.6437340375142
-166.6919798140744, -167.0181548414727
-176.118940323598, -170.1959446976732
-176.118940323598, -173.92667240705964
Holes:
Exterior:
-176.11890782231154, -100.32223915512742
-176.11890782231154, -103.42434893197208
-176.11889994221764, -119.67033239455486
-172.1235277611491, -121.93457621247707
-162.6147672225174, -127.32328688135516
-162.61479737850965, -122.0064018145429
-162.61479737850965, -107.97537992723758
-166.6919798140744, -105.66470372328901
-176.11890782231154, -100.32223915512742
Holes:
Exterior:
-176.11890782231154, 99.29585055867437
-174.18351026534089, 100.39270786269286
-162.61479737850965, 106.9489869638994
-162.6147672225174, 113.97543941674626
-162.6147672225174, 126.29691484057656
-166.6919798140744, 123.98628941544098
-176.11889994221764, 118.64388283938108
-176.11889994221764, 113.96815074747546
-176.11890782231154, 99.29585055867437
Holes:
Exterior:
-176.1188920650281, -72.56116734685973
-176.11887145262943, -91.54154627853383
-176.11887662118573, -95.23061326011288
-174.19070575810787, -95.40369574313355
-162.614770245246, -96.44291146197106
-162.614770245246, -90.16682849080303
-162.6148250193732, -90.16262568471875
-162.61477868173876, -88.06857333879698
-162.6147404298328, -73.68270141255132
-163.7636140074522, -73.57837893113751
-176.1188920650281, -72.56116734685973
Holes:
Exterior:
149.93869637179665, 184.75187974730326
161.70141002290433, 192.13983083290842
161.70141154583945, 197.27595073725814
161.70141154583945, 212.69155189463257
158.9424815423775, 210.9587170012877
148.81583401733843, 204.59832030847156
148.8158423618127, 199.93142156415252
148.815865246187, 184.0466496745915
149.93869637179665, 184.75187974730326
Holes:
Exterior:
149.93869637179665, -178.28603403042112
161.70141002290433, -173.9170875047479
161.70142063304223, -170.18877197139193
161.70142063304223, -157.97189100492034
159.09609499632387, -158.9395680081936
148.8158423618127, -162.7578585680593
148.8158423618127, -166.37871066555434
148.81586524618712, -178.7030840749854
149.93869637179665, -178.28603403042112
Holes:
Exterior:
158.5351262507766, 248.58819712108286
148.81585047132234, 247.1115729672606
148.8158436284076, 245.5938650226717
148.81583401733843, 238.17275955651493
152.40608963244364, 238.7225048031472
161.70141154583945, 240.12363119357425
161.70141002290433, 242.16018457343557
161.70141002290433, 249.08987000363766
158.5351262507766, 248.58819712108286
Holes:
Exterior:
148.8158138534489, -104.42974649554873
148.8158423618127, -126.4965541736424
152.18323715765706, -126.85265751380554
161.70142063304223, -127.85924379662526
161.7014032359346, -122.40330753835579
161.7014032359346, -105.29148251478381
158.9955401726789, -104.99254344776402
148.81581552683775, -103.86644726522715
148.8158138534489, -104.42974649554873
Holes:
Exterior:
152.40608963244364, -207.87969690346705
161.70141154583945, -213.71792484141292
161.70141002290433, -209.11687064178386
161.70141002290433, -193.16626000031312
159.09609499632387, -191.52989220056946
148.81586524618712, -185.0730673500381
148.81586223902463, -186.77272070230498
148.81583401733843, -205.62472262294395
152.40608963244364, -207.87969690346705
Holes:
Exterior:
148.8158423618127, 161.7314587629982
152.18323715765706, 160.48073063997722
161.70142063304223, 156.94546145822125
161.70141002290433, 160.51526874998837
161.70141002290433, 172.89069249842632
159.09609499632387, 173.8583607824584
148.81586524618712, 177.67666639953882
148.81586524618712, 176.44287290650246
148.8158423618127, 161.7314587629982
Holes:
