Exterior:
180.86938145653204, -401.97469872650055
180.87060860710642, -401.9751089794417
181.09287009634068, -402.04357408261814
181.111766639444, -402.0488002875647
181.266291200963, -402.08819434847027
181.27638539425237, -402.0909966753674
181.48415340150376, -402.1439186554371
181.6902725007065, -402.19635614585246
181.70758677720727, -402.20079371156925
181.71793852685056, -402.2031091514795
182.10403275492035, -402.2825697084993
182.12337585149692, -402.2869076511472
182.14899026836179, -402.29221955522416
182.35221136024205, -402.33407064453434
182.3534891041367, -402.3342953041229
182.58695177056978, -402.37158053777557
182.60797734541046, -402.37526623432814
182.77560712659175, -402.40199039175394
182.78353683831574, -402.40338030311307
183.01807880204882, -402.4408910753935
183.04880101889466, -402.4448557509228
183.46093834913904, -402.4922739062528
183.54314913838755, -402.5018211014925
183.69522071989792, -402.51931674946974
183.6991039107677, -402.5196533970891
184.12435420052293, -402.5505102824269
184.15099594389284, -402.55277467378295
184.3737842210076, -402.5688231346177
184.4918618443374, -402.57247297871066
184.50750149065846, -402.5731299724116
184.83433808540025, -402.5829845314142
184.84910583272546, -402.58361610243446
185.04461169490452, -402.5896023369071
185.18439460865739, -402.58843492852367
185.19946079435385, -402.5884349999079
185.53517322352735, -402.58522263289166
185.55010121325398, -402.5852226499643
185.6341116734223, -402.5844922203036
185.6484023148974, -402.5838830666504
185.88684980496356, -402.5724873842209
186.23364367183484, -402.5558943522244
186.2487947821108, -402.55525588431607
186.27920658028438, -402.5537938012327
186.30426706275608, -402.5516587393039
186.84862416247285, -402.5035541676548
186.92895203088193, -402.4964578142572
186.9356832534438, -402.49557985466936
186.9394264963529, -402.49526007821026
187.56200468083136, -402.4142162317342
187.58955163891778, -402.40945492666657
187.61697193836244, -402.40591714758426
187.7807092966932, -402.3773578534162
187.78755263169245, -402.3761528945009
188.2221539949564, -402.30047023188206
188.24041838163487, -402.297276652453
188.24745185778772, -402.2958113278277
188.24869930317453, -402.2955902969085
188.27741954905196, -402.28921604707256
188.67720286426993, -402.2008868363943
188.6934775720378, -402.197235611697
188.8707577038213, -402.15801066694905
188.90801156583257, -402.1478907999112
188.916772718905, -402.14593095540545
189.12064996583462, -402.0906339132023
189.12883368866153, -402.0883691743975
189.47849815966214, -401.9935053588891
189.51534397080871, -401.98139539622537
189.5307608997694, -401.97712586951997
189.55306614319466, -401.96986192517613
189.55394835242538, -401.96956103694646
189.9459290034643, -401.841175354987
189.9612529917909, -401.83605003073177
190.06931974227717, -401.80073750490334
190.10882345136275, -401.78524474330277
190.11465562836315, -401.78328629959316
190.34275138763127, -401.6942068155154
190.35153867150757, -401.6906959124283
190.60394261902826, -401.59226162547105
190.65229458660951, -401.5700706896977
190.66390913578, -401.56543280582434
190.72459408842298, -401.5374413634843
190.72689407169304, -401.536347886348
191.0715944592411, -401.3777421788234
191.08454549215782, -401.3716080094395
191.08616245772015, -401.3707995380181
191.08959002795166, -401.36917803544486
191.17264307344584, -401.3241236313734
191.40615571268296, -401.19773575072725
191.4147810753887, -401.19289684285394
191.52611200931784, -401.13259932262724
191.53438568615474, -401.1279575191776
191.63777520692423, -401.06192342476413
191.7225046655708, -401.0079377291973
191.72557795997778, -401.00588795702953
191.92656229132217, -400.87758790947004
192.00574473452997, -400.81783533657193
192.0161602263409, -400.8108916790516
192.05456745988113, -400.7818287482922
192.0561052095827, -400.7808071988059
192.27703735419016, -400.61389291165176
192.29470482960483, -400.60071580940263
192.30249472850392, -400.5944958171748
192.42056330493773, -400.4875433870005
192.4259049961912, -400.483273761476
192.51954278618103, -400.3984690658306
192.5227681777904, -400.39533475489395
192.6277558073699, -400.2999917945701
192.63555142158003, -400.2924124824088
192.7393612549244, -400.1773371639796
192.74451555768218, -400.17166738092436
192.7447337184944, -400.1714625205352
192.90763900201188, -399.9907330996054
192.9279694714241, -399.96200610665863
192.93422352373886, -399.9544081388981
193.00773128607017, -399.8510703108445
193.0107239042423, -399.8474390179856
193.09484518934073, -399.72928495439237
193.0975507838786, -399.7250133788358
193.14130830000659, -399.66342872942033
193.14589654078964, -399.6561811347007
193.22191934169223, -399.51356324339196
193.2331175814224, -399.4924926535241
193.2334582574453, -399.49173267764064
193.31686356849116, -399.33538325134475
193.3428019333332, -399.2635384869529
193.3464739010617, -399.2554214934229
193.3755057372287, -399.1749575019371
193.37677890469507, -399.1721319824923
193.43116127159396, -399.02151056278524
193.4326458018167, -399.01614804804865
193.4408991547109, -398.9930829832218
193.44270599738974, -398.9865924521998
193.47395049265248, -398.8252103291185
193.48353060634764, -398.775982869269
193.48369701539428, -398.7742407693979
193.5063952131947, -398.6570646578666
193.51288062236466, -398.539960561752
193.5136703423986, -398.5316893214695
193.51676561003268, -398.47744868966345
193.51694743082993, -398.4755421730933
193.51710327557242, -398.47391879407127
193.51946156481654, -398.427858457273
193.51946156481654, -398.3210310866284
193.51946156481654, -398.3167148907032
193.51946156481654, -398.3064382961943
193.51946156481654, -398.3008372557985
193.51946156481654, -398.28723503080363
193.51946156481654, -398.279667006658
193.51946156481648, -398.2608164625094
193.51946156481654, -398.1357737988893
193.51946156481654, -398.12592741312096
193.51946156481654, -398.10050439149546
193.51946156481654, -398.08534911644347
193.51946156481654, -398.04400666803804
193.51946156481654, -398.01771846925226
193.51946156481654, -397.9388652272166
193.51946156481654, -397.88245753933603
193.51946156481654, -397.67476872754855
193.51946156481654, -397.47667266691917
193.51946156481654, -397.2603975242826
193.51946156481654, -396.8277455422339
193.51946156481654, -386.3283605020941
193.51946156481654, -380.8278370949683
185.8809781968664, -380.8278370949683
183.62919578963664, -380.8278370949683
181.30684836568543, -380.8278370949683
180.68278078327165, -380.8278370949683
179.81510019032675, -380.8278370949683
179.52704536885904, -380.8278370949683
179.07525312112085, -380.8278370949683
178.91000810884333, -380.8278370949683
178.63325648513472, -380.8278370949683
178.52622035083044, -380.8278370949683
178.33938465724958, -380.8278370949683
178.2644466245742, -380.8278370949683
178.12986169601203, -380.8278370949683
178.07448170066993, -380.8278370949683
177.97293083712066, -380.8278370949683
177.93030175347621, -380.8278370949683
177.85096333397388, -380.8278370949683
177.81719913023812, -380.8278370949683
177.75350217836075, -380.8278370949683
177.72607691453146, -380.8278370949683
177.6738125403014, -380.8278370949683
177.65109522097805, -380.8278370949683
177.60743984490983, -380.8278370949683
177.5883144010868, -380.8278370949683
177.5513032063979, -380.8278370949683
177.5349805940827, -380.8278370949683
177.50320442987203, -380.8278370949683
177.4891107143033, -380.8278370949683
176.87944691637904, -380.8278370949683
176.87944691637904, -381.3832841014164
176.87944691637904, -397.8011799904761
176.87944691637904, -398.26269261462295
176.87944691637904, -398.28793536156985
176.87944691637915, -398.4206021566616
176.87944691637904, -398.427858457273
176.87947856870562, -398.4303312952873
176.88338480322687, -398.4755421730933
176.88786978165848, -398.5282043025923
176.88818625080967, -398.5310841652808
176.90786270052678, -398.76148618367586
176.90920713165173, -398.7740724728765
176.9093518108686, -398.7751575705729
176.909636503544, -398.77783448123864
176.92150029424744, -398.82536177167526
176.96678817409128, -399.00542731278887
176.9695132637063, -399.0152415930481
176.99136190223226, -399.10155102216487
177.0174080454483, -399.16406281527514
177.01967264675636, -399.17221769353654
177.05223103673296, -399.25021260461205
177.0541470636079, -399.25444282987695
177.1267943511092, -399.4283181377236
177.15660923662034, -399.47912073117664
177.16213245925957, -399.4913512285896
177.174723419832, -399.51255314664775
177.17525823326372, -399.51372894025894
177.29307941885924, -399.71383515059654
177.29989715459072, -399.7246109569629
177.3229119346895, -399.7635479767471
177.32696529897936, -399.76995341243725
177.38689139791342, -399.8475381995039
177.4637650016814, -399.9474295603286
177.4681585158587, -399.9527650844905
177.56574516297803, -400.07945360993716
177.6439458212182, -400.16048019419753
177.65319824535078, -400.17170684470705
177.6578319404108, -400.17634050077874
177.65809666320433, -400.1765935425393
177.8584044269332, -400.38414140728025
177.86972394865222, -400.3951431259229
177.87030329191293, -400.3957948914099
177.8750155279469, -400.4003792772993
177.97263650273783, -400.4832985560381
178.10925505353651, -400.59956109569254
178.11686694153445, -400.6056421380119
178.21206116096505, -400.6867820078003
178.22322566460787, -400.6956998475278
178.34305372399092, -400.78075266543823
178.38116786207019, -400.8078526817186
178.3832688250763, -400.8092520418767
178.59910834483662, -400.9626150986066
178.65507851598608, -400.9961116305972
178.66966883806992, -401.0058271470393
178.75796229992721, -401.05867313442326
178.76229022109555, -401.0615672795253
178.9703891970591, -401.186136200464
178.9816554644151, -401.1924546246084
179.0409715008662, -401.22791414385125
179.05283071210897, -401.2345656922791
179.22802702326197, -401.3233963872685
179.3123141187814, -401.36619265704087
179.316823471727, -401.3683270934437
179.49138028647678, -401.4569117854613
179.6535198507683, -401.5268072917707
179.67077448476937, -401.5349870314763
179.73463659889802, -401.56249133145513
179.7377716261778, -401.56397692502867
179.98022513795058, -401.6685072442151
180.02727935229024, -401.6855724409037
180.04233582631213, -401.6915913982731
180.27542837355662, -401.7769144413413
180.286870493096, -401.78147652555043
180.4276226399395, -401.83296888057976
180.4349266845906, -401.8354182358572
180.52266972931875, -401.8674503434242
180.54207017420822, -401.8739501537088
180.84423982543018, -401.9669238455122
180.86938145653204, -401.97469872650055
Holes:
Exterior:
193.01867781378877, 415.00913101659484
192.9351590840824, 415.11054555261455
192.93251943345405, 415.11425509013776
192.75844766546334, 415.3256968188428
192.75771380283157, 415.32673382912384
192.75183107067988, 415.333258757474
192.74579307187622, 415.3388917114386
192.74560684148173, 415.33910055371064
192.74185517566548, 415.34325794863196
192.52687118007316, 415.55227984959885
192.5230519245917, 415.5557442281358
192.4344277496508, 415.6418288695125
192.43101132753833, 415.6449256497222
192.28470189034567, 415.7619796315814
192.28037427742214, 415.76589988877123
192.06788599102242, 415.93542121641525
192.06723435812813, 415.9359112957356
192.05908135799592, 415.9420667529002
192.01743831378133, 415.96984090013683
192.01601851854974, 415.9709152667839
191.73446566392266, 416.1586172695359
191.7315148266121, 416.16084693513153
191.72402022128296, 416.16562846231824
191.64165183693711, 416.22049183544914
191.6384831283653, 416.2225121594099
191.41805479819192, 416.3462180031791
191.4141622579769, 416.3487028206448
191.18529398835545, 416.4771031334598
191.1810742153993, 416.47938861392845
191.17221877709824, 416.4841843851452
191.08211073505214, 416.5269232788795
191.07895091754938, 416.52863323841433
190.73878960904545, 416.6897529523154
190.67901245546727, 416.71809977891394
190.67895024001518, 416.718129473168
190.66568193183673, 416.72423743002116
190.6633440723475, 416.72531437533223
190.36209829018276, 416.84568068783716
190.1363330556618, 416.93592087852653
190.1344432458747, 416.93678974192363
190.124571577893, 416.94064243943444
190.11564323482122, 416.94412638024943
189.96677466010289, 416.99400600115604
189.96522140776716, 416.9946108579137
189.96097091918438, 416.9960026635898
189.5717940511471, 417.1262787467674
189.5562028104448, 417.1313852734105
189.5340446618435, 417.1388324046383
189.53315613300083, 417.139121758416
189.14650919794366, 417.246159957989
188.94363813333604, 417.3023373739782
188.94214759767277, 417.3028273373428
188.92799032792618, 417.30667107136134
188.91972732516206, 417.30891215426124
188.70377495604356, 417.35729167690766
188.7022560238707, 417.3577058067959
188.69502441779707, 417.35930583433316
188.2965810486882, 417.4486578737473
188.28008879394525, 417.4522985623206
188.27890286593112, 417.4525602483327
188.2487161467514, 417.4577988923624
188.2484254768628, 417.4578655035084
187.80699045922745, 417.5352329540878
187.78881556815713, 417.5383963568584
187.6253989051981, 417.5670597574306
187.61851491474664, 417.56825735570885
186.96752270930278, 417.65231832491025
186.96634572748297, 417.65252339295483
186.93970659430926, 417.65598953379236
186.85236296612106, 417.66345099738413
186.2775200709416, 417.71238976628746
186.2772269149558, 417.7124280136628
186.27372782209397, 417.71273873383757
186.24998243983168, 417.7148355584217
186.2486549588732, 417.7148993805538
185.90184369862413, 417.7295510476309
185.88657039507336, 417.7302803074518
185.56443375053328, 417.74390445883637
185.5538363315796, 417.7444110041695
185.5501012132541, 417.74444511184805
185.21465510409638, 417.74444550918764
185.19960027475508, 417.7445847938536
184.86413967488392, 417.7445863558767
184.85781668528472, 417.74464421909323
184.84896646685235, 417.744376526638
184.83415897837915, 417.7439284582538
184.50819776259033, 417.7301351241278
184.50280368876867, 417.72997012231883
184.1607061231519, 417.71552947468444
184.15043939313534, 417.71478651000484
183.5733424452518, 417.66566133752144
183.55346720210923, 417.66421939363653
183.47025727694177, 417.65711553519134
183.46312771325626, 417.65629352119447
183.459271404856, 417.65584907265384
183.43991759822347, 417.653617045702
182.7918091636023, 417.5699093621349
182.78062433841944, 417.5681238928477
182.61448184634253, 417.53900065094757
182.60645237876014, 417.5377205170565
182.16809010016902, 417.4608748495348
182.15679313567404, 417.45907077190344
182.13031232884134, 417.4544512164256
182.12046360653363, 417.45242461214525
182.11922161490412, 417.4521670314501
181.72064737756108, 417.3627759757203
181.70175273444852, 417.358887394426
181.4904496669949, 417.3115880095843
181.4895978601778, 417.3113714731056
181.47945237143085, 417.3087867021337
181.46921620613966, 417.30617923892623
181.2651856410526, 417.2496451013116
181.25753439890957, 417.24769448893335
180.87729087539765, 417.14242332383134
180.86619052218776, 417.1390056708661
180.84163120745347, 417.1307585335971
180.84037423985546, 417.13037162816903
180.45514912095615, 417.0014165146604
180.43990653299699, 416.99672658816775
180.295268759571, 416.9482604302554
180.29082705520148, 416.94663521880074
180.28369937696908, 416.94403127049037
180.05792339070314, 416.85386513130385
180.04605631387375, 416.84952131622435
179.75068715530068, 416.7314838643544
179.7482759687794, 416.7306057552525
179.7358438906772, 416.72524578989436
179.67474366822438, 416.69629198043873
179.6714628544105, 416.6948734033809
179.33590146530616, 416.53583377934933
179.24889711724546, 416.494579269149
179.240493074496, 416.490958636396
179.2314385577426, 416.4863711559936
179.22706432036279, 416.48415015280546
179.2179668616153, 416.47953739975003
178.99038631078298, 416.3519334317534
178.987290896327, 416.3500792324096
178.77155335187257, 416.2290183141222
178.76064170083202, 416.2224846082202
178.67815468468126, 416.1674689241058
178.67351456306238, 416.16469363354605
178.39613143587343, 415.9798453092009
178.35643665159938, 415.9533702260131
178.35347620448948, 415.9515986444163
178.34205274319794, 415.9434798107252
178.3400344555571, 415.94204666531147
178.12981565146038, 415.77424019304976
178.1234411461985, 415.76971571399787
177.9804846531427, 415.65543852311015
177.97540475185411, 415.6511124567801
177.96811160246347, 415.64490588772793
177.9628975182033, 415.64047311051144
177.87482713750154, 415.55486580787414
177.8747961354709, 415.55483093082086
177.66338264700607, 415.34939197749304
177.65261605302703, 415.3382399381666
177.64769287430556, 415.33349771982904
177.64744367377028, 415.3332387827038
177.47545550389844, 415.124549396954
177.47123549599127, 415.12018101620396
177.46596725622118, 415.11334361822776
177.38461384470855, 415.0145105122096
177.38045585340325, 415.00911329797106
177.30562355622504, 414.89096554458354
177.3023764443031, 414.8867596341466
177.1766149305467, 414.6879514929606
177.17536464511426, 414.68583424781804
177.16896279524525, 414.67496320453444
177.15912187538635, 414.65325511908185
177.15843741518916, 414.65209861184843
177.05685580340418, 414.42719268553145
177.02169836589047, 414.3495349160468
177.02007326106622, 414.34676406868624
177.01611259609257, 414.3372864186787
177.01433718679544, 414.3330352715024
176.97281140481022, 414.18353424216883
176.92289880672274, 414.0038477119144
176.92147584310277, 414.00043077630903
176.92028207018166, 413.99571495835806
176.91780737316043, 413.9858774006172
176.91259890820908, 413.93686697453273
176.91195047722204, 413.93426732875696
176.8873554645681, 413.70401535526304
176.88156860131488, 413.65139128179027
176.88156068882034, 413.6513319387676
176.88048456547494, 413.63873294012
176.88023926596088, 413.6358506599788
176.88002561597256, 413.6333758716293
176.87944691637904, 413.5880564597192
176.87944691637915, 413.45542583332843
176.87944691637904, 413.44817151098874
176.87944691637904, 412.98669505554284
176.87944691637904, 412.96145428686765
176.87944691637915, 412.06346419743403
176.87944691637915, 395.9880732443872
181.30684836568543, 395.9880732443872
183.62919578963664, 395.9880732443872
185.8809781968664, 395.9880732443872
193.51946156481654, 395.9880732443872
193.51946156481654, 406.4875083497828
193.51946156481654, 411.9880579855981
193.51946156481654, 412.6989692949716
193.51946156481654, 412.91598708400625
193.51946156481654, 413.14351390406586
193.51946156481654, 413.20530953831263
193.51946156481654, 413.2916946798971
193.51946156481654, 413.3204938733796
193.51946156481654, 413.36578526745234
193.51946156481654, 413.38238814321653
193.51946156481654, 413.4102395195953
193.51946156481654, 413.421026411887
193.51946156481654, 413.4398756078348
193.51946156481654, 413.4474430907113
193.51946156481654, 413.4610443428679
193.51946156481654, 413.4666449826744
193.51946156481654, 413.4769208421958
193.51946156481654, 413.5880564597192
193.51937845375812, 413.5896836184095
193.514956660388, 413.63578092009396
193.50979795624045, 413.6898737420188
193.50968884060484, 413.6917832743958
193.4872859357522, 413.926462149335
193.48705715471988, 413.9305945687813
193.4862563952031, 413.9347296474034
193.4815399887762, 413.9841412278345
193.48120194544953, 413.98587823585507
193.4800993542388, 413.9915731755734
193.42895675600704, 414.1752161348717
193.4286650413395, 414.17602486547844
193.3866642800195, 414.3277072681824
193.3847395126159, 414.33304205761254
193.34878198277153, 414.41284048980646
193.34775318553056, 414.4156905672285
193.24416704811227, 414.644743779025
193.24324499079398, 414.64730175801685
193.2402793788059, 414.65285830419214
193.23070179515474, 414.6742235057728
193.23030342930605, 414.6749756756403
193.22759847323192, 414.68004872649294
193.09897187134953, 414.8831929181356
193.09740872273068, 414.8853955369399
193.02169029679902, 415.0049025048063
193.01867781378877, 415.00913101659484
Holes:
Exterior:
119.07350094461458, 217.6657001326126
119.07361432601357, 217.6953792178684
119.07571842049265, 218.13922025804456
119.08411842596576, 219.68027562253957
119.09234670361747, 220.8130468685873
119.07844158373541, 223.8460359534902
119.04210958978632, 240.3571941709755
108.9913406047271, 232.98996729710606
104.83211914650775, 229.94125900825205
104.86442696762839, 217.8333298236972
104.85742692873549, 207.24540563126735
114.15960675772175, 214.06383615251295
119.07350094461458, 217.6657001326126
Holes:
Exterior:
138.60993301897128, -301.5178248723163
138.61014214889013, -298.24641320486114
115.9499512003722, -294.36660600794175
110.9876463286758, -293.5303576580079
108.69153716544054, -293.1466584445398
107.39203681638799, -292.9265808960583
104.83846555270316, -292.49407539510594
104.83846555270316, -294.6556202099745
104.82538334173768, -299.9677101783065
104.8391901403653, -315.89746356877305
111.04972884737077, -316.97192338910804
138.71881241749116, -321.83512146031563
138.60993301897128, -301.5178248723163
Holes:
Exterior:
-71.87735933403428, 278.32840559282266
-71.36747315580243, 278.4132795283747
-68.53479424433601, 278.88042558067275
-68.5347657829384, 294.52145726538157
-68.53475982228815, 301.74791688732626
-96.84564899784124, 297.0951436341641
-99.09248101008404, 296.73019000097463
-99.0268598945089, 287.4341458059887
-99.0686727931639, 273.9635954979249
-75.09375689527218, 277.8120966103704
-71.87735933403428, 278.32840559282266
Holes:
Exterior:
-71.87735933403428, -263.16819094629716
-75.09375689527218, -262.6518986079242
-93.02456909673242, -259.80829190058813
-99.0686727931639, -258.8033726490268
-99.10357124155303, -276.3084164810303
-99.09211344933522, -281.57038843642334
-96.80090939055009, -281.942574151562
-68.53475982228815, -286.587678430814
-68.5347657829384, -279.3612331681323
-68.53479799396871, -264.3564808395465
-68.53479424433601, -263.72021960194706
-70.13132821506576, -263.4588568207513
-71.36747315580243, -263.253074459453
-71.87735933403428, -263.16819094629716
Holes:
Exterior:
-504.43963657091274, -95.74900763879553
-504.43969174007157, -95.84763525070001
-504.3417073046551, -95.85643137605507
-482.3600114602948, -97.82977088365239
-482.3265614866251, -80.03949713545451
-482.32656239514426, -75.08736564950685
-489.87471624326645, -74.37080303200251
-504.45953492864294, -73.02913167400594
-504.4648038963711, -80.06001004928734
-504.4392974658198, -95.52251777899802
-504.43963657091274, -95.74900763879553
Holes:
Exterior:
-351.91125920706804, 165.346221177182
-367.7790165363766, 155.37987087762977
-375.09450180378155, 150.78514598288058
-375.0944963334683, 147.67782770182237
-375.0944963334683, 130.23351030228673
-367.7873305915665, 134.82303407566272
-351.906227944511, 144.79771668642232
-351.89047089628514, 153.97550001736658
-351.91125920706804, 165.346221177182
Holes:
Exterior:
-351.91126227937957, -182.6626003086706
-367.7810106791753, -188.55706452948502
-375.09450180378155, -191.27349976502072
-375.0944923888569, -193.81472481208652
-375.0944923888569, -207.21870767039226
-367.79707730162477, -204.50825690359426
-351.9102669337515, -198.60743977020906
-351.8955342505394, -190.77976220843792
-351.91126227937957, -182.6626003086706
Holes:
Exterior:
-351.91126227937957, 197.82284354265244
-351.92908186462716, 207.27762778286174
-351.9102669337515, 213.76771406660055
-358.5762352739964, 216.24361275894972
-375.0944923888569, 222.3789498993788
-375.09450180378155, 219.25234525741246
-375.09450180378155, 206.43373591443955
-367.7810106791753, 203.7173126557889
-351.91126227937957, 197.82284354265244
Holes:
Exterior:
-351.91125920706804, -150.18599211968967
-351.9321953197658, -137.98385536416956
-351.906227944511, -129.63748053700348
-357.4814190604318, -126.13577355101178
-375.0944963334683, -115.07333314398612
-375.09450180378155, -119.10320256233037
-375.09450180378155, -135.62490983346174
-367.7790165363766, -140.2196467083818
-351.91125920706804, -150.18599211968967
Holes:
Exterior:
119.02332278269438, 182.31780584941865
119.02611456915338, 182.72917329728858
116.66012623630672, 182.36855195578622
112.75820232025598, 181.77379978995071
104.85188474179955, 180.56873641730738
104.85062244681143, 167.72188555304757
104.79368473683917, 157.35750692952425
122.09701720224666, 159.82829592527636
138.58796434050782, 162.18449311516878
138.58348323023114, 168.40908422597164
138.58213597762983, 169.2333122576942
138.57789772556288, 174.49201382952668
138.58503277875593, 184.8858162337269
133.27200729089998, 184.07251167798802
132.89882651984556, 184.01869592617285
132.16654089879256, 183.91807369050986
126.43776840790963, 183.08966871672138
121.0895044492728, 182.33667529803935
119.02470673618637, 182.0176667143447
119.02332278269438, 182.31780584941865
Holes:
Exterior:
-457.8525010069328, -100.02995168031475
-453.6417927146715, -100.40794774858617
-453.64175150901406, -81.25339939925973
-453.6417521586467, -77.82307338945436
-462.36523397302096, -76.98308834544447
-467.14529139453816, -76.53881380677024
-467.1452943638782, -88.09010518802398
-467.14529945652066, -99.19573137364812
-457.8525010069328, -100.02995168031475
Holes:
Exterior:
-456.31536112906554, 92.73426596683069
-453.6417521586467, 92.98328540677274
-453.6417905709694, 106.46694550942716
-453.6417927146715, 115.56819594080854
-461.6981937210138, 114.84494004361788
-467.14529945652066, 114.35595338319898
-467.14529464466887, 97.94820733770537
-467.14529139453816, 91.69905946000155
-456.31536112906554, 92.73426596683069
Holes:
Exterior:
-393.59715906025895, -124.0037592296491
-393.22435390870373, -124.23791235584112
-379.8419857598333, -132.64308197323248
-379.84197751858096, -130.62206542506604
-379.84197751858096, -112.09152492152779
-381.3055474551385, -111.17228618553864
-388.6744471265898, -106.54400835961674
-379.84197751858096, -107.47804018253525
-379.84198149312124, -104.47528087692756
-379.84199355836404, -91.99607613668533
-379.84199355836404, -85.02003971529281
-389.51726298978224, -84.05075953573251
-393.5971575828097, -83.64480434655117
-393.59713592017283, -89.3517227037149
-393.59713592017283, -118.76692876731782
-393.59715906025895, -124.0037592296491
Holes:
Exterior:
-393.59715906025895, -198.4995489876424
-393.59714190429804, -208.42755074697206
-393.59714190429804, -216.76418462933304
-393.5971550850817, -222.4922177746976
-392.94472232843907, -222.58928714521917
-382.8257965573173, -224.10848116505778
-379.8419887549105, -224.52117291757293
-379.8419887549105, -217.48402279520644
-379.84197295307695, -215.64492318230424
-381.3055474551385, -215.42361047051213
-392.2903848394009, -213.80211570289777
-392.66996104260534, -213.74653826684332
-392.2903848394009, -213.60556524503068
-379.8419789154161, -208.9820353972351
-379.8419857598333, -206.9484810110345
-379.8419857598333, -193.03682853464053
-381.3055474551385, -193.5804302544853
-393.59715906025895, -198.14574549089545
-393.59715906025895, -198.4995489876424
Holes:
Exterior:
-393.59715906025895, 213.30594433977362
-393.22435390870373, 213.1674762169614
-379.8419857598333, 208.19706468405937
-379.8419789154161, 209.8498934261674
-379.8419789154161, 224.1422755008342
-381.3055474551385, 224.68586803349902
-392.2903848394009, 228.76583591743704
-392.66996104260534, 228.9068125632348
-392.2903848394009, 228.962382751319
-379.84197295307695, 230.8051249480543
-379.8419887549105, 232.64422079765262
-379.8419887549105, 239.6813709200191
-392.94472232843907, 237.74955782281987
-393.5971550850817, 237.652490767446
-393.59715906025895, 237.4551778363626
-393.59714190429804, 231.92445892572454
-393.59714190429804, 223.5877979454894
-393.59715906025895, 213.30594433977362
Holes:
Exterior:
-393.59715906025895, 138.70801744046062
-393.59713592017283, 133.9271739025501
-393.59713592017283, 104.5119678389472
-393.5971575828097, 98.8050803987889
-393.20692956035646, 98.84590885747899
-389.51726298978224, 99.21103383212403
-379.84199355836404, 100.18031401168433
-379.84199355836404, 107.15631481112702
-379.84197751858096, 122.63820754057375
-381.3055474551385, 122.4834369657494
-388.6744471265898, 121.70416821509029
-379.84197751858096, 127.25169603084876
-379.8419857598333, 129.8727379029537
-379.8419857598333, 147.8033181226513
-381.3055474551385, 146.88407561891157
-393.59715906025895, 139.1640326796086
-393.59715906025895, 138.70801744046062
Holes:
Exterior:
-351.90821100789947, -242.02308750221357
-351.9515488605059, -237.4284130436351
-351.9651972789849, -235.9834762555919
-351.92130227384087, -232.65709029684987
-351.8696315523347, -219.76143997259538
-357.73629181908143, -218.89554487838865
-375.09449870807487, -216.3507707574
-375.0944941092872, -221.60424614666374
-375.0944961708291, -227.23161924976762
-375.0944961708291, -231.7538068040524
-375.0944961708291, -235.15136564760402
-375.0944961708291, -238.54939094852216
-367.70434307319647, -239.63831029765728
-351.90821100789947, -242.02308750221357
Holes:
Exterior:
-493.9396875326453, 214.3804196600779
-482.33692093192076, 216.0149462911887
-482.34051512691997, 235.51167146414625
-482.33822971871416, 238.28798881032154
-495.9180806747845, 236.4358379347317
-504.571053170558, 235.27024413601194
-504.5222845109312, 221.4773463029454
-504.44497519921913, 213.9504687626699
-504.44448786750957, 212.86553149203883
-493.9396875326453, 214.3804196600779
Holes:
Exterior:
52.71959584216026, 283.1979655173364
52.719699352762234, 283.1979310138024
52.71969935276226, 288.9335569797477
52.71969935276226, 308.5628967095331
49.23387208901639, 307.97163841878336
36.14106989406761, 305.75357992607024
30.017955578966365, 304.7131869928418
27.119467668332163, 304.2219828513208
27.119467668332163, 287.83377567848294
27.119467668332135, 277.0890330222192
27.119467668332135, 240.34749794556978
27.119467668332163, 184.30819500952387
27.119467668332135, 161.67694248547429
27.119467668332135, 146.83901776343012
35.86791582233161, 147.996189000279
52.71969935276226, 150.22521871109097
52.71969935276226, 253.1298608207778
52.719699352762234, 262.5179618879547
52.71959584216026, 283.1979655173364
Holes:
Exterior:
52.71959584216026, -268.03769122094485
52.719667033901715, -253.8145660953207
52.71969935276226, -247.3577048433302
52.71969935276226, -144.45303321255423
52.71969935276226, -135.0649148936103
45.818954544501366, -134.15214301888852
27.119467668332163, -131.67874346703863
27.119467668332163, -154.3100420723654
27.119467668332135, -169.1479970070777
27.119467668332163, -225.18725386184644
27.119467668332135, -261.92875872582766
27.119467668332163, -278.31701197994266
27.119467668332135, -289.06178484887454
30.017955578966337, -289.5529767387771
36.14106989406761, -290.59334377665135
42.832257334503, -291.72817567256425
52.71969935276226, -293.40262241314156
52.71969935276226, -287.66699644719625
52.71969935276226, -268.03765671741087
52.71959584216026, -268.03769122094485
Holes:
Exterior:
104.79308077405636, -144.51144983639333
104.85188474179955, -165.40850026788854
114.17702018541422, -166.8298521132762
119.08857411636558, -167.57845948518678
119.08639851582438, -167.5662041883119
119.08173015254016, -167.53826494912812
119.0376429563828, -167.14095601929762
119.02470673618637, -166.85743056492586
126.43776840790963, -167.92943256730254
127.26234757073144, -168.04552548599085
132.89882651984556, -168.85843269286462
133.27200729089998, -168.91222704702545
138.58503277875593, -169.7255419373354
138.5777174579032, -159.24285021017852
138.58192781343456, -154.07368846805693
138.58326426546, -153.2493671726734
138.58771495780553, -147.02367325694334
121.11181529513647, -144.53445913263886
104.79368473683917, -142.1972368748261
104.79308077405636, -144.51144983639333
Holes:
Exterior:
-461.6981937210138, -203.79896680906916
-467.14528584646416, -203.04183246571932
-467.14529336563885, -210.56110017139912
-467.14530089750474, -211.96263461730814
-456.9202060974536, -213.42490515939977
-453.6417904749575, -213.89930193948192
-453.64178597739067, -212.7643000560377
-453.6417953274896, -207.62853836875297
-453.6417953274896, -204.9472844105648
-461.6981937210138, -203.79896680906916
Holes:
Exterior:
-461.6981937210138, 145.58485184630078
-467.1452535033577, 147.42106394956616
-467.1452535033577, 139.31640506355183
-467.14531819757565, 131.98374339482868
-458.0673183883092, 128.92352249842477
-453.6417927146715, 127.43171853963467
-453.64182842667026, 137.00161451002046
-453.64182842667026, 142.86901651558844
-461.6981937210138, 145.58485184630078
Holes:
Exterior:
-461.6981937210138, -114.98725263970937
-467.14531819757565, -116.8234605447854
-467.14531819757565, -126.2728181910703
-467.1452535033577, -132.2607333866558
-459.72770078300175, -129.7602671740608
-453.64182842667026, -127.70871322153208
-453.6417927146715, -117.55334877762822
-453.6417927146715, -112.27143119115857
-461.6981937210138, -114.98725263970937
Holes:
Exterior:
-461.6981937210138, 205.94549947317026
-467.14529945652066, 202.8585906638758
-467.14529945652066, 190.68300342554477
-467.1452535033577, 183.5114677789891
-459.72770078300175, 187.71522123137595
-453.64182842667026, 191.16424171275818
-453.6417953274896, 204.75633842834094
-453.6417953274896, 210.51120809088818
-461.6981937210138, 205.94549947317026
Holes:
Exterior:
-461.6981937210138, -171.43814682939248
-467.1452535033577, -168.3511572435052
-467.1452535033577, -178.50834695796107
-467.14529945652066, -187.69826835327498
-457.28044879545735, -193.28883431390742
-453.6417953274896, -195.35086884737302
-453.64182842667026, -183.35745624924976
-453.64182842667026, -176.0039384187018
-461.6981937210138, -171.43814682939248
Holes:
Exterior:
138.61014214889013, 313.40669280231805
138.71965894168784, 329.7040917992823
138.74399692044273, 331.0263320401921
138.71881241749116, 336.9953435003764
120.21386498405002, 333.71758148155334
111.04972884737077, 332.1321355270446
104.8391901403653, 331.0576860261094
104.85426137577542, 328.0723572116116
104.83846555270316, 309.8158266806984
104.83846555270316, 307.6542818658299
107.39203681638799, 308.0867858678686
108.69153716544054, 308.30686265359503
109.73476097898424, 308.4835732985761
110.98764632867585, 308.69057670917755
138.61014214889013, 313.40669280231805
Holes:
Exterior:
-99.08741798405481, 220.4264875715606
-99.08581200214331, 218.33854883794677
-93.64865977307414, 216.16663922339106
-97.4845069569945, 213.54265672419078
-99.08582985118437, 212.44722512741683
-99.02483270423079, 199.56804868624593
-99.08988215604415, 192.99294066739
-99.09142675293799, 190.75203532783277
-85.06196810685412, 200.3491144792959
-73.62928111096477, 208.16981305151606
-70.78021882750232, 207.03173666342724
-68.5347361637771, 206.13475450761226
-68.5347361637771, 206.9850358474466
-68.53473304292709, 211.65486037094666
-68.53477185843713, 222.5180556045438
-68.53480328323258, 233.34613130410756
-71.70623859823365, 231.17664396698987
-72.65338223582364, 230.5287261530644
-78.5281153394804, 226.51000012426996
-97.54628577406345, 234.1069882059764
-98.93918207137119, 234.6633929894413
-99.10448854371168, 234.72942486379412
-99.08741798405481, 220.4264875715606
Holes:
Exterior:
-351.8696315523347, 234.92164574652497
-351.9214026473762, 247.81744710962502
-351.96532343331205, 251.14387684830018
-351.9517614741927, 252.5889253628543
-351.9086651827213, 257.18374434051935
-367.681741738872, 254.80223131991934
-375.0944961708291, 253.7096645204391
-375.0944961708291, 250.31163921952094
-375.0944961708291, 246.91406094024575
-375.0944961708291, 242.39187338596096
-375.09449870807487, 231.51096875984618
-367.7900880315027, 232.59407148793343
-357.73629181908143, 234.05574288083483
-351.8696315523347, 234.92164574652497
Holes:
Exterior:
-80.97277023029125, -118.11894846546168
-98.97559639907388, -115.98572508764644
-98.9922700021508, -125.0631752331809
-99.0646884773929, -138.59236056232808
-95.18034564338808, -139.07020665876462
-68.5347880338955, -142.34823844362478
-68.534731173095, -124.37407333262517
-68.53476648558888, -119.62065524430447
-80.97277023029125, -118.11894846546168
Holes:
Exterior:
-482.3666225462499, 194.2323926184163
-487.16510058194365, 191.51301941585365
-491.2717451429222, 189.18574543812804
-491.28882366896914, 181.76054520913928
-491.2588225225054, 169.84570422352522
-489.17332971051394, 171.02760966021626
-482.3395058830796, 174.9005074234201
-482.3395058830796, 181.19275163629692
-482.3666225462499, 194.2323926184163
Holes:
Exterior:
-482.3666225462499, -170.49464247089912
-482.3395058830796, -159.7401816464352
-486.0612903075321, -157.6309706576794
-491.2588225225054, -154.68538973586897
-491.2447590656592, -160.7934472263874
-491.2717451429222, -174.0254622229918
-488.6939978116743, -175.48627570531775
-482.3666225462499, -179.07208449690305
-482.3666225462499, -170.49464247089912
Holes:
Exterior:
-78.5281153394804, -211.34976397485113
-72.65338223582364, -215.36849514438404
-68.53480328323258, -218.18588733475517
-68.53480886403452, -216.08258899763777
-68.53477185843713, -207.35781945512497
-68.53473304292709, -196.49464951542438
-68.5347361637771, -190.97455056578818
-70.14976425209193, -191.61969365967744
-70.78021882750232, -191.87153305444485
-73.62928111096477, -193.00961504906988
-85.06196810685412, -185.1888340339477
-97.80904010739033, -176.46893324305458
-99.09142675293799, -175.59169656388565
-99.08988215604415, -177.8326018942592
-99.08582985118437, -197.2869556783359
-93.64865977307414, -201.00636492699957
-97.4845069569945, -202.5386206826952
-99.08581200214331, -203.1782891181625
-99.10431040136257, -219.3375553882408
-99.10448854371168, -219.5691876357331
-97.54628577406345, -218.94675205655756
-78.5281153394804, -211.34976397485113
Holes:
Exterior:
-23.803063698893766, -280.572661624545
-17.163439373758422, -281.6638346966947
-17.163421370650866, -276.5115762284479
-17.163421370650866, -272.1161422028566
-23.082956622512228, -271.144799683187
-30.10972310326082, -270.00896503346974
-30.10972907219798, -274.2954610601263
-30.109753780629546, -279.51877332304286
-23.803063698893766, -280.572661624545
Holes:
Exterior:
-504.43929729693434, 110.69072917228803
-504.45954862674364, 88.18941333712434
-489.8744076673279, 89.53076867405233
-482.32656239514426, 90.24761894022402
-482.3265614866251, 95.1997630294345
-482.3600114602948, 112.99007073253024
-495.47892903225727, 111.81233041986647
-504.3417073046551, 111.01666802818595
-504.43969174007157, 111.00787140011887
-504.43929729693434, 110.69072917228803
Holes:
Exterior:
68.94556539716797, 311.3499512319265
68.94556539716797, 309.33794033960373
68.9456130883147, 301.5739628804819
71.321413835248, 301.9817107219043
81.91409160514038, 303.7782441353911
81.91412728376895, 306.8497847747888
81.91412728376895, 313.5837787849613
77.99830312812512, 312.90313585489685
68.94556539716797, 311.3499512319265
Holes:
Exterior:
68.94556539716797, 276.5699758814245
72.07917945892632, 275.2899561295156
81.91411322204178, 271.2726102987239
81.91409160514038, 276.1822756283707
81.91409160514038, 287.8010912939713
77.99830312812512, 289.4006436912973
68.9456130883147, 293.0984292407703
68.9456130883147, 290.012176921195
68.94556539716797, 276.5699758814245
Holes:
Exterior:
68.94556539716797, -264.7570708997149
68.9456130883147, -277.9382169924608
71.321413835248, -276.96773073089315
81.91409160514038, -272.64084381322226
81.91411322204178, -266.8263106011359
81.91411322204178, -256.11231338749445
77.99830312812512, -257.71183964570673
68.94556539716797, -261.40971703618885
68.94556539716797, -264.7570708997149
Holes:
Exterior:
68.94556081848447, -137.25626422777339
68.94557277079849, -148.11265659274898
68.94558964973183, -159.93578837356733
70.67064583524783, -160.19869660892087
81.91409209145496, -161.91237934543418
81.9141104041762, -155.47784536411393
81.91411164194594, -146.68683807880365
81.91407564689482, -139.03357377608987
73.50903270774754, -137.87556923718157
68.94556081848447, -137.25626422777339
Holes:
Exterior:
68.94556081848447, 152.416524244163
72.3721714218573, 152.88927842657847
81.91407564689482, 154.19383252053206
81.91411164194594, 161.84709940119672
81.91409209145496, 177.07264527193186
78.48108101264413, 176.54939453391935
68.94558964973183, 175.0960193449442
68.94557277079849, 163.27293223242984
68.94556081848447, 152.416524244163
Holes:
Exterior:
68.94556539716797, -296.18968466111295
71.63645522587328, -296.6572687385111
81.91412728376895, -298.42351910509365
81.91412728376895, -291.6895250949211
81.91409160514038, -288.61801931730236
77.99830312812512, -287.94612017869497
68.9456130883147, -286.41376487803564
68.9456130883147, -288.2688184608965
68.94556539716797, -296.18968466111295
Holes:
Exterior:
-482.33692777450506, -200.8546648258711
-503.2462198427165, -197.87195278868532
-504.44448417318404, -197.7053251395634
-504.44497519921913, -198.7902652175794
-504.571053170558, -220.10997881029908
-495.9180806747845, -221.2755722032105
-482.33822971871416, -223.1277437725359
-482.3305968196065, -207.94774727492714
-482.33692777450506, -200.8546648258711
Holes:
Exterior:
-371.00087638968455, -85.94579259785412
-375.09450971952583, -85.50608987335538
-375.09450971952583, -98.61127401214966
-375.0945030093619, -103.36648656781611
-375.09449172365896, -107.98009011935765
-371.4559753643823, -108.36485440202455
-367.7949473865169, -108.75199091840112
-351.8732733750412, -110.43563487768306
-351.8672935994133, -107.69030254801878
-351.90051293337103, -97.919918469367
-351.95272190331127, -87.93870317410446
-371.00087638968455, -85.94579259785412
Holes:
Exterior:
-396.5823842365753, -83.34431119468398
-420.88065287363327, -80.94494830102299
-420.88065287363327, -95.14352860598508
-420.88065287363327, -116.66491862206124
-420.88041026135545, -116.66485796899174
-420.8805958073191, -140.34801434760573
-420.88065287363327, -147.63198011330027
-420.8806528736334, -209.00660944488186
-420.8806528736334, -218.53077898949957
-408.1767266513232, -220.37684849250232
-401.3084996332997, -221.37446731253686
-395.4602171504931, -222.21677447031132
-395.28043467541795, -222.2427057802151
-395.28043467541795, -199.54947822129313
-395.28043467541795, -198.77095232934332
-395.28043467541795, -125.4615203580892
-395.28043467541795, -122.94651995629643
-395.28043467541795, -84.78216280420729
-395.28043467541795, -83.47287188500736
-396.5823842365753, -83.34431119468398
Holes:
Exterior:
68.9455869213887, 203.63637722267367
68.9455869213887, 199.03630240591198
68.94558964973183, 180.9221605723881
78.48108101264413, 187.9116462197577
81.91409209145496, 190.42805223741402
81.9141111780281, 197.49585107281948
81.91411322204178, 213.14233587236095
77.99830312812509, 210.2720428373012
68.9455869213887, 203.63637722267367
Holes:
Exterior:
68.9455869213887, -188.47617922022746
72.07913683673556, -190.77307542600755
81.91411322204178, -197.98213786991477
81.91409160514038, -191.23490847405648
81.91409209145496, -175.2678160879952
78.48108101264413, -172.7513898737066
68.94558964973183, -165.76191406688534
68.94558964973183, -168.8451791528164
68.9455869213887, -188.47617922022746
Holes:
Exterior:
119.04149182079823, -243.84941641753835
119.04211016886762, -240.9463108670442
108.99132080511299, -245.051851199383
104.83211914650775, -246.7507888541684
104.85585944498115, -255.72613218988496
104.85585944498115, -263.26952679618165
114.46024253178393, -259.34639886101456
119.06813352549977, -257.46412766588213
119.04149182079823, -243.84941641753835
Holes:
Exterior:
119.06813352549977, 272.624363815301
114.46024253178393, 274.50663501043346
104.85585944498115, 278.4297836829181
104.83211914650775, 267.8033545049174
104.83211914650775, 261.91104125326575
116.0427706295938, 257.3317035809843
119.04211016886768, 256.106522007918
119.06928570669902, 268.1243938238734
119.06813352549977, 272.624363815301
Holes:
Exterior:
-413.27798582538855, 96.8559400331646
-395.28043467541795, 98.63314618139889
-395.28043467541795, 136.797503333488
-395.28043467541795, 138.10679425268793
-395.28043467541795, 211.41615246057026
-395.28043467541795, 213.9311503317895
-395.28043467541795, 236.62445165408323
-395.28043467541795, 237.40298134189334
-395.460217150493, 237.3770487667028
-401.3084996332997, 236.5346833772704
-408.1767266513232, 235.5370598810769
-412.6994371478612, 234.8807967411035
-420.88065287363327, 233.6910381226237
-420.88065287363327, 172.3163858073368
-420.8806528736334, 162.7922314259865
-420.88041026135545, 131.8250941184106
-420.8806528736334, 131.82516993474746
-420.8806528736334, 117.62658962978539
-420.8806528736334, 96.10522259741451
-413.27798582538855, 96.8559400331646
Holes:
Exterior:
-17.163479064724015, 147.88798814421054
-17.163463583937983, 163.82833632984108
-22.73988816981654, 163.14231107769632
-30.10972907219798, 162.23563737825515
-30.109682148919887, 147.22715069890637
-30.109689478556902, 139.54009446877959
-27.972618505062428, 139.81551056997537
-17.163462734733656, 141.17662055015722
-17.163479064724015, 147.88798814421054
Holes:
Exterior:
-17.163463583937983, -178.68006770968677
-17.163463583937983, -170.4537486269344
-22.73988816981654, -172.68129676145824
-30.10972907219798, -175.62531564636973
-30.10972907219798, -182.88874415669025
-30.10978914657437, -192.00862543683994
-25.051222812509025, -189.9879647835877
-17.163439373758422, -186.8371314099712
-17.163463583937983, -178.68006770968677
Holes:
Exterior:
-17.163463583937983, 185.61406107029856
-17.163439373758422, 193.52470943303663
-17.163439373758422, 201.9973491401792
-22.73988816981654, 204.2249275896913
-30.10978914657437, 207.16888767767364
-30.10978914657437, 201.56601724681354
-30.10972907219798, 190.78556438525422
-23.498104728525675, 188.14449580127788
-17.163463583937983, 185.61406107029856
Holes:
Exterior:
-17.163463583937983, -148.66806219475245
-17.163443384530268, -134.38701112401355
-17.163462734733656, -126.01636243505432
-22.908810115621037, -125.27699851256169
-30.109689478556902, -124.37985159144641
-30.109698800167166, -126.18726393149244
-30.10972907219798, -147.07538863937066
-23.498104728525675, -147.88876114535825
-17.163463583937983, -148.66806219475245
Holes:
Exterior:
-17.163439373758422, -231.63618856039741
-22.73988816981654, -227.8214980820912
-30.10978914657437, -222.77997912703353
-30.109782249493378, -230.73075316519825
-30.10972310326082, -244.47132068410397
-23.082956622512228, -249.27821494735528
-17.163421370650866, -253.32757776756276
-17.163439373758422, -242.85394633004586
-17.163439373758422, -231.63618856039741
Holes:
Exterior:
-17.163439373758422, 246.79644312902707
-17.163421370650866, 258.3717454654642
-17.163421370650866, 268.4878190494001
-23.082956622512228, 264.43844457121713
-30.109723103260762, 259.63159268992274
-30.10972907219798, 250.01486635459116
-30.10978914657437, 237.94021527645236
-25.051222812509025, 241.4006503765487
-17.163439373758422, 246.79644312902707
Holes:
Exterior:
-17.163439373758422, 296.82403269914096
-22.73988816981654, 295.89032315821726
-30.109753780629546, 294.6790144352562
-30.109746758407255, 290.2244583748586
-30.10972310326082, 285.1692370392886
-23.03628303869013, 286.3274526912543
-17.163421370650866, 287.2764012750757
-17.163439373758422, 291.9499340324705
-17.163439373758422, 296.82403269914096
Holes:
Exterior:
-487.1638480120629, -123.571727140123
-491.2710642402411, -124.95628773579087
-491.2845000044832, -130.8590767537378
-491.2588313116472, -140.38943531035716
-489.17332971051394, -139.68642019362952
-482.3395058830796, -137.3827312577761
-482.3395058830796, -132.36202244926258
-482.36116032939015, -121.95268440047367
-487.1638480120629, -123.571727140123
Holes:
Exterior:
104.83211914650775, -214.7810610058059
116.0427706295938, -222.99848067086404
119.04210958978632, -225.19699616852932
119.06990433304833, -208.68423358032567
119.02821317128848, -202.47227685731093
115.72968335884497, -200.054487356203
104.85742692873544, -192.08518893843413
104.82783066390493, -206.17152298955983
104.83211914650775, -214.7810610058059
Holes:
Exterior:
-482.3395058830796, 152.54306944143696
-486.05498643354565, 153.79552944273837
-491.2588313116472, 155.54976187999003
-491.24776805338126, 150.68203153503177
-491.2710642402411, 140.11650929997862
-488.6930477204297, 139.24746199896273
-482.36116032939015, 137.11295437714358
-482.36116032939015, 143.95752652789946
-482.3395058830796, 152.54306944143696
Holes:
Exterior:
-87.87753327968437, 155.12893924958553
-99.0646884773929, 153.75259671174692
-99.05860756385027, 149.81074551448953
-98.97559639907388, 131.14601343264437
-80.88156292490231, 133.31625541781784
-68.53476648558893, 134.78092545740813
-68.53483200185406, 142.11725253411225
-68.5347880338955, 157.50853215975837
-87.87753327968437, 155.12893924958553
Holes:
Exterior:
-375.0945030093619, 118.52665421240236
-375.09450971952583, 113.7714813891354
-375.09450971952583, 100.6663641697469
-367.7774047131379, 101.42990485818302
-351.95272190331127, 103.09889217538742
-351.8672935994133, 122.85059648654243
-351.8732733750412, 125.59594732104723
-367.7949473865169, 123.91219867768788
-375.09449172365896, 123.1402527283405
-375.09449108034835, 120.35160199144332
-375.0945030093619, 118.52665421240236
Holes:
Exterior:
220.91870661834696, 114.68806256323482
206.8377329212787, 114.68806256323482
206.8377329212787, 112.83830510270934
206.8377329212787, 98.68807782202389
209.38161078955568, 98.68807782202389
225.31283581935503, 98.68807782202389
225.31283581935503, 103.10381839740091
225.31283581935503, 114.68806256323482
220.91870661834696, 114.68806256323482
Holes:
Exterior:
220.91870661834696, -182.62776385278082
206.8377329212787, -182.62776385278082
206.8377329212787, -184.4775213133063
206.8377329212787, -198.62774859399175
209.38161078955568, -198.62774859399175
225.31283581935503, -198.62774859399175
225.31283581935503, -194.21200801861474
225.31283581935503, -182.62776385278082
220.91870661834696, -182.62776385278082
Holes:
Exterior:
220.91870661834696, -281.72780047387454
206.8377329212787, -281.72780047387454
206.8377329212787, -283.57755793440003
206.8377329212787, -297.7277852150855
209.38161078955568, -297.7277852150855
225.31283581935503, -297.7277852150855
225.31283581935503, -293.31204463970846
225.31283581935503, -281.72780047387454
220.91870661834696, -281.72780047387454
Holes:
Exterior:
220.91870661834696, 15.588102236086382
206.8377329212787, 15.588102236086382
206.8377329212787, 13.736501324642983
206.8377329212787, -0.4278279396948692
209.38161078955568, -0.4278279396948692
225.31283581935503, -0.4278279396948692
225.31283581935503, 3.992313321280487
225.31283581935503, 15.588102236086382
220.91870661834696, 15.588102236086382
Holes:
Exterior:
220.91870661834696, -380.8278370949683
206.8377329212787, -380.8278370949683
206.8377329212787, -394.9779969020477
206.8377329212787, -396.8277455422339
220.91870661834696, -396.8277455422339
225.31283581935503, -396.8277455422339
225.31283581935503, -392.4120260227688
225.31283581935503, -380.8278370949683
220.91870661834696, -380.8278370949683
Holes:
Exterior:
220.91870661834696, 362.4380778220239
206.8377329212787, 362.4380778220239
206.8377329212787, 360.58831595132875
206.8377329212787, 346.4380549338403
209.38161078955568, 346.4380549338403
225.31283581935503, 346.4380549338403
225.31283581935503, 350.8538060371733
225.31283581935503, 362.4380778220239
220.91870661834696, 362.4380778220239
Holes:
Exterior:
220.91870661834696, -33.97778521508549
206.8377329212787, -33.97778521508549
206.8377329212787, -35.82754267561098
206.8377329212787, -49.97776995629643
209.38161078955568, -49.97776995629643
225.31283581935503, -49.97776995629643
225.31283581935503, -45.5620293809194
225.31283581935503, -33.97778521508549
220.91870661834696, -33.97778521508549
Holes:
Exterior:
220.91870661834696, 263.3380793479028
206.8377329212787, 263.3380793479028
206.8377329212787, 261.4883218873773
206.8377329212787, 247.33809460669184
209.38161078955568, 247.33809460669184
225.31283581935503, 247.33809460669184
225.31283581935503, 251.75383518206885
225.31283581935503, 263.3380793479028
220.91870661834696, 263.3380793479028
Holes:
Exterior:
220.91870661834696, -133.07789813012457
206.8377329212787, -133.07789813012457
206.8377329212787, -134.9276379499714
206.8377329212787, -149.07773028344488
209.38161078955568, -149.07773028344488
225.31283581935503, -149.07773028344488
225.31283581935503, -144.66203181989175
225.31283581935503, -133.07789813012457
220.91870661834696, -133.07789813012457
Holes:
Exterior:
220.91870661834696, 164.23804272680903
206.8377329212787, 164.23804272680903
206.8377329212787, 162.3882896764532
206.8377329212787, 148.23809613257075
209.38161078955568, 148.23809613257075
225.31283581935503, 148.23809613257075
225.31283581935503, 152.6538261799918
225.31283581935503, 164.23804272680903
220.91870661834696, 164.23804272680903
Holes:
Exterior:
220.91870661834696, -232.177858457273
206.8377329212787, -232.177858457273
206.8377329212787, -234.0276159177985
206.8377329212787, -248.17784319848394
209.38161078955568, -248.17784319848394
225.31283581935503, -248.17784319848394
225.31283581935503, -243.76210262310693
225.31283581935503, -232.177858457273
220.91870661834696, -232.177858457273
Holes:
Exterior:
220.91870661834696, 65.13804425268795
206.8377329212787, 65.13804425268795
206.8377329212787, 63.28828679216246
206.8377329212787, 49.13805951147701
209.38161078955568, 49.13805951147701
225.31283581935503, 49.13805951147701
225.31283581935503, 53.55380008685404
225.31283581935503, 65.13804425268795
220.91870661834696, 65.13804425268795
Holes:
Exterior:
220.91870661834696, -331.2777424904761
206.8377329212787, -331.2777424904761
206.8377329212787, -333.1275175916802
206.8377329212787, -347.27787981957766
209.38161078955568, -347.27787981957766
225.31283581935503, -347.27787981957766
225.31283581935503, -342.86209713237673
225.31283581935503, -331.2777424904761
220.91870661834696, -331.2777424904761
Holes:
Exterior:
220.91870661834696, 312.888059511477
206.8377329212787, 312.888059511477
206.8377329212787, 311.0382976407819
206.8377329212787, 296.88803662329343
209.38161078955568, 296.88803662329343
225.31283581935503, 296.88803662329343
225.31283581935503, 301.3037877266264
225.31283581935503, 312.888059511477
220.91870661834696, 312.888059511477
Holes:
Exterior:
220.91870661834696, -83.52787981957768
206.8377329212787, -83.52787981957768
206.8377329212787, -85.37763728010317
206.8377329212787, -99.52786456078861
209.38161078955568, -99.52786456078861
225.31283581935503, -99.52786456078861
225.31283581935503, -95.11212398541159
225.31283581935503, -83.52787981957768
220.91870661834696, -83.52787981957768
Holes:
Exterior:
220.91870661834696, 213.7880610373559
206.8377329212787, 213.7880610373559
206.8377329212787, 211.93829916666076
206.8377329212787, 197.7880381491723
209.38161078955568, 197.7880381491723
225.31283581935503, 197.7880381491723
225.31283581935503, 202.20378925250532
225.31283581935503, 213.7880610373559
220.91870661834696, 213.7880610373559
Holes:
Exterior:
-467.1453045634411, 222.1972840954856
-467.14528584646416, 218.20213822907223
-457.52234874849, 219.56862229814652
-453.6417953274896, 220.10761230725828
-453.64178597739067, 227.92451746168751
-453.6417904749575, 229.05950342890156
-455.92079686873876, 228.72804283790506
-456.9202060974536, 228.58511242331738
-464.9665934949435, 227.42080632585703
-467.14530089750474, 227.12286373572746
-467.1453045634411, 222.1972840954856
Holes:
Exterior:
209.38161078955568, 411.9880579855981
206.8377329212787, 411.9880579855981
206.8377329212787, 397.8378307049127
206.8377329212787, 395.9880732443872
209.38161078955568, 395.9880732443872
225.31283581935503, 395.9880732443872
225.31283581935503, 400.4038138197642
225.31283581935503, 411.9880579855981
209.38161078955568, 411.9880579855981
Holes:
