Exterior:
-253.4414530034922, 60.557204167677924
-255.4403848104466, 60.39485289019371
-260.1079148223532, 60.01573192828703
-260.10791482235334, 60.015731928287025
-260.1079148223534, 60.01573192828704
-260.1079148223535, 60.01573192828705
-260.1079148223536, 60.01573192828708
-260.1079148223537, 60.01573192828712
-260.1079148223538, 60.01573192828717
-260.10791482235385, 60.01573192828722
-260.10791482235396, 60.01573192828728
-260.107914822354, 60.01573192828735
-260.1079148223541, 60.01573192828742
-260.10791482235413, 60.01573192828751
-260.1079148223542, 60.01573192828759
-260.10791482235425, 60.015731928287686
-260.10791482235425, 60.01573192828778
-260.10791482235425, 60.01573192828787
-260.1079148223543, 60.01573192828797
-260.1079148223543, 60.01573192828807
-260.0921421475212, 60.395057130618504
-260.08789367883764, 60.497692043518754
-261.2617407389955, 60.41436562513471
-266.7481187317103, 60.05709915937927
-266.7481187317104, 60.05709915937926
-266.74811873171046, 60.05709915937928
-266.7481187317106, 60.05709915937929
-266.7481187317107, 60.05709915937932
-266.74811873171075, 60.05709915937935
-266.74811873171086, 60.0570991593794
-266.7481187317109, 60.05709915937945
-266.748118731711, 60.057099159379504
-266.7481187317111, 60.05709915937957
-266.74811873171114, 60.05709915937964
-266.7481187317112, 60.05709915937972
-266.74811873171126, 60.0570991593798
-266.74811873171126, 60.05709915937989
-266.7481187317113, 60.05709915937997
-266.7481187317113, 60.057099159380066
-266.7481187317114, 60.057099159380165
-266.7481187317114, 60.05709915938026
-266.77534801045175, 65.06749958441165
-266.77534801045175, 65.06749958441164
-266.7852110076132, 65.63877240011283
-266.7852110076132, 65.63877240011284
-266.7485534344772, 82.16246228640013
-266.7485534344772, 82.16246228640023
-266.7485534344771, 82.16246228640033
-266.7485534344771, 82.16246228640043
-266.74855343447706, 82.16246228640053
-266.748553434477, 82.16246228640061
-266.74855343447695, 82.1624622864007
-266.7485534344769, 82.16246228640078
-266.74855343447683, 82.16246228640085
-266.7485534344768, 82.16246228640091
-266.74855343447666, 82.16246228640098
-266.7485534344766, 82.16246228640102
-266.7485534344765, 82.16246228640107
-266.74855343447643, 82.1624622864011
-266.7485534344763, 82.16246228640111
-266.7485534344762, 82.16246228640112
-264.95083158499153, 82.30834549373782
-258.085395992077, 82.86544524154196
-257.2082093017854, 82.9366510195312
-257.21683651563706, 82.94183826836611
-257.2202637451421, 82.9438989443343
-257.2202637451422, 82.94389894433434
-257.2202637451423, 82.9438989443344
-257.22026374514235, 82.94389894433448
-257.2202637451424, 82.94389894433455
-257.22026374514246, 82.94389894433463
-257.2202637451425, 82.94389894433472
-257.2202637451426, 82.9438989443348
-257.2202637451426, 82.9438989443349
-257.2202637451426, 82.943898944335
-257.22026374514263, 82.94389894433509
-257.22026374514263, 82.94389894433519
-257.2202637451426, 82.94389894433529
-257.2202637451426, 82.94389894433539
-257.2202637451426, 82.94389894433547
-257.2202637451425, 82.94389894433557
-257.22026374514246, 82.94389894433566
-257.2202637451424, 82.94389894433574
-257.22026374514235, 82.94389894433581
-257.2202637451423, 82.94389894433588
-257.22026374514223, 82.94389894433594
-257.2202637451421, 82.943898944336
-257.22026374514206, 82.94389894433604
-257.22026374514195, 82.94389894433608
-257.22026374514184, 82.94389894433611
-257.2202637451418, 82.94389894433614
-257.22026374514166, 82.94389894433614
-253.43598551338178, 83.25125711581096
-253.43598551338178, 85.87868140242053
-253.44211291026582, 94.09301090011188
-253.44095456382925, 95.83481344717775
-253.44095456382925, 95.83481344717785
-253.44095456382925, 95.83481344717794
-253.44095456382922, 95.83481344717804
-253.4409545638292, 95.83481344717812
-253.44095456382914, 95.8348134471782
-253.4409545638291, 95.83481344717829
-253.44095456382905, 95.83481344717838
-253.44095456382897, 95.83481344717845
-253.4409545638289, 95.8348134471785
-253.44095456382883, 95.83481344717858
-253.44095456382874, 95.83481344717862
-253.44095456382865, 95.83481344717866
-253.44095456382857, 95.8348134471787
-253.44095456382848, 95.83481344717873
-253.4409545638284, 95.83481344717875
-253.44095456382829, 95.83481344717875
-253.4409545638282, 95.83481344717875
-253.44095456382811, 95.83481344717875
-253.440954563828, 95.83481344717872
-253.44095456382792, 95.83481344717869
-253.44095456382783, 95.83481344717866
-253.44095456382775, 95.8348134471786
-252.30047482883265, 95.13372005722935
-250.39163454828486, 93.96030437153887
-246.27681281740823, 91.43076112695411
-246.27681281740823, 166.119176654294
-250.39163454828474, 162.73553171262822
-253.44095456382763, 160.22808789555015
-253.44095456382772, 160.2280878955501
-253.4409545638278, 160.22808789555003
-253.4409545638279, 160.22808789554998
-253.44095456382797, 160.22808789554995
-253.44095456382806, 160.22808789554992
-253.44095456382817, 160.22808789554992
-253.44095456382826, 160.22808789554992
-253.44095456382837, 160.22808789554992
-253.44095456382846, 160.22808789554995
-253.44095456382854, 160.22808789554995
-253.44095456382865, 160.22808789555
-253.44095456382874, 160.22808789555003
-253.44095456382883, 160.2280878955501
-253.44095456382888, 160.22808789555015
-253.44095456382897, 160.2280878955502
-253.44095456382902, 160.2280878955503
-253.44095456382908, 160.22808789555035
-253.44095456382914, 160.22808789555043
-253.4409545638292, 160.22808789555054
-253.44095456382922, 160.22808789555063
-253.44095456382925, 160.22808789555071
-253.44095456382925, 160.22808789555083
-253.44095456382925, 160.2280878955509
-253.4423571656619, 162.26917834595315
-253.43628343701508, 170.1962848511928
-253.43628343701508, 174.49895016643038
-253.43850012611182, 174.52936738354668
-255.93129650303504, 174.20618308827684
-260.0894818725424, 173.66708562300207
-260.08948187254254, 173.66708562300207
-260.08948187254265, 173.66708562300207
-260.0894818725427, 173.66708562300207
-260.0894818725428, 173.6670856230021
-260.08948187254293, 173.66708562300215
-260.089481872543, 173.66708562300218
-260.0894818725431, 173.66708562300224
-260.08948187254316, 173.6670856230023
-260.0894818725433, 173.66708562300238
-260.08948187254333, 173.66708562300244
-260.0903310875221, 173.6681331386073
-260.091021963699, 173.66897674557993
-260.09569938998237, 173.67465063027447
-260.0956993899824, 173.67465063027456
-260.0956993899825, 173.67465063027464
-260.0956993899825, 173.67465063027473
-260.09569938998254, 173.6746506302748
-260.09569938998254, 173.6746506302749
-260.0956993899826, 173.674650630275
-260.0956993899826, 173.6746506302751
-260.0956991082174, 173.67469078478638
-263.6781215234012, 173.20847571169455
-266.743259572049, 172.8095798267955
-266.7432595720491, 172.8095798267955
-266.74325957204917, 172.8095798267955
-266.7432595720493, 172.8095798267955
-266.7432595720494, 172.80957982679553
-266.7432595720495, 172.80957982679556
-266.74325957204957, 172.8095798267956
-266.7432595720497, 172.80957982679567
-266.74325957204974, 172.80957982679573
-266.7432595720498, 172.80957982679578
-266.7432595720499, 172.80957982679587
-266.74325957204996, 172.80957982679593
-266.74325957204996, 172.809579826796
-266.74325957205, 172.8095798267961
-266.7432595720501, 172.8095798267962
-266.7432595720501, 172.8095798267963
-266.74325957205014, 172.8095798267964
-266.74325957205014, 172.8095798267965
-266.75161288541796, 178.38767918313772
-266.8232914691052, 195.80525156522123
-266.8232914691052, 195.8052515652213
-266.82329146910513, 195.80525156522143
-266.82329146910513, 195.8052515652215
-266.8232914691051, 195.8052515652216
-266.8232914691051, 195.80525156522168
-266.823291469105, 195.80525156522177
-266.82329146910496, 195.80525156522185
-266.8232914691049, 195.80525156522194
-266.8232914691048, 195.805251565222
-266.82329146910473, 195.80525156522205
-266.8232914691046, 195.8052515652221
-266.82329146910456, 195.80525156522214
-266.82329146910445, 195.8052515652222
-266.8232914691044, 195.8052515652222
-266.8232914691043, 195.80525156522222
-244.10511434233598, 198.6118963812211
-243.7160039028568, 198.65782138317056
-243.71596978906092, 198.65782571607852
-243.71596978906084, 198.65782571607852
-243.71596978906072, 198.65782571607852
-243.71596978906064, 198.65782571607852
-243.71596978906052, 198.6578257160785
-243.71596978906044, 198.65782571607846
-243.71596978906035, 198.6578257160784
-243.71596978906027, 198.65782571607835
-243.71596978906018, 198.6578257160783
-243.7159697890601, 198.65782571607824
-243.71596978906004, 198.65782571607815
-243.71596978905998, 198.6578257160781
-243.71596978905993, 198.657825716078
-243.7159697890599, 198.65782571607792
-243.71596978905984, 198.6578257160778
-243.71596978905984, 198.65782571607772
-243.7159697890598, 198.6578257160776
-243.7159697890598, 198.65782571607753
-243.71443406503883, 195.81527408548357
-243.71443406503883, 192.05197046745548
-241.61241928176986, 192.31995839873272
-241.41482920971845, 192.34521986681503
-227.07561042482922, 194.17848756738303
-227.07561042482914, 194.17848756738303
-227.07561042482902, 194.17848756738303
-227.07561042482894, 194.17848756738303
-227.07561042482882, 194.178487567383
-227.07561042482874, 194.17848756738297
-227.07561042482865, 194.17848756738292
-227.07561042482857, 194.17848756738286
-227.07561042482848, 194.1784875673828
-227.0756104248284, 194.17848756738275
-227.07561042482834, 194.17848756738266
-227.07561042482828, 194.1784875673826
-227.07561042482823, 194.17848756738252
-227.0756104248282, 194.17848756738243
-227.07561042482814, 194.17848756738232
-227.07561042482814, 194.17848756738223
-227.0756104248281, 194.17848756738212
-227.0756104248281, 194.17848756738204
-227.0756104248281, 187.57181337304723
-216.44819124948884, 188.939250359718
-206.01318335419722, 190.28189176962152
-196.97932746584573, 191.44422700830089
-196.97932746584573, 198.0552118105461
-196.97932746584573, 198.05521181054618
-196.97932746584573, 198.0552118105463
-196.9793274658457, 198.05521181054638
-196.97932746584567, 198.05521181054647
-196.9793274658456, 198.05521181054655
-196.97932746584559, 198.05521181054664
-196.97932746584553, 198.05521181054672
-196.97932746584544, 198.05521181054678
-196.9793274658454, 198.05521181054687
-196.9793274658453, 198.05521181054692
-196.97932746584524, 198.05521181054695
-196.97932746584516, 198.055211810547
-196.97932746584505, 198.05521181054704
-196.97932746584496, 198.05521181054706
-196.97932746584488, 198.0552118105471
-181.50893599147568, 200.07424121131132
-169.52590165449234, 201.6381675042784
-156.67689826662613, 203.31518342919944
-156.676898266626, 203.31518342919944
-156.67689826662593, 203.31518342919944
-156.6768982666258, 203.31518342919944
-156.67689826662573, 203.3151834291994
-156.67689826662564, 203.31518342919938
-156.67689826662553, 203.31518342919932
-156.67689826662544, 203.3151834291993
-156.67689826662536, 203.31518342919924
-156.6768982666253, 203.31518342919915
-156.67689826662522, 203.3151834291991
-156.67689826662516, 203.315183429199
-156.6768982666251, 203.31518342919892
-156.67689826662507, 203.31518342919884
-156.67689826662502, 203.31518342919873
-156.67689826662502, 203.31518342919864
-156.676898266625, 203.31518342919856
-156.676898266625, 203.31518342919844
-156.676898266625, 196.69752290673864
-154.80824535102303, 196.9434319402391
-151.54736207587106, 197.3725440885817
-148.1681588553433, 197.82042725620337
-147.74398947338133, 197.8776773464896
-147.74398947338122, 197.8776773464896
-147.74398947338113, 197.8776773464896
-147.74398947338102, 197.8776773464896
-147.74398947338094, 197.87767734648958
-147.74398947338085, 197.87767734648955
-147.74398947338074, 197.8776773464895
-147.74398947338065, 197.87767734648946
-147.74398947338057, 197.8776773464894
-147.7439894733805, 197.87767734648932
-147.74398947338042, 197.87767734648926
-147.74398947338037, 197.87767734648918
-147.7439894733803, 197.8776773464891
-147.74398947338028, 197.877677346489
-147.74398947338022, 197.8776773464889
-147.74398947338022, 197.8776773464888
-147.7439894733802, 197.87767734648872
-147.7439894733802, 197.8776773464886
-147.7439894733802, 188.93980850997053
-147.7439915257407, 188.56218604741463
-147.7439915257407, 188.56218604741454
-147.7439915257407, 188.56218604741443
-147.74399152574074, 188.56218604741434
-147.74399152574077, 188.56218604741426
-147.74399152574082, 188.56218604741417
-147.74399152574085, 188.5621860474141
-147.7439915257409, 188.562186047414
-147.743991525741, 188.56218604741395
-147.74399152574105, 188.56218604741386
-147.74399152574114, 188.5621860474138
-147.7439915257412, 188.56218604741377
-147.74399152574128, 188.56218604741372
-147.7439915257414, 188.5621860474137
-147.74399152574148, 188.56218604741366
-147.74399152574156, 188.56218604741363
-150.17809274517688, 188.22878813769157
-153.09718635256334, 187.83395936913885
-153.10355379337685, 187.83305289318972
-153.1191590088092, 187.83083131738164
-150.18348971876443, 186.84121033593496
-148.046212574382, 186.12073289908673
-147.74399104183541, 186.01885197067432
-147.74399104183533, 186.0188519706743
-147.74399104183524, 186.01885197067426
-147.74399104183516, 186.0188519706742
-147.74399104183507, 186.01885197067415
-147.74399104183502, 186.01885197067406
-147.74399104183493, 186.018851970674
-147.7439910418349, 186.01885197067392
-147.74399104183485, 186.01885197067384
-147.7439910418348, 186.01885197067375
-147.74399104183476, 186.01885197067367
-147.74399104183473, 186.01885197067358
-147.74399104183473, 186.01885197067347
-147.74399104183473, 186.01885197067338
-147.74399104183485, 170.91214773840284
-147.74398929042852, 170.5814231624646
-147.74398929042852, 170.58142316246452
-147.74398929042854, 170.5814231624644
-147.74398929042854, 170.58142316246432
-147.7439892904286, 170.5814231624642
-147.74398929042863, 170.58142316246412
-147.7439892904287, 170.58142316246403
-147.74398929042874, 170.58142316246395
-147.7439892904288, 170.5814231624639
-147.74398929042889, 170.58142316246384
-147.74398929042897, 170.58142316246375
-147.74398929042906, 170.58142316246372
-147.74398929042914, 170.58142316246366
-147.74398929042923, 170.58142316246364
-147.74398929042934, 170.5814231624636
-147.74398929042943, 170.5814231624636
-147.74398929042954, 170.5814231624636
-147.74398929042962, 170.5814231624636
-147.74398929042974, 170.58142316246364
-147.74398929042982, 170.58142316246366
-151.54734524701476, 171.86351089460592
-156.676898266625, 173.59262636132596
-156.676898266625, 106.9652002138681
-151.5473620758714, 109.872205939255
-148.0462125743828, 111.85637084850038
-147.74398929043, 112.02764590180902
-147.7439892904299, 112.02764590180908
-147.74398929042982, 112.02764590180911
-147.7439892904297, 112.02764590180914
-147.74398929042962, 112.02764590180915
-147.7439892904295, 112.02764590180915
-147.74398929042943, 112.02764590180915
-147.74398929042934, 112.02764590180914
-147.74398929042923, 112.02764590180912
-147.74398929042914, 112.02764590180908
-147.74398929042906, 112.02764590180904
-147.74398929042897, 112.027645901809
-147.74398929042889, 112.02764590180894
-147.7439892904288, 112.02764590180887
-147.74398929042874, 112.0276459018088
-147.7439892904287, 112.02764590180871
-147.74398929042863, 112.02764590180863
-147.7439892904286, 112.02764590180854
-147.74398929042854, 112.02764590180846
-147.74398929042854, 112.02764590180836
-147.74398929042852, 112.02764590180826
-147.74398929042852, 112.02764590180816
-147.74398929042852, 93.2003883661754
-147.7439915257407, 92.67955274940233
-147.7439915257407, 92.67955274940223
-147.7439915257407, 92.67955274940213
-147.74399152574074, 92.67955274940205
-147.74399152574077, 92.67955274940195
-147.74399152574082, 92.67955274940186
-147.74399152574088, 92.67955274940178
-147.74399152574094, 92.67955274940171
-147.743991525741, 92.67955274940164
-147.74399152574105, 92.67955274940157
-147.74399152574114, 92.67955274940151
-147.74399152574122, 92.67955274940147
-149.53624274904342, 91.66383912988339
-149.51609290987884, 91.66549618902522
-149.51304938967294, 91.66574647851583
-149.49272669534813, 91.66740682935935
-149.48970344240732, 91.66765382714864
-148.03850558122045, 91.79793316341376
-147.7439548725088, 91.82437706731005
-147.7439548725087, 91.82437706731005
-147.7439548725086, 91.82437706731005
-147.7439548725085, 91.82437706731004
-147.7439548725084, 91.82437706731001
-147.7439548725083, 91.82437706730998
-147.74395487250823, 91.82437706730994
-147.74395487250814, 91.82437706730988
-147.74395487250806, 91.82437706730983
-147.743954872508, 91.82437706730975
-147.74395487250794, 91.82437706730968
-147.74395487250789, 91.82437706730961
-147.74395487250783, 91.82437706730953
-147.74395487250777, 91.82437706730944
-147.74395487250774, 91.82437706730934
-147.74395487250771, 91.82437706730926
-147.74395487250771, 91.82437706730916
-147.74395487250771, 91.82437706730906
-147.74395301031845, 89.73327444309542
-147.74398685892547, 69.16391400310648
-147.74398685892547, 69.16391400310638
-147.7439868589255, 69.16391400310629
-147.7439868589255, 69.16391400310619
-147.74398685892555, 69.1639140031061
-147.74398685892558, 69.16391400310602
-147.74398685892564, 69.16391400310593
-147.7439868589257, 69.16391400310584
-147.74398685892575, 69.16391400310577
-147.74398685892584, 69.1639140031057
-147.74398685892592, 69.16391400310565
-147.743986858926, 69.1639140031056
-147.7439868589261, 69.16391400310556
-147.74398685892618, 69.16391400310552
-147.7439868589263, 69.1639140031055
-147.74398685892638, 69.16391400310549
-151.54736207587084, 68.84486792129827
-159.46467372475328, 68.18952678234008
-172.0116348624375, 67.16402990040604
-184.179339672875, 66.16953065820141
-184.179339672875, -70.36084959082018
-159.46467372475328, -72.38077715452292
-151.54736207587084, -73.03611055997173
-147.74398685892638, -73.35516382321202
-147.7439868589263, -73.35516382321204
-147.74398685892618, -73.35516382321205
-147.7439868589261, -73.3551638232121
-147.743986858926, -73.35516382321214
-147.74398685892592, -73.35516382321218
-147.74398685892584, -73.35516382321224
-147.74398685892575, -73.35516382321231
-147.7439868589257, -73.35516382321238
-147.74398685892564, -73.35516382321246
-147.74398685892558, -73.35516382321255
-147.74398685892555, -73.35516382321264
-147.7439868589255, -73.35516382321272
-147.7439868589255, -73.35516382321282
-147.74398685892547, -73.35516382321292
-147.74398685892547, -73.35516382321302
-147.74398685892547, -93.87439225593074
-147.7440214744516, -93.89947716357702
-147.74402547115537, -95.40256743792101
-147.74402886466984, -95.55592435702422
-147.74395487250771, -95.56160175847694
-147.74395487250771, -95.56160175847695
-147.74395487250771, -96.01561894867883
-147.74395487250771, -96.01561894867893
-147.74395487250771, -96.01561894867903
-147.74395487250774, -96.01561894867912
-147.74395487250777, -96.01561894867922
-147.74395487250783, -96.0156189486793
-147.74395487250789, -96.01561894867939
-147.74395487250794, -96.01561894867946
-147.743954872508, -96.01561894867953
-147.74395487250806, -96.0156189486796
-147.74395487250814, -96.01561894867966
-147.74395487250823, -96.01561894867972
-147.7439548725083, -96.01561894867976
-147.7439548725084, -96.01561894867979
-147.7439548725085, -96.01561894867982
-147.7439548725086, -96.01561894867983
-147.7439548725087, -96.01561894867983
-147.7439548725088, -96.01561894867983
-149.48970344240732, -95.8588964658221
-149.5099963775398, -95.85730486306662
-149.51304938967294, -95.8570654111346
-149.53316985107702, -95.85534458219874
-149.5362427490434, -95.85508176855686
-148.04621257438183, -96.69951734785323
-147.74399152574122, -96.87079616514015
-147.74399152574114, -96.87079616514019
-147.74399152574105, -96.87079616514025
-147.743991525741, -96.87079616514032
-147.74399152574094, -96.87079616514039
-147.74399152574088, -96.87079616514046
-147.74399152574082, -96.87079616514055
-147.74399152574077, -96.87079616514063
-147.74399152574074, -96.87079616514073
-147.7439915257407, -96.87079616514082
-147.7439915257407, -96.87079616514092
-147.7439915257407, -96.87079616514102
-147.7439915257407, -115.8247384713735
-147.74398929042852, -116.21885244733339
-147.74398929042852, -116.21885244733349
-147.74398929042854, -116.21885244733359
-147.74398929042854, -116.21885244733369
-147.7439892904286, -116.21885244733377
-147.74398929042863, -116.21885244733386
-147.7439892904287, -116.21885244733394
-147.74398929042874, -116.21885244733403
-147.7439892904288, -116.2188524473341
-147.74398929042889, -116.21885244733417
-147.74398929042897, -116.21885244733423
-147.74398929042906, -116.21885244733427
-147.74398929042914, -116.21885244733431
-147.74398929042923, -116.21885244733436
-147.74398929042934, -116.21885244733437
-147.74398929042943, -116.21885244733438
-147.7439892904295, -116.21885244733438
-147.74398929042962, -116.21885244733438
-147.7439892904297, -116.21885244733437
-147.74398929042982, -116.21885244733434
-147.7439892904299, -116.21885244733431
-147.74398929043, -116.21885244733426
-151.5473620758714, -114.0634426624983
-156.676898266625, -111.15651914648687
-156.676898266625, -177.78386899999938
-151.54734524701476, -176.05472613006432
-148.04621257438262, -174.87450861657604
-147.74398929042982, -174.7726297079889
-147.74398929042974, -174.77262970798887
-147.74398929042962, -174.77262970798884
-147.74398929042954, -174.77262970798884
-147.74398929042943, -174.77262970798884
-147.74398929042934, -174.77262970798884
-147.74398929042923, -174.77262970798887
-147.74398929042914, -174.7726297079889
-147.74398929042906, -174.77262970798895
-147.74398929042897, -174.77262970798898
-147.74398929042889, -174.77262970798907
-147.7439892904288, -174.77262970798913
-147.74398929042874, -174.77262970798918
-147.7439892904287, -174.77262970798927
-147.74398929042863, -174.77262970798935
-147.7439892904286, -174.77262970798944
-147.74398929042854, -174.77262970798955
-147.74398929042854, -174.77262970798964
-147.74398929042852, -174.77262970798975
-147.74398929042852, -174.77262970798984
-147.74398929042852, -189.79452424750986
-147.74399104183473, -190.2100946093468
-147.74399104183473, -190.2100946093469
-147.74399104183473, -190.210094609347
-147.74399104183476, -190.2100946093471
-147.7439910418348, -190.21009460934718
-147.74399104183485, -190.21009460934727
-147.7439910418349, -190.21009460934735
-147.74399104183493, -190.21009460934744
-147.74399104183502, -190.2100946093475
-147.74399104183507, -190.21009460934758
-147.74399104183516, -190.21009460934764
-147.74399104183524, -190.2100946093477
-147.74399104183533, -190.21009460934772
-147.74399104183541, -190.21009460934775
-150.18348971876443, -191.0324529746084
-153.11915900880922, -192.02207395605507
-153.11280052692464, -192.02300123466327
-153.09718635256334, -192.0252783017576
-150.17809274517688, -192.42004452813254
-148.04621257438217, -192.7110481967671
-147.74399152574156, -192.75342713195667
-147.74399152574148, -192.7534271319567
-147.7439915257414, -192.75342713195673
-147.74399152574128, -192.75342713195676
-147.7439915257412, -192.7534271319568
-147.74399152574114, -192.75342713195684
-147.74399152574105, -192.7534271319569
-147.743991525741, -192.75342713195698
-147.7439915257409, -192.75342713195704
-147.74399152574085, -192.75342713195712
-147.74399152574082, -192.7534271319572
-147.74399152574077, -192.7534271319573
-147.74399152574074, -192.75342713195738
-147.7439915257407, -192.75342713195747
-147.7439915257407, -192.75342713195758
-147.7439915257407, -192.75342713195766
-147.7439894733802, -193.13105428930038
-147.7439894733802, -202.06892312581851
-147.7439894733802, -202.06892312581863
-147.74398947338022, -202.0689231258187
-147.74398947338022, -202.0689231258188
-147.74398947338028, -202.0689231258189
-147.7439894733803, -202.068923125819
-147.74398947338037, -202.06892312581908
-147.74398947338042, -202.06892312581917
-147.7439894733805, -202.06892312581923
-147.74398947338057, -202.0689231258193
-147.74398947338065, -202.06892312581937
-147.74398947338074, -202.0689231258194
-147.74398947338085, -202.06892312581945
-147.74398947338094, -202.06892312581948
-147.74398947338102, -202.0689231258195
-147.74398947338113, -202.0689231258195
-147.74398947338122, -202.0689231258195
-147.74398947338133, -202.0689231258195
-151.54736207587106, -201.56379747110267
-154.80824535102303, -201.13471272588518
-156.676898266625, -200.88880369238473
-156.676898266625, -207.50646421484453
-156.676898266625, -207.50646421484464
-156.67689826662502, -207.50646421484473
-156.67689826662502, -207.5064642148448
-156.67689826662507, -207.50646421484493
-156.6768982666251, -207.506464214845
-156.67689826662516, -207.5064642148451
-156.67689826662522, -207.50646421484518
-156.6768982666253, -207.50646421484524
-156.67689826662536, -207.50646421484532
-156.67689826662544, -207.50646421484538
-156.67689826662553, -207.5064642148454
-156.67689826662564, -207.50646421484547
-156.67689826662573, -207.5064642148455
-156.6768982666258, -207.50646421484552
-156.67689826662593, -207.50646421484552
-156.676898266626, -207.50646421484552
-156.67689826662613, -207.50646421484552
-169.52590165449234, -205.82938902931724
-181.50893599147568, -204.26548563091845
-196.97932746584488, -202.24653074316583
-196.97932746584496, -202.2465307431658
-196.97932746584505, -202.24653074316578
-196.97932746584516, -202.24653074316575
-196.97932746584524, -202.2465307431657
-196.9793274658453, -202.24653074316566
-196.9793274658454, -202.2465307431656
-196.97932746584544, -202.24653074316552
-196.97932746584553, -202.24653074316547
-196.97932746584559, -202.24653074316538
-196.9793274658456, -202.2465307431653
-196.97932746584567, -202.2465307431652
-196.9793274658457, -202.24653074316512
-196.97932746584573, -202.24653074316504
-196.97932746584573, -202.24653074316493
-196.97932746584573, -202.24653074316484
-196.97932746584573, -195.63543150000166
-206.01318335419722, -194.47311916222347
-216.44819124948884, -193.13051541168792
-227.0756104248281, -191.76313230566598
-227.0756104248281, -198.36973020605546
-227.0756104248281, -198.36973020605555
-227.07561042482814, -198.36973020605566
-227.07561042482814, -198.36973020605575
-227.0756104248282, -198.36973020605586
-227.07561042482823, -198.36973020605595
-227.07561042482828, -198.36973020605603
-227.07561042482834, -198.3697302060561
-227.0756104248284, -198.36973020605618
-227.07561042482848, -198.36973020605623
-227.07561042482857, -198.3697302060563
-227.07561042482865, -198.36973020605635
-227.07561042482874, -198.3697302060564
-227.07561042482882, -198.36973020605643
-227.07561042482894, -198.36973020605646
-227.07561042482902, -198.36973020605646
-227.07561042482914, -198.36973020605646
-227.07561042482922, -198.36973020605646
-241.41482920971833, -196.53646250548846
-241.61241928176986, -196.5112010374062
-243.71443406503883, -196.24319669338604
-243.7159697890598, -196.96707643359446
-243.7159697890598, -202.84916608889353
-243.7159697890598, -202.8491660888936
-243.71596978905984, -202.84916608889372
-243.71596978905984, -202.8491660888938
-243.7159697890599, -202.84916608889392
-243.71596978905993, -202.849166088894
-243.71596978905998, -202.8491660888941
-243.71596978906004, -202.84916608889415
-243.7159697890601, -202.84916608889424
-243.71596978906018, -202.8491660888943
-243.71596978906027, -202.84916608889435
-243.71596978906035, -202.8491660888944
-243.71596978906044, -202.84916608889446
-243.71596978906052, -202.8491660888945
-243.71596978906064, -202.84916608889452
-243.71596978906072, -202.84916608889452
-243.71596978906084, -202.84916608889452
-243.71596978906092, -202.84916608889452
-244.10506909690497, -202.80325724929995
-244.10511434233598, -202.80325157052638
-245.4870989222415, -202.64886000160126
-266.8232914691043, -199.99652401461034
-266.8232914691044, -199.99652401461032
-266.82329146910445, -199.99652401461032
-266.82329146910456, -199.99652401461026
-266.8232914691046, -199.99652401461023
-266.82329146910473, -199.99652401461017
-266.8232914691048, -199.99652401461012
-266.8232914691049, -199.99652401461006
-266.82329146910496, -199.99652401460997
-266.823291469105, -199.9965240146099
-266.8232914691051, -199.9965240146098
-266.8232914691051, -199.99652401460972
-266.82329146910513, -199.99652401460963
-266.82329146910513, -199.99652401460955
-266.8232914691052, -199.99652401460943
-266.8232914691052, -199.99652401460935
-266.8126578863984, -194.02268969749713
-266.75161288541796, -182.57893112837138
-266.74325957205014, -177.00082246546998
-266.74325957205014, -177.0008224654699
-266.7432595720501, -177.00082246546978
-266.7432595720501, -177.0008224654697
-266.74325957205, -177.00082246546958
-266.74325957204996, -177.0008224654695
-266.74325957204996, -177.0008224654694
-266.7432595720499, -177.00082246546935
-266.7432595720498, -177.00082246546927
-266.74325957204974, -177.0008224654692
-266.7432595720497, -177.00082246546916
-266.74325957204957, -177.0008224654691
-266.7432595720495, -177.00082246546904
-266.7432595720494, -177.000822465469
-266.7432595720493, -177.00082246546899
-266.74325957204917, -177.00082246546899
-266.7432595720491, -177.00082246546899
-266.743259572049, -177.00082246546899
-262.9745282939777, -177.49128370220714
-260.0956991082168, -177.86593342345992
-260.091021963699, -177.86018770283573
-260.08948187254333, -177.85829413542314
-260.0894818725433, -177.85829413542308
-260.08948187254316, -177.858294135423
-260.0894818725431, -177.85829413542294
-260.089481872543, -177.85829413542288
-260.08948187254293, -177.85829413542285
-260.0894818725428, -177.8582941354228
-260.0894818725427, -177.85829413542277
-260.08948187254265, -177.85829413542277
-260.08948187254254, -177.85829413542277
-260.0894818725424, -177.85829413542277
-258.85771331826476, -178.01799263389663
-253.43850012611182, -178.72059232820675
-253.43628343701508, -178.6901928051038
-253.43628343701508, -174.3875626412119
-253.4423571656619, -166.46049306238513
-253.44095456382925, -164.41941208639435
-253.44095456382925, -164.41941208639426
-253.44095456382925, -164.41941208639415
-253.44095456382922, -164.41941208639406
-253.4409545638292, -164.41941208639398
-253.44095456382914, -164.41941208639386
-253.44095456382908, -164.41941208639378
-253.44095456382902, -164.41941208639372
-253.44095456382897, -164.41941208639363
-253.44095456382888, -164.41941208639358
-253.44095456382883, -164.41941208639352
-253.44095456382874, -164.41941208639346
-253.44095456382865, -164.41941208639344
-253.44095456382854, -164.41941208639338
-253.44095456382846, -164.41941208639338
-253.44095456382837, -164.41941208639335
-253.44095456382826, -164.41941208639335
-253.44095456382817, -164.41941208639335
-253.44095456382806, -164.41941208639335
-253.44095456382797, -164.41941208639338
-253.4409545638279, -164.4194120863934
-253.4409545638278, -164.41941208639346
-253.44095456382772, -164.41941208639352
-253.44095456382763, -164.41941208639358
-252.30047482883253, -165.35723012340603
-250.39163454828474, -166.92681517590742
-246.27681281740823, -170.31049558691274
-246.27681281740823, -95.62208005957288
-250.39163454828486, -98.15158783481806
-253.44095456382775, -100.02613763802199
-253.44095456382783, -100.02613763802205
-253.44095456382792, -100.02613763802208
-253.440954563828, -100.0261376380221
-253.44095456382811, -100.02613763802213
-253.4409545638282, -100.02613763802213
-253.44095456382829, -100.02613763802213
-253.4409545638284, -100.02613763802213
-253.44095456382848, -100.02613763802212
-253.44095456382857, -100.02613763802209
-253.44095456382865, -100.02613763802205
-253.44095456382874, -100.026137638022
-253.44095456382883, -100.02613763802196
-253.4409545638289, -100.0261376380219
-253.44095456382897, -100.02613763802184
-253.44095456382905, -100.02613763802177
-253.4409545638291, -100.02613763802168
-253.44095456382914, -100.0261376380216
-253.4409545638292, -100.02613763802151
-253.44095456382922, -100.02613763802142
-253.44095456382925, -100.02613763802132
-253.44095456382925, -100.02613763802124
-253.44095456382925, -100.02613763802114
-253.44211291026582, -98.2843210945598
-253.43598551338178, -90.06995042376965
-253.43598551338178, -87.44252613716007
-255.51210902221774, -87.27388940908627
-257.22026374514166, -87.1351415830096
-257.2202637451418, -87.1351415830096
-257.22026374514184, -87.13514158300957
-257.22026374514195, -87.13514158300954
-257.22026374514206, -87.1351415830095
-257.2202637451421, -87.13514158300946
-257.22026374514223, -87.1351415830094
-257.2202637451423, -87.13514158300934
-257.22026374514235, -87.13514158300927
-257.2202637451424, -87.1351415830092
-257.22026374514246, -87.13514158300912
-257.2202637451425, -87.13514158300903
-257.2202637451426, -87.13514158300893
-257.2202637451426, -87.13514158300885
-257.2202637451426, -87.13514158300875
-257.22026374514263, -87.13514158300865
-257.22026374514263, -87.13514158300855
-257.2202637451426, -87.13514158300846
-257.2202637451426, -87.13514158300836
-257.2202637451426, -87.13514158300826
-257.2202637451425, -87.13514158300818
-257.22026374514246, -87.13514158300809
-257.2202637451424, -87.13514158300801
-257.22026374514235, -87.13514158300794
-257.2202637451423, -87.13514158300787
-257.2202637451422, -87.1351415830078
-257.2202637451421, -87.13514158300775
-257.21683651563706, -87.13305921571359
-257.20820930178536, -87.12781736425934
-258.085395992077, -87.05666866505005
-266.7485534344762, -86.35362863112927
-266.7485534344763, -86.35362863112925
-266.74855343447643, -86.35362863112924
-266.7485534344765, -86.35362863112921
-266.7485534344766, -86.35362863112917
-266.74855343447666, -86.35362863112913
-266.7485534344768, -86.35362863112906
-266.74855343447683, -86.353628631129
-266.7485534344769, -86.35362863112893
-266.74855343447695, -86.35362863112884
-266.748553434477, -86.35362863112876
-266.74855343447706, -86.35362863112867
-266.7485534344771, -86.35362863112857
-266.7485534344771, -86.35362863112847
-266.7485534344772, -86.35362863112837
-266.7485534344772, -86.35362863112827
-266.7499559426471, -84.62687707898881
-266.74693532173404, -84.04750350543199
-266.7396733557318, -80.35733711863486
-266.74133638811344, -77.21382876913367
-266.7481187317114, -64.24831721194042
-266.7481187317114, -64.24831721194032
-266.7481187317113, -64.24831721194023
-266.7481187317113, -64.24831721194013
-266.74811873171126, -64.24831721194005
-266.74811873171126, -64.24831721193996
-266.7481187317112, -64.24831721193988
-266.74811873171114, -64.24831721193979
-266.7481187317111, -64.24831721193972
-266.748118731711, -64.24831721193966
-266.7481187317109, -64.2483172119396
-266.74811873171086, -64.24831721193955
-266.74811873171075, -64.24831721193951
-266.7481187317107, -64.24831721193947
-266.7481187317106, -64.24831721193944
-266.74811873171046, -64.24831721193942
-266.7481187317104, -64.24831721193942
-266.7481187317103, -64.24831721193942
-262.5853448446512, -64.54895313034696
-260.08789367883764, -64.68893468219224
-260.0921421475212, -64.58631090319288
-260.1079148223543, -64.20700902600514
-260.1079148223543, -64.20700902600504
-260.10791482235425, -64.20700902600494
-260.10791482235425, -64.20700902600484
-260.10791482235425, -64.20700902600476
-260.1079148223542, -64.20700902600466
-260.10791482235413, -64.20700902600457
-260.1079148223541, -64.2070090260045
-260.107914822354, -64.20700902600441
-260.10791482235396, -64.20700902600434
-260.10791482235385, -64.20700902600429
-260.1079148223538, -64.20700902600423
-260.1079148223537, -64.20700902600419
-260.1079148223536, -64.20700902600416
-260.1079148223535, -64.20700902600413
-260.1079148223534, -64.2070090260041
-260.10791482235334, -64.2070090260041
-260.1079148223532, -64.2070090260041
-257.46314707731676, -64.42180716218202
-253.4381739078076, -64.74873242145458
-253.43605883304932, -64.7441921982223
-253.43605883304932, -60.55152200924668
-253.4408492481938, -47.04799932058403
-253.4408492481938, -47.04799932058393
-253.4408492481938, -47.047999320583834
-253.44084924819379, -47.04799932058374
-253.44084924819373, -47.04799932058365
-253.4408492481937, -47.04799932058356
-253.44084924819364, -47.04799932058348
-253.4408492481936, -47.04799932058339
-253.44084924819353, -47.04799932058332
-253.44084924819344, -47.04799932058326
-253.44084924819336, -47.0479993205832
-253.44084924819327, -47.04799932058315
-253.4408492481932, -47.04799932058311
-253.4408492481931, -47.047999320583074
-253.44084924819302, -47.04799932058305
-253.4408492481929, -47.04799932058304
-253.44084924819282, -47.04799932058303
-253.4408492481927, -47.04799932058304
-253.44084924819262, -47.04799932058305
-253.44084924819254, -47.04799932058308
-253.44084924819242, -47.04799932058311
-253.44084924819234, -47.04799932058315
-253.44084924819225, -47.04799932058321
-253.44084924819217, -47.047999320583266
-253.4408492481921, -47.04799932058333
-253.4408492481921, -47.04799932058334
-252.28351468801364, -48.23297583454079
-250.39163454828466, -50.1700235876738
-246.27681281740823, -54.38314268163897
-246.27681281740823, 50.191900042965514
-250.39163454828466, 45.978780949000345
-253.4408492481921, 42.85675668190988
-253.44084924819217, 42.85675668190981
-253.44084924819225, 42.85675668190975
-253.44084924819234, 42.856756681909694
-253.44084924819242, 42.85675668190965
-253.44084924819254, 42.85675668190962
-253.44084924819262, 42.856756681909594
-253.4408492481927, 42.85675668190958
-253.44084924819282, 42.85675668190957
-253.4408492481929, 42.85675668190958
-253.44084924819302, 42.856756681909594
-253.4408492481931, 42.856756681909616
-253.4408492481932, 42.85675668190965
-253.44084924819327, 42.856756681909694
-253.44084924819336, 42.856756681909744
-253.44084924819344, 42.8567566819098
-253.44084924819353, 42.856756681909864
-253.4408492481936, 42.856756681909935
-253.44084924819364, 42.85675668191002
-253.4408492481937, 42.8567566819101
-253.44084924819373, 42.85675668191019
-253.44084924819379, 42.856756681910284
-253.4408492481938, 42.856756681910376
-253.4408492481938, 42.856756681910475
-253.4408492481938, 42.856756681910575
-253.4421083284823, 45.36435710885151
-253.43922919402237, 47.088703602113156
-253.4376750404314, 49.301149988217574
-253.43605883304932, 56.360279370573224
-253.43605883304932, 60.55294955954858
-253.4414530034922, 60.557204167677924
Holes:
Exterior:
-123.07126498918825, -204.91940691200898
-123.04478176714161, -196.1287632810279
-144.4564953130744, -193.2009025876199
-146.84926525043676, -192.87652021061285
-146.84926312793112, -193.82452818421518
-146.849266690761, -194.86051722806326
-146.849266690761, -203.357310445736
-146.849266690761, -215.42441334839634
-125.37784976430947, -218.27813247796263
-123.0141600861528, -218.59260792911215
-123.07126498918825, -204.91940691200898
Holes:
Exterior:
261.044585604354, -148.80621554019632
261.0423207768184, -136.49507850066118
252.72170530196766, -139.58552555294426
249.39252534311254, -140.82203119071312
248.30728077849116, -141.22511448173952
248.30728077849116, -155.7209640256795
248.3027251909176, -157.17201639830614
260.2587370980941, -152.7312676734499
261.05694315606985, -152.43479530430096
261.044585604354, -148.80621554019632
Holes:
Exterior:
261.044585604354, 144.6150231195776
261.0597476412968, 147.45097568319176
261.0569431560699, 148.2436227518711
249.48590610689487, 152.54134379772063
248.3027251909176, 152.98080353165778
248.3027251909176, 138.78593676900005
248.30728077849116, 137.03390652262976
252.72170530196766, 135.3942944237417
261.0423207768184, 132.30376188022854
261.05888885122704, 136.2482969483102
261.044585604354, 144.6150231195776
Holes:
Exterior:
276.2799879196998, -254.65465288470278
275.0062987548584, -254.4556982236336
261.0470759895669, -252.27494180430972
261.060977286068, -249.1167675507741
261.0455786283083, -237.46735778716328
261.06033487794303, -234.7733039248305
261.0569431560699, -233.7514930010313
249.48590610689487, -226.48386154779575
248.3027251909176, -225.74072723199896
248.3027251909176, -244.03640723788862
248.30860460201717, -246.29608542472522
251.9262751937159, -248.56830018966474
256.76197502438964, -251.60550901464921
248.28920803532492, -250.2952588125135
248.28628353550698, -268.7964142040496
248.28628353550698, -270.39084323811187
248.2834054909388, -271.9015908774347
248.28463926431604, -272.75124676252966
272.75740366797027, -276.6255160037094
275.5040337290857, -277.06852505599835
278.16041785708705, -277.4898617985052
280.05131237402645, -277.80204804748104
280.0380217605141, -275.71804227597823
280.02993066508384, -272.02946043320856
280.0273261871399, -255.24005364689066
277.69131352600516, -254.87512261651693
276.5878587545263, -254.7027274269194
276.2799879196998, -254.65465288470278
Holes:
Exterior:
145.05871160266582, 239.2720655723565
145.0583067133232, 233.8765553760935
145.05831047848477, 230.39272254462668
159.96170257010766, 232.60284757283637
162.5832136614481, 232.99670301812102
163.4590854216571, 233.13080598398034
163.68407707590126, 233.16430910386333
174.21613196255151, 234.75865992055049
231.43073339240874, 243.53835466872772
231.43080536624802, 251.53507330737438
231.43073612548, 252.52248773739137
202.8462178468206, 248.14428862545924
176.77852516672766, 244.07715610259754
171.76670687709355, 243.3245920306593
165.6541259651828, 242.37869514922403
160.15344856563797, 241.53870182817388
152.1777942579733, 240.32923235932577
150.63509776902106, 240.10103630325108
145.05871160266582, 239.2720655723565
Holes:
Exterior:
145.05871160266582, -243.46332481687324
152.1777942579733, -244.52047814215166
153.59354378852805, -244.73444692752963
162.80029625965864, -246.1297998345185
165.6541259651828, -246.5699269298937
171.76670687709355, -247.51589202083318
176.77852516672766, -248.26847503521634
231.4307361254801, -256.7137732644483
231.4305700233665, -250.38721759426988
231.43073339240874, -247.72956951670352
198.75466515401234, -242.72979629742036
174.21613196255151, -238.94985202058518
163.68407707590126, -237.35549190094963
163.4590854216571, -237.32207864277103
159.96170257010766, -236.7941283584825
153.8932839525914, -235.89867651144965
145.05831047848477, -234.58401117084168
145.05830671332313, -238.06785113118457
145.05871160266582, -243.46332481687324
Holes:
Exterior:
248.2834054909388, 267.71027676805795
248.28628353550698, 266.19953773271624
248.28920803532492, 247.7021593318625
248.28920803532492, 246.10405432081274
256.76197502438964, 247.41430452294844
251.9262751937159, 244.37708475677346
249.39291932410666, 242.78591928462436
248.30860460201717, 242.10487402097243
248.30860460201717, 223.41505711632698
248.3027251909176, 221.54944644635287
260.2587370980941, 229.0588371195022
261.05694315606985, 229.56017613764647
261.0455786283083, 233.27605267545925
261.04250454033445, 240.28579209981035
261.0470759895669, 248.08371043351514
268.16211570954295, 249.19520108010067
275.0062987548584, 250.26437929101485
275.3868986916153, 250.32384442805886
276.5878587545263, 250.5114535496167
280.0273261871399, 251.04878257435553
280.02993066508384, 267.8381609463239
280.05131237402645, 273.61073154040514
278.63518469540145, 273.3782335715384
278.16041785708705, 273.29854732965083
275.5040337290857, 272.87722239914694
272.75740366797027, 272.4342231779431
256.63213880326816, 269.95643315918187
248.28463926431604, 268.5599301927549
248.284047522724, 268.33140138043564
248.2834054909388, 267.71027676805795
Holes:
Exterior:
199.7778738996081, -159.2500573655263
174.29928587840374, -168.71339335476137
163.74699089353027, -172.63273069433671
162.80029625965864, -172.03813161633838
160.15344856563797, -170.3756965063228
154.2199294062205, -166.64895336672805
145.05841519811423, -160.89476976268043
145.05853820775957, -179.57403710504883
145.05854168421826, -181.44662815546462
145.05846523196607, -192.88454495913095
145.05846523196607, -195.51929675476765
156.94310739355973, -191.10505819608153
159.13822624509277, -190.28974363378984
162.80029625965864, -192.5898737571619
173.03902728634517, -199.02063175383444
231.43076982653457, -235.6954230555708
231.43076982653457, -220.4764486724942
231.4308488067125, -215.1438099358566
205.51314767287437, -198.86539902335022
179.70005485837402, -182.65264341406328
231.4308488067125, -163.43862361808306
231.4308488067125, -152.73478768773703
231.43083916643548, -147.4934089957111
199.7778738996081, -159.2500573655263
Holes:
Exterior:
-145.8622424654415, 93.74593566440132
-145.8541382186874, 93.75063223663155
-145.33340093429632, 94.04573527647298
-123.0322731748036, 106.68421558107079
-123.02604951363986, 109.76973967053219
-123.07176095962114, 126.0097861425766
-145.3435824527699, 113.38794433328441
-146.84926373248067, 112.53465093744641
-146.84926533100685, 111.95371553836017
-146.84926533100685, 93.18656450475895
-145.8622424654415, 93.74593566440132
Holes:
Exterior:
151.9847652736746, 188.7554551606749
145.05846523196607, 191.32804781276974
145.05854168421826, 177.2553518497661
145.05853820775957, 175.3827597952079
145.05841519811423, 160.9797179030307
145.05841519811423, 156.70350331205077
160.15344856563797, 166.18446053445638
162.80029625965864, 167.84688897766495
163.74699089353027, 168.44148805566329
174.29928587840374, 164.52212548343607
231.4308391664356, 143.30219411529544
231.4308391664356, 154.90497932870556
231.4308488067125, 159.2473940476981
205.51314767287437, 168.87381152612403
179.70005485837402, 178.4613626284172
231.4308488067125, 210.95252915021058
231.4308488067125, 224.74869133231311
231.43076982653446, 231.50420866557369
197.49485754381863, 210.18964375607675
173.03902728634517, 194.82938911516095
162.80029625965864, 188.39860080735406
159.13822624509277, 186.0985009951164
156.94310739355973, 186.9138050595704
151.9847652736746, 188.7554551606749
Holes:
Exterior:
274.51535098737804, -115.21584198129366
260.9996647292827, -113.69068036305359
258.49244049450635, -113.41466074836237
257.25119536273735, -113.25744762716917
252.80057952879116, -112.75324026836817
251.4445444125142, -112.6110111950957
248.30094219068815, -112.26548093053496
248.30094219068815, -131.95398738375195
248.30738194398262, -134.66025929044002
251.4445444125142, -134.99201695248155
261.29382027380507, -136.03359812924884
262.0651671630615, -136.11516782812578
264.554065388533, -136.39816855058695
276.3521148291136, -137.73968568040226
279.8534056884522, -138.13787290625078
279.86699874216566, -138.13941847964128
280.0275044408021, -138.15766957445044
280.027426461325, -137.85650980468495
280.04039060875203, -115.83929696656205
274.51535098737804, -115.21584198129366
Holes:
Exterior:
-123.06514666323943, 88.80112387036178
-123.03498270141625, 94.04260043320843
-143.87344688383308, 92.17184775091434
-145.34642347271637, 92.03961130761294
-146.84926395477675, 91.90469594348033
-146.84926508839618, 91.38079868880371
-146.84926379482437, 90.98929474156672
-146.84926473816228, 90.56747847854699
-146.84926473816228, 69.24238811737335
-145.34347793860644, 69.37475405234882
-145.331298971717, 69.37591038483795
-145.31919373439547, 69.37697647059986
-123.12078610952875, 71.35523133635937
-123.06514666323943, 88.80112387036178
Holes:
Exterior:
78.11076812697564, -246.8353689763752
96.19042138314404, -249.50635505348907
96.19042138314404, -248.19962194205107
96.19042138314404, -246.89306820987952
96.19042138314404, -245.15403106624194
96.19048243684824, -227.31736473603235
89.3130454095006, -226.2925311996355
86.89331335258731, -225.9197824941901
70.43457735203157, -223.49563989269342
69.93366691892089, -223.42229673437578
70.43457735203157, -223.23626068465262
78.72659940699083, -220.15642188311097
96.19048103902702, -213.6700110327883
96.19049774661795, -208.54463225427656
96.19049774661795, -197.72478977217918
89.30921553927766, -200.28063987024842
67.48518579526063, -208.3865449836747
67.32319328610839, -208.44671079687578
67.32319328610834, -133.43954390398
67.32319328610839, -132.6222784238289
67.48518579526063, -132.72402092992365
89.30835709021153, -146.43072780747036
96.19049774661795, -150.75331562078287
96.190477540926, -145.65953343476946
96.190477540926, -130.20169007703112
89.31187899671806, -125.88137735649879
80.66371247102899, -120.44959277127936
73.92918083493652, -116.21976682714923
85.59998215670527, -117.45391827686096
89.31512616750564, -117.84681246366524
96.190486816754, -118.57390235410391
96.19047114165045, -114.00253034494347
96.1904492224354, -111.01093350620327
96.19039384209094, -103.21585644489106
96.19039384209094, -96.05998887817114
89.307716424197, -95.38102273341386
66.90844179506973, -93.21490749056566
66.8442885194558, -104.9390860401205
66.7818530187223, -112.34833534554024
66.76913650591194, -132.0702713118834
66.76880793615203, -132.25878524317005
66.76868461759767, -132.4862143868566
66.76868631900635, -134.17364598126198
66.76868631900635, -208.35572625619443
66.77154241508441, -221.27287508203898
66.77295411810877, -222.96283062742543
66.89366595259645, -230.26951932487628
66.88604537996923, -230.90991924437793
66.7908522619195, -238.8800844959435
66.80607980543465, -245.20420433226047
78.11076812697564, -246.8353689763752
Holes:
Exterior:
-126.02105410527412, 178.69605837558214
-146.84926547759034, 185.71721184348968
-146.84926373248067, 185.10454299904114
-146.84926373248067, 170.2797481108841
-145.36613411195373, 169.77978764519605
-145.35412893737504, 169.77569408052534
-145.34219605455525, 169.7717803641379
-145.31941878009428, 169.7641013967429
-123.07172546434066, 162.26437499112564
-123.08748439962181, 169.36402469482385
-123.0407542606095, 177.6913934634971
-126.02105410527412, 178.69605837558214
Holes:
Exterior:
-146.84926395477675, -96.09593858215379
-146.15754633102375, -96.15803912973135
-145.34642347271637, -96.2308539462864
-143.87344688383308, -96.36308563900198
-123.03498270141625, -98.23382069480213
-123.0582178527232, -89.05690860276549
-123.05828738279735, -89.0522338032395
-123.0583006424543, -89.0474800075344
-123.12078610952875, -75.54650395277834
-137.21501722063755, -74.30886760204518
-146.84926473816228, -73.43363522294769
-146.84926473816228, -94.75872558412132
-146.84926379482437, -95.18054043884634
-146.84926395477675, -96.09593858215379
Holes:
Exterior:
-146.84926533100685, -97.37788229195876
-146.84926373248067, -98.14573997426267
-146.84926373248067, -116.7258584570633
-145.36613411195373, -117.56637601728535
-145.35412893737504, -117.5732808561822
-145.34219605455525, -117.57999210191767
-145.31929998225468, -117.59296235844441
-123.07176095962114, -130.20106998885308
-123.08971959236106, -121.29156548601476
-123.0322731748036, -110.87549028834184
-124.95773961556898, -109.78430739221959
-146.84926533100685, -97.37788229195876
Holes:
Exterior:
-146.84926547759034, -174.9585755816525
-146.84926547759034, -189.90852836673866
-145.79050264138738, -189.55161771275687
-145.3475741232508, -189.40230778120042
-145.33542778855082, -189.39820230868628
-123.0407542606095, -181.8826447202942
-123.03301788807056, -178.38914461594925
-123.07172546434066, -166.45565271449345
-145.34369947082195, -173.96354318677993
-146.84926373248067, -174.47106552954483
-146.84926547759034, -174.9585755816525
Holes:
Exterior:
231.43074918984763, 106.23075857326013
231.43074918984763, 121.3257551196235
231.43076982653446, 128.68426442258664
198.44556654437133, 125.19605882323128
173.03902728634517, 122.50933388865882
169.40665324775938, 122.12522356988447
160.15344856563797, 121.14668609539277
154.2199294062205, 120.51920790100783
145.05841519811423, 119.55037189804128
145.05859396970538, 101.44902888363694
145.05859396970538, 96.93776481211036
160.15344856563797, 98.4928324025694
169.40665324775938, 99.48061655583138
173.03902728634517, 99.86152287839693
177.39845025641085, 100.33002029419714
184.03202189570158, 101.03445533822882
231.43074918984763, 106.23075857326013
Holes:
Exterior:
145.05841519811423, -123.74166855832485
160.15344856563797, -125.33797354784592
169.40665324775938, -126.31654250250324
173.03902728634517, -126.70065282127759
231.43076982653446, -132.87555510652908
231.43074918984752, -125.51701111356091
231.43074918984763, -110.42196306496093
204.06038916508192, -107.43461827926376
184.03202189570158, -105.22565982992963
177.39845025641085, -104.52125335217511
173.47556536986292, -104.11067829027574
169.40665324775938, -103.67187583461049
160.15344856563797, -102.68409985460146
159.77885677410706, -102.64610670252469
145.05859396970533, -101.12898449581004
145.05859396970533, -105.64024856733663
145.05838953423944, -118.28535643397262
145.05841519811423, -123.74166855832485
Holes:
Exterior:
-146.849266690761, 211.23317070972286
-146.849266690761, 199.16596349134687
-146.849266690761, 190.6692398174846
-146.84926525043676, 188.6852394249667
-145.87814082488018, 188.81990675277456
-145.34553424167387, 188.89098094787397
-144.4564953130744, 189.00961798399715
-144.41925957289897, 189.01476389535884
-123.04478176714161, 191.93744434840914
-123.01548419127238, 213.7974216496291
-123.01682037370853, 214.40306720107986
-136.91610530176564, 212.5713290400721
-146.849266690761, 211.23317070972286
Holes:
Exterior:
248.30738194398262, 130.46897504808152
248.30094219068815, 127.76270659810585
248.30094219068815, 108.07426731937647
252.7748830504065, 108.5592469142035
257.2509536188661, 109.06643418021604
258.49195321873515, 109.22388086657207
273.68931714080543, 110.93402815270197
274.51453048511144, 111.02511679812906
280.04116621906894, 111.64879851946303
280.02743336385606, 133.67046193452552
280.0275044408021, 133.966351392018
279.86699874216566, 133.94809954702248
279.8534056884522, 133.94655397363204
276.3521148291136, 133.54845904894853
264.554065388533, 132.20687079960004
262.0651671630615, 131.92384889550704
261.29382027380507, 131.8422791966301
251.4445444125142, 130.80073234889375
250.7906894697388, 130.7315828120926
248.30738194398262, 130.46897504808152
Holes:
Exterior:
66.77154241508441, 217.08163244336555
66.76868631900635, 204.16440897609738
66.76868461759767, 202.4769323592974
66.76868461759767, 128.29497092190007
66.76880793615203, 128.06754260449657
66.76913650591194, 127.87902867320993
66.7818530187223, 108.15699444545182
66.90844179506973, 89.0236223063187
90.6134708008895, 91.33192554125235
96.19039384209094, 91.86874623949768
96.19039384209094, 99.02457726599043
96.1904492224354, 106.81958919511273
96.190486816754, 114.38254978827642
91.4563828801326, 113.88191601570705
89.31512616750564, 113.65549068403121
85.59998215670527, 113.26261565153399
73.92918083493652, 112.0284097475578
80.66371247102899, 116.25827575672236
96.190477540926, 126.01036136156067
96.19049774661795, 132.61645547862685
96.19049774661795, 146.56203483513673
89.30835709021153, 142.23943820433863
67.48518579526063, 128.53277735580735
67.32319328610839, 128.43103578515547
67.32319328610834, 203.438127206432
67.32319328610839, 204.25539186425704
67.48518579526063, 204.19522698649882
89.30921553927766, 196.08936790100302
96.19049774661795, 193.5335089865331
96.19048103902702, 197.69930130384262
96.19048103902702, 209.47874021323446
89.31602010706871, 212.03206030666576
78.72659940699083, 215.9651636527483
70.43457735203157, 219.04501326356143
69.93366691892089, 219.23105409570235
70.43457735203157, 219.30438768918447
86.89331335258731, 221.7284635615713
96.19048243684824, 223.1260458034136
96.19043949441505, 231.73798094043104
96.19042138314404, 240.96280415213283
96.19042138314404, 242.7018412957704
96.19042138314404, 244.00840250207807
96.19042138314404, 245.31513561351608
78.04345349055319, 242.63356354364151
74.73373425648248, 242.15294588402145
66.80464186438371, 241.01170433581103
66.78961151665698, 234.73092785111265
66.88589015780053, 226.71853419815852
66.89362706031835, 226.07827239633986
66.77295411810877, 218.77159427695074
66.7757888137503, 218.53671602226842
66.77154241508441, 217.08163244336555
Holes:
