Exterior:
-15.498072937723464, -91.68111392149332
-14.708455780765462, -91.9751132428395
-14.319452187960678, -92.11979719781758
-14.088705487729612, -92.20569936318627
-14.074598621486302, -92.21009767576224
-13.608772653421966, -92.38362735932736
-13.35680100412219, -92.46228716282509
-12.882480136388267, -92.60909506109255
-12.623454931096376, -92.69006801232028
-12.144388984961324, -92.83869312566766
-11.99549325167095, -92.8851707404743
-11.945571487078496, -92.89809169346925
-11.587232635454257, -93.00903188811223
-11.518800107737889, -93.02673806287623
-10.898921514265794, -93.18389782760443
-10.620524431006515, -93.25578003541298
-10.288426690406368, -93.34166241193877
-9.794278978007696, -93.46701169338101
-9.7051844557177, -93.48559714151584
-9.466613172504822, -93.5461514497292
-9.314553232406297, -93.57792010094435
-9.052853878844644, -93.63076734224262
-8.75449341453077, -93.6930258925444
-8.246949375979284, -93.79555907455139
-8.006176118946087, -93.84581932169856
-7.875380524734737, -93.86705556098069
-7.262591673046927, -93.99090592649817
-7.015017974122657, -94.03107596383558
-6.610437176498863, -94.09336773975643
-6.291225881262562, -94.14514097684298
-5.777124158073548, -94.22431032183273
-5.645818562114528, -94.24563663066016
-5.166654230314407, -94.31939720973052
-4.990448172468177, -94.34013611558784
-4.969677617352772, -94.34258239885214
-4.4187900023748625, -94.40226626344347
-4.082828057115421, -94.44197913698655
-3.7402151738174325, -94.48241195371266
-3.222841972911283, -94.53846835333073
-3.0001383577894103, -94.55523144229268
-2.667659283899866, -94.59125012022757
-2.542955590860629, -94.60067121613257
-2.358817469053747, -94.61253878158026
-2.004194806702344, -94.6393305804102
-1.4844507225134294, -94.67280036266328
-1.27078583184516, -94.68893053202282
-1.123074657397865, -94.69398334201249
-0.606265557115421, -94.72731552791
-0.4833126898017781, -94.73142621572494
-0.3103483231232076, -94.74249578800048
-0.06467434777755443, -94.7508442427129
0.2796099729823709, -94.75818358100935
0.6534781267512244, -94.77091322545003
1.169951359051538, -94.78190432180408
1.232234758110053, -94.7840071309733
1.7454377542878774, -94.79503514262639
2.064022528822079, -94.79280772982169
2.7214198692734044, -94.7882004428667
2.834847136924054, -94.78281877308919
3.849300849134579, -94.76121154424378
4.107239886448497, -94.74894325125956
4.438704936467502, -94.74185525199238
5.0580841945754855, -94.71219148519891
5.711857950873991, -94.67014001300511
6.142869890590873, -94.63187336085788
6.795642227050621, -94.58979760897994
7.049293577589879, -94.56714542406682
7.352718817884579, -94.53425974038424
7.672334045768139, -94.50588127435603
8.13805126337411, -94.44464277375043
8.162386751269196, -94.44149796764273
9.118072406072315, -94.33793842159594
9.640447303765086, -94.26918825328494
9.879419370878622, -94.227249367332
10.739848278706859, -94.09476435097281
11.045970112611485, -94.04089987196896
11.389147373487049, -93.98803896796913
11.857805106745673, -93.90561465033663
12.370013086759627, -93.80217487101538
12.962564221208368, -93.67008167281081
13.592149786909886, -93.54281114564594
13.780965201138542, -93.50070332286917
14.006267900854027, -93.45043022706233
14.542681830491347, -93.30368743699783
14.637244315920498, -93.27789441998314
14.83015038502208, -93.22899196176726
15.711801248502297, -93.00528204508817
16.07113885124295, -92.90686883869223
16.367405270295194, -92.80942358729497
17.011539068737648, -92.60977153708102
17.373906762835304, -92.4904959504984
17.731644995275474, -92.37965766553855
18.03721214380471, -92.27900395670935
18.105444890545414, -92.25232977341531
18.452699774825305, -92.12309787754104
19.059552683153697, -91.88579440515429
19.638274259043783, -91.67017930940013
19.741369545345833, -91.62992634648076
19.831942172095978, -91.58991524287734
19.981399753495225, -91.5313233099195
20.604311123666776, -91.25506105676291
21.13705525222258, -91.00907135961675
21.283621788055825, -90.94134047096225
21.417347339672688, -90.88210751000254
21.618688070962662, -90.78906070095638
22.063583818633788, -90.55511866151001
22.372616494492377, -90.38701242576619
22.73497881069875, -90.1897428769762
23.054872119606898, -90.0212010828647
23.20848433402125, -89.93769923914593
23.32102897818413, -89.86531233686748
23.541081806677084, -89.72789458527342
24.079000402454312, -89.38211957638606
24.540724784128088, -89.09348473675809
24.593613273527126, -89.05942894625483
24.65055303217696, -89.02283983258833
24.691093129099045, -88.99302657246164
25.18511992231697, -88.62495710203795
25.63885163038458, -88.29110572443771
25.63885163038458, -85.38800544276447
25.63885163038458, -83.07519385920334
25.63885163038458, -71.90116002760479
25.63885163038458, -63.875212169750206
35.443177804794004, -63.875212169750206
38.43914459913458, -63.875212169750206
38.43914459913458, -61.06878376866203
38.43914459913458, -60.67521522150802
38.43914459913458, -57.72993060416481
38.43914459913458, -42.443251110179894
38.43914459913458, -31.40598509795208
38.43914459913458, -19.35548423714759
38.43914459913458, -14.907164074047085
38.43914459913458, -10.050482546647993
38.43914459913458, -5.602162383547489
38.43914459913458, 19.605090415225295
38.43914459913458, 42.692857288257606
38.43914459913458, 45.63812958068715
38.43914459913458, 60.92474510564042
38.43914459913458, 61.31831365279443
38.43914459913458, 64.1247420538826
35.443177804794004, 64.1247420538826
33.61606457685525, 64.1247420538826
25.63885163038458, 64.1247420538826
25.63885163038458, 75.29882028714465
25.63885163038458, 83.32480003728104
25.63885163038458, 84.98599365257091
25.63885163038458, 88.5406356085701
25.231953890509885, 88.84377580315663
24.68170794344178, 89.24870680382334
24.634268160948977, 89.27922329723502
24.58570493283969, 89.31493852862393
24.541543945360445, 89.34340492664158
23.994795291991522, 89.68513790939102
23.54045448780994, 89.97722932730281
23.28391632526632, 90.13741264013576
23.187657033839514, 90.19934261587682
23.05559484977016, 90.27111636308439
22.687180399558656, 90.46518470903285
22.372493994006845, 90.63654204108904
22.100583518928715, 90.78442506066753
21.596923228857804, 91.0493739222267
21.417973144378948, 91.13208863954496
21.268516934965874, 91.19823237593667
21.137352118596482, 91.25876616951238
20.452974560438406, 91.56235529141927
19.96941702429808, 91.78570145627519
19.871409652592547, 91.82900231434388
19.733972764735654, 91.88283587778132
19.63869660399928, 91.92006118487937
19.070013040480944, 92.14239993820314
18.45244490514756, 92.37244656526201
18.38761119470496, 92.39787810049381
18.024465615356576, 92.53310774736816
17.731849292800007, 92.62938388539231
17.36330861037527, 92.7435234126908
17.011525520242458, 92.85932220917365
16.361752112146178, 93.06073541809344
16.070215270750623, 93.15674406238138
15.711776034342847, 93.25486504838692
14.850083078461694, 93.47340170281366
14.665659601226025, 93.5200919996433
14.57043741518305, 93.54613193975916
14.023071218094401, 93.6960036341133
13.789446020178048, 93.7481039746901
13.591925533486346, 93.79208874467682
12.999961705564147, 93.91167918519857
12.36960421313097, 94.0523263989425
11.898938187319573, 94.14747930877424
11.388800014666003, 94.23713496277863
11.049779140835653, 94.29673102731753
10.73988134914498, 94.34445019552011
10.471832829090317, 94.39162792968935
9.713007873439437, 94.50853041663662
9.117638653418453, 94.58673383070013
8.303838627685991, 94.6748558546347
8.051263875131326, 94.70217954044
8.023193149343342, 94.705898800935
7.480026754831215, 94.77744195368712
7.100575895954989, 94.81115140391645
6.795293448946268, 94.83837925137587
6.262637241471339, 94.87265172579897
5.735495712666079, 94.91959357532609
5.215061189908283, 94.95313629391488
4.438485626899364, 94.99011496812183
4.179519383352726, 94.99559049715333
3.849300849134579, 95.01135620477966
3.0762334137368725, 95.02789438529942
2.929631223408933, 95.03497267937489
2.064022528822079, 95.04094776334237
1.683568934763116, 95.03280665040711
1.2545580002017687, 95.03577325504193
0.8791595732213864, 95.02775951271953
0.6324231712853816, 95.02254309274463
0.5478048813404257, 95.01973049147696
0.03348203626705981, 95.00218691673767
-0.31014177679458044, 94.99052001524387
-0.4326657542644625, 94.98260298635032
-0.606265557115421, 94.97670868336388
-0.9678510491135057, 94.95344852812443
-1.3254189315159692, 94.93042980314192
-1.4507329648527048, 94.92234952611634
-1.6604484651486473, 94.9152718087626
-1.9665823456518865, 94.89219977433204
-2.4831489753867118, 94.8531357986263
-2.667186289465917, 94.83926113627854
-2.890445610949655, 94.81508509625735
-3.2222330963024888, 94.79005338062906
-3.5644130604480324, 94.75301298301747
-4.082828057115421, 94.69183979677379
-4.6003328697581765, 94.63072026339417
-4.957456677746222, 94.59197271794223
-4.989783147637809, 94.58816285969333
-5.295228051538061, 94.54114535406698
-5.570506240349005, 94.50871810354323
-5.892527243199538, 94.4591521961788
-6.099503488751225, 94.42554041204878
-6.610150580177788, 94.34266476449197
-6.8591766352012655, 94.30432010612736
-7.261707036169582, 94.23907456965036
-7.632221274677931, 94.16413558148564
-7.84738603867504, 94.12922669788496
-8.247564167938435, 94.0457515038622
-8.54837883530331, 93.98501916661564
-9.052377435238895, 93.8797894484772
-9.20534338199127, 93.84886760603423
-9.465644522687853, 93.79447052159033
-9.60386065471107, 93.75940849785371
-9.757511813128758, 93.72737497991815
-10.040273914263025, 93.65569137199624
-10.620693207197974, 93.5056945746992
-11.115874372676899, 93.37779489966367
-11.463196530586401, 93.28970042935278
-11.58635806297957, 93.2578290866507
-11.783909000179165, 93.19666040343984
-12.04482952758417, 93.11571015934746
-12.299714600087327, 93.0368167670392
-12.38965934538578, 93.01354570905224
-12.659490100409357, 92.9293696490379
-13.13610537929867, 92.78042358938954
-13.608397135069481, 92.63292842874385
-13.853229252359142, 92.54169346509367
-14.261998091490113, 92.38952305635769
-14.288615225488229, 92.38124590931731
-14.72722290094839, 92.21796714949392
-15.480698329732604, 91.93768422263035
-15.51471819490348, 91.92290147824541
-15.577870108937532, 91.89491313053838
-15.70311038959494, 91.83979044668492
-16.13869198123234, 91.64664205552741
-17.110348150839172, 91.21996077482032
-17.202762732566725, 91.17888180658895
-17.291012357619138, 91.13331830791924
-17.59985596967431, 90.97096950954072
-18.24588080931835, 90.63726560397322
-18.570274514440143, 90.46942370356936
-18.790795446505626, 90.35336200534658
-18.92624795957022, 90.2709833966997
-19.07730838968905, 90.17641834663299
-19.40753508836542, 89.97549187241681
-19.92094111747292, 89.6632041853817
-20.236639227944806, 89.46588926816528
-20.408033136363656, 89.34200551253471
-20.43590385764105, 89.32164563804953
-20.498170030107985, 89.27673006129619
-20.808112823510328, 89.04863345159407
-21.51019622117792, 88.5406356085701
-22.110974521778417, 88.5119788522071
-23.50037279217827, 88.44658689510233
-23.911261592152186, 88.42701386814939
-24.809176250800874, 88.38468371963732
-24.903491391551825, 88.3769133128063
-25.068414752955277, 88.36300700114039
-25.47948601965095, 88.32925588677921
-26.573142036945, 88.23704613574401
-29.405669922170773, 88.00448040268917
-29.519004168853826, 87.99491944046912
-29.573754159676128, 87.99043402608856
-29.831467300350823, 87.95826658800823
-30.71141309654604, 87.84465022641805
-33.25857053857317, 87.52703878437626
-33.900084179325404, 87.44704937855374
-34.24047382184153, 87.40311194692289
-34.66974354075455, 87.33055473246627
-34.78481834477884, 87.3103126873626
-35.15879988340794, 87.24705382087323
-35.59223383336257, 87.17077116491902
-37.035497993196714, 86.92680634077229
-37.45099513643004, 86.85374928736492
-38.67457611007853, 86.64710805349897
-38.77935740243743, 86.62867502605215
-39.00870247591888, 86.57902457676822
-39.38191800276081, 86.49846310801505
-39.663129717220045, 86.43498141093875
-40.72601961933606, 86.20568469945881
-42.188188155178295, 85.8901512458583
-42.545406345924675, 85.8095835680651
-42.8869175569439, 85.73592079844661
-43.15926046861273, 85.67451303893381
-43.935060239753284, 85.46822457667311
-44.00653437302435, 85.44821200498929
-44.31925041039494, 85.3649922811009
-44.639817846932374, 85.27541483946065
-46.07105967122038, 84.89496886989177
-46.376399318984795, 84.80969682802925
-47.26749490805332, 84.57290830708851
-47.799772149950286, 84.40245417593177
-47.88528657574693, 84.37855267121361
-48.29463994893899, 84.24734255314422
-48.48867946650921, 84.18353511085316
-49.48079579286082, 83.8655910085638
-49.74482349542291, 83.77878155135402
-51.16046477586542, 83.32480003728104
-51.16046477586542, 74.85793842881083
-51.16046477586542, 74.84592385787876
-52.52646732081689, 74.92134863474844
-52.58963819580231, 74.92483665837479
-53.943210695004154, 74.89989859770674
-54.07212878569521, 74.89752342595291
-55.353477155110795, 74.77931576278183
-55.54669067621285, 74.76149132146072
-56.74841790248115, 74.56023511796634
-57.00266417152784, 74.51765587224197
-58.11913717520042, 74.2438568101983
-58.4293895758135, 74.16777183903885
-59.457042592651305, 73.83191247804896
-59.81673577320112, 73.71435692204666
-60.753690681685384, 73.32662004846075
-61.154835937800726, 73.16061546696854
-62.00045195103439, 72.73088662168055
-62.433647050403806, 72.51074364079666
-63.18930774730825, 72.04792527490895
-63.64444754169767, 71.76916649235916
-64.31216666429236, 71.2815895812664
-64.77807535907004, 70.94137718571854
-65.3613402828546, 70.43625494458473
-65.82668989980561, 70.03325035466385
-66.32943897536848, 69.5168777107035
-66.78253865784814, 69.0514998663826
-67.20938109301255, 68.5288087701584
-67.63883819039847, 68.0029158820076
-67.99448539504783, 67.4780366914246
-68.38924553795687, 66.89543297185135
-68.67861485158619, 66.3709935570574
-69.0286510942583, 65.73660423649979
-69.25614362407555, 65.21454780813556
-69.55220954301853, 64.53512718571854
-69.72187734106842, 64.01623520695858
-69.95622082452837, 63.29954674138261
-70.07138771803102, 62.78378925508952
-70.23777774901714, 62.038636707202926
-70.30090102191002, 61.52545358973312
-70.39485409331132, 60.7616286505623
-70.4074233258741, 60.249959927814224
-70.42639269749384, 59.47775413884355
-70.38873522719973, 58.96624914281179
-70.33204117492573, 58.196168445484176
-70.2434229564883, 57.6834633003461
-70.11250429888491, 56.926026843921676
-69.97107348481154, 56.41106501266956
-69.76936780924666, 55.676637195484176
-69.57226084776948, 55.1587392301154
-69.30518650914269, 54.45700218571855
-69.0484998130703, 53.93609931839662
-68.72313187832378, 53.275819324390426
-68.40236163411146, 52.75274102802158
-68.02760874977571, 52.1416335333748
-67.63752226590032, 51.61820493861124
-67.22346243978382, 51.06260826482011
-66.75863968590238, 50.54180600776641
-66.31659542454986, 50.04652550114824
-65.77147231243316, 49.532561729011555
-65.31343876023357, 49.100709461109176
-65.31343876023357, -5.529140547573283
-65.31343876023357, -48.85117957697676
-65.85591472710371, -49.362647515188826
-66.31659542454986, -49.796995617015824
-66.78079043751336, -50.3170554807701
-67.22346243978382, -50.81300208674239
-67.61413659336381, -51.33721923261001
-68.02760874977571, -51.892027355297074
-68.34952734798162, -52.41697826629143
-68.72313187832378, -53.0262131463127
-68.98104551001165, -53.54960587497081
-69.30518650914269, -54.207396007640824
-69.50329387859779, -54.72792254204863
-69.76936780924666, -55.42703101740645
-69.91143809210939, -55.94432120984916
-70.11250429888491, -56.67642066584395
-70.2014107421694, -57.19079335028275
-70.33204117492573, -57.94656226740645
-70.36975460907547, -58.4588274258084
-70.42639269749384, -59.228147960765824
-70.41382977898752, -59.73955965068618
-70.39485409331132, -60.512022472484574
-70.33188289858617, -61.02396921635436
-70.23777774901714, -61.7890305291252
-70.1230655491297, -62.30275173894304
-69.95622082452837, -63.04994056330489
-69.78738001770921, -63.56630336964072
-69.55220954301853, -64.28552100764084
-69.32585761347991, -64.80499293797939
-69.0286510942583, -65.4870743523674
-68.74051870299013, -66.00923764691512
-68.38924553795687, -66.64582679377365
-68.03453756224167, -67.16935589373479
-67.63883819039847, -67.75338599787521
-67.21206764538306, -68.2759130126412
-66.78253865784814, -68.80181739435959
-66.27826088453685, -69.31984066184113
-65.82668989980561, -69.78372047053146
-65.23943009127424, -70.2922596561369
-64.77807535907004, -70.69177100764084
-64.10294438357982, -71.18476014704649
-63.64444754169767, -71.51956031428146
-62.87696875859501, -71.98961688557623
-62.433647050403806, -72.26113746271896
-61.570863526042785, -72.69964204263712
-61.154835937800726, -72.91108558283615
-60.194498129576914, -73.30849892255532
-59.81673577320112, -73.46482703791428
-58.75881135782265, -73.81057975045718
-58.4293895758135, -73.91824195490646
-57.2752938170247, -74.20126746042749
-57.00266417152784, -74.26812598810959
-55.755772577438165, -74.4768806410417
-55.54669067621285, -74.51188514338303
-54.21277907226181, -74.63501091602
-54.07212878569521, -74.64799354182053
-52.65906482046489, -74.67402766626789
-52.58963819580231, -74.6753067742424
-51.16046477586542, -74.59632029232667
-51.16046477586542, -74.60833225073313
-51.16046477586542, -74.83504308920386
-51.16046477586542, -83.07519385920334
-50.90473841505582, -83.15720265766981
-49.488693805864614, -83.62258382819319
-49.29811798566675, -83.68363118203595
-48.30851766412843, -84.00880793461094
-48.22683754378795, -84.03496915088772
-47.80179708237961, -84.15369575841717
-47.693414527331925, -84.18840110412219
-47.50867851591579, -84.2375405215592
-46.065543953929364, -84.64076915223372
-45.75152129260209, -84.72429897018488
-44.32614242603336, -85.12245013504642
-44.25423689418085, -85.14157504885688
-43.94495216020755, -85.22804911230457
-43.76312690603186, -85.27636072038916
-42.62065106089835, -85.5341420063725
-42.53797484981328, -85.5519736095958
-41.096458888349616, -85.87733354540778
-40.7263796601012, -85.95718800427561
-40.4483388588385, -86.01717935166226
-39.38859691301104, -86.25635911751618
-39.28766477561544, -86.2781299279175
-38.903646587444655, -86.34572551068061
-38.84069747668059, -86.35933300989203
-37.38390041094431, -86.61558030323708
-37.03347847202485, -86.67481909199746
-36.60799266455456, -86.74674676306081
-35.16139731245494, -87.00116359197659
-35.04655027226249, -87.02059841091581
-34.67328086114048, -87.08627258282664
-34.53947366790226, -87.10885565814336
-33.46184289248845, -87.2480852916258
-33.256694986404455, -87.27368150196119
-32.40509027403709, -87.37993920011212
-29.83321228463842, -87.71182319395214
-29.7415024744098, -87.7232635274915
-29.72193292264501, -87.72488842145275
-29.40451745670339, -87.75168906995883
-28.34625982995317, -87.83865512292162
-25.479749196978673, -88.08029645319215
-25.315389970750175, -88.09381047382078
-24.90401042910139, -88.12848638326032
-24.865918751386516, -88.1315577741098
-24.49793865199854, -88.14893472189546
-23.50012219003588, -88.19653332229659
-22.907411592734434, -88.22445940840181
-21.51019622117792, -88.29110572443771
-21.19871928640032, -88.51645385836528
-20.502569357455513, -89.02862891625836
-20.474523720445404, -89.04887966522
-20.412652568220665, -89.09406871738697
-20.335156686913933, -89.15007225451143
-19.642891693955335, -89.5828349581678
-19.40753508836542, -89.72599402900866
-19.2541985868545, -89.81929133722399
-18.92934969885073, -90.02267205299889
-18.865908589138144, -90.0612495969719
-18.39769402242041, -90.30771519782222
-18.244360299659775, -90.3870323495907
-17.934403458455108, -90.5471782934242
-17.292490469166296, -90.88452892456786
-17.24954746786193, -90.9066985098606
-17.059985030848793, -90.99102206214225
-16.578913879828633, -91.20229602349642
-15.703512524065673, -91.5904109160331
-15.640215761305171, -91.61821812183258
-15.51531780785399, -91.67356945172575
-15.498072937723464, -91.68111392149332
Holes:
Exterior:
89.84609841140855, 65.10572063856117
89.84609841140855, 66.87494450024097
89.84609841140855, 67.5312631016056
76.03374909132208, 69.25245811833572
75.06594561561974, 69.41514213866395
75.06594561561974, 68.81725834251617
75.06594561561974, 68.31557430825396
75.06594561561974, 58.93489871562796
75.06594561561974, 55.848286136797846
75.06594561561974, 54.09383342691242
75.06594561561974, 51.32483055485917
78.97556447724332, 51.32483055485916
92.66392268984282, 51.32483055485916
93.08237064960622, 51.32483055485916
93.28473719620501, 51.32483055485916
93.28473719620501, 51.672004181514524
93.28473719620501, 64.1247420538826
93.186906085891, 64.1247420538826
90.99904214730736, 64.1247420538826
90.02216141692179, 64.1247420538826
89.84609841140855, 64.1247420538826
89.84609841140855, 64.27680013012878
89.84609841140855, 65.10572063856117
Holes:
Exterior:
89.84609841140855, 0.3713054300411548
89.84609841140855, 6.524796985523227
87.53914205739216, 6.524796985523227
86.15106021246152, 6.524796985523227
78.97556447724332, 6.524796985523228
75.06594561561974, 6.524796985523228
75.06594561561974, -2.583211924061546
75.06594561561974, -6.275267101390835
81.73817092170361, -6.275267101390835
86.15106021246152, -6.275267101390836
87.53914205739216, -6.275267101390836
89.84609841140855, -6.275267101390836
89.84609841140855, 0.3713054300411548
Holes:
Exterior:
89.84609841140855, -67.28167378804788
89.84609841140855, -66.62534271163133
89.84609841140855, -64.85607772544103
89.84609841140855, -64.02727024599639
89.84609841140855, -63.875212169750206
90.02216141692179, -63.875212169750206
90.99904214730736, -63.875212169750206
93.186906085891, -63.875212169750206
93.28473719620501, -63.875212169750206
93.28473719620501, -63.52803647376447
93.28473719620501, -51.07522437678146
92.66392268984282, -51.07522437678146
82.50210797852083, -51.07522437678146
78.97556447724332, -51.07522437678146
75.06594561561974, -51.075224376781456
75.06594561561974, -53.84424925508826
75.06594561561974, -58.68529253755025
75.06594561561974, -63.63732728792932
75.06594561561974, -68.56772845838378
75.06594561561974, -69.16561225453157
75.56884757423677, -69.08107638075889
76.03374909132208, -69.00292823420334
83.56693714892594, -68.06416444120985
89.84609841140855, -67.28167378804788
Holes:
Exterior:
86.15106021246152, -28.675169445140835
86.15106021246152, -20.852396362320892
86.15106021246152, -19.233991323226178
85.12609686477708, -18.770171659549188
75.06594561561974, -14.21772012119338
75.06594561561974, -25.868638605470593
75.06594561561974, -28.675169445140835
75.06594561561974, -31.481700284811076
75.06594561561974, -35.82797493167243
75.06594561561974, -43.1326833319647
85.12609686477708, -38.58018133947208
86.15106021246152, -38.1163565353514
86.15106021246152, -36.49794252796078
86.15106021246152, -28.675169445140835
Holes:
Exterior:
86.15106021246152, 19.48359301715593
86.15106021246152, 21.102002540398598
86.15106021246152, 28.92477562321854
86.15106021246152, 36.74754870603848
86.15106021246152, 38.3659627134291
78.50373209133181, 41.826594233417765
75.06594561561974, 43.38228951004241
75.06594561561974, 31.73130646288878
75.06594561561974, 28.92477562321854
75.06594561561974, 26.1182447835483
75.06594561561974, 21.771970136686946
75.06594561561974, 14.467294017832879
78.50373209133181, 16.02298067378448
86.15106021246152, 19.48359301715593
Holes:
Exterior:
69.04215921139053, 28.844131968622158
69.04215921139053, 29.005419277814923
69.0422685286569, 35.38540237439498
69.0422685286569, 46.10817317335496
62.867174118380944, 48.90247283949982
57.51446198194708, 51.32483055485917
69.0422685286569, 51.32483055485917
69.0422685286569, 57.28738542681834
69.0422685286569, 60.92474510564042
62.867174118380944, 60.92474510564042
55.949063845064984, 60.92474510564042
55.949063845064984, 55.399854139912314
55.94916513821704, 52.11258761519292
55.94916513821704, 50.616501553657365
55.949063845064984, 34.769125300415
68.86394928663458, 28.92477562321854
62.867174118380944, 26.21098895793995
55.949063845064984, 23.080458331688114
55.949063845064984, 13.144848987059564
55.94916513821704, 7.233125986725033
55.94916513821704, 4.766116889761275
55.94916513821704, -6.983589842006282
55.949063845064984, -22.830852153610408
68.86394928663458, -28.675169445140835
62.867174118380944, -31.388956110419425
55.949063845064984, -34.519519122337286
55.949063845064984, -44.45517237524512
55.94916513821704, -50.36689537557965
55.94916513821704, -51.86298769770156
55.94906384506476, -60.67521522150802
62.867174118380944, -60.67521522150802
69.0422685286569, -60.67521522150802
69.0422685286569, -54.712612962998385
69.0422685286569, -51.075224376781456
62.867174118380944, -51.075224376781456
57.51446198194708, -51.075224376781456
69.0422685286569, -45.85856699527725
69.04215921139053, -28.755813099737217
69.04215921139053, -28.594525790544452
69.0422685286569, -22.2145426939644
69.0422685286569, -11.491866668105349
62.867174118380944, -8.697552852349313
57.51446198194708, -6.275267101390835
69.0422685286569, -6.275267101390835
69.0422685286569, 1.6749166298391436
69.0422685286569, 6.524796985523228
62.867174118380944, 6.524796985523228
57.51446198194708, 6.524796985523228
69.0422685286569, 11.74142545963259
69.04215921139053, 28.844131968622158
Holes:
