Exterior:
52.311807611883694, -385.0467328001876
52.051035479555026, -385.0467328001876
51.572854954909104, -385.0467328001876
51.37212404165234, -385.0467328001876
50.99853699634093, -385.0467328001876
50.839548839152314, -385.0467328001876
50.53961400056491, -385.0467328001876
50.41047450742721, -385.0467328001876
50.16437314485762, -385.0467328001876
50.05740231966766, -385.0467328001876
49.85183882269408, -385.0467328001876
49.76178134369542, -385.0467328001876
49.587503825262246, -385.0467328001876
49.51064425905406, -385.0467328001876
49.36101733967155, -385.0467328001876
49.29465315457941, -385.0467328001876
46.423881360427856, -385.0467328001876
46.423881360427856, -387.6622097313851
46.42388136042766, -402.0200756956954
46.42388136042774, -402.4236801796752
46.423881360427856, -402.5068310667892
46.42388136042774, -402.62285154071066
46.423881360427856, -402.6467541624923
46.42398562479494, -402.65489981617304
46.42740172620054, -402.6944378783126
46.43132395387096, -402.7404922495078
46.432366551969096, -402.7499798705001
46.44957412454289, -402.9514724928805
46.454004634953975, -402.99295002513315
46.45413116126463, -402.9938989755842
46.45506935483081, -403.0027206298868
46.46544460454024, -403.04428470654767
46.50505024778951, -403.2017575581677
46.51403847279093, -403.2341282217638
46.53314594184772, -403.3096091147366
46.555924289110266, -403.3642780658995
46.56339911843622, -403.39119508787536
46.59187287625761, -403.45940510105055
46.59820029288662, -403.4733748412648
46.661733953337034, -403.62543743230435
46.68780855126903, -403.6698668230423
46.7060767695522, -403.7103195462172
46.717088380828216, -403.72886199805146
46.718857632024736, -403.73275171758723
46.82190007013648, -403.9077578651678
46.84449497559717, -403.94347035619165
46.86462335870553, -403.97752409244055
46.87806150265641, -403.99876007339793
46.93047264337676, -404.06661543633714
46.997706008077955, -404.15398004478067
47.01230251079622, -404.17170617238344
47.09765260964653, -404.2825090177445
47.166047560267145, -404.3533755469292
47.196870257243745, -404.3907750048187
47.200923044590695, -404.39482775806493
47.20180498162782, -404.39567077916496
47.37700111363813, -404.5771993551557
47.414830050454555, -404.6139662194932
47.415336782457814, -404.61453629677413
47.43108484060886, -404.62985708610915
47.51647189383078, -404.70238486901604
47.635969322463865, -404.8040773145428
47.661501068466265, -404.8244743077684
47.744767514974825, -404.8954474053772
47.78227136966737, -404.9254042557682
47.88708880012027, -404.99980267189915
47.92042845393729, -405.0235079216241
47.92750358552428, -405.0282203593145
48.11630658108038, -405.16237282847504
48.16526580776218, -405.1916735125555
48.21461156440924, -405.22453224639963
48.291848836944126, -405.27076081014695
48.30650682845328, -405.2805628265614
48.488550006876125, -405.3895346376689
48.52683417737998, -405.4110054247202
48.578725231148326, -405.4420262401643
48.61906265846105, -405.46465054002124
48.77233439601133, -405.54236470465884
48.84607356037125, -405.579805325329
48.86147575161266, -405.5870957277582
49.01419027349968, -405.6645958179573
49.1560413153812, -405.72574530010957
49.21529969385392, -405.7538373541777
49.27117391712463, -405.7779014087253
49.28195192733733, -405.78300877822437
49.49408147990391, -405.8744653617011
49.53525056572687, -405.8893961932306
49.58726039979268, -405.9101875799508
49.791209961761666, -405.9848428937535
49.830887416069714, -406.0006626802131
49.95404636710347, -406.04571879178144
49.979433740679895, -406.05423225253094
50.05621129235729, -406.08226121826465
50.12374213523779, -406.10488635235737
50.388165982537686, -406.1862461487
50.41016702333221, -406.19304982317533
50.414462151414114, -406.19448574225896
50.60896044424749, -406.2543987111334
50.6753492211958, -406.27275981308657
50.810580420646005, -406.3072352780554
50.84613753367131, -406.3171065626009
51.02797063937592, -406.36342249027143
51.20836066404297, -406.4093144053151
51.22351366430914, -406.41319804633724
51.260249026725404, -406.42141487220607
51.59816056102315, -406.4909591357216
51.66726570221641, -406.5064568683615
51.68968506401612, -406.511106183627
51.8675570494768, -406.54773691068596
51.87214027521219, -406.5485427573132
52.07648251217404, -406.58117730298443
52.1522121058583, -406.5944523884214
52.2989437536921, -406.61784488842005
52.32759006759471, -406.62286598357144
52.53289777546573, -406.6557012619788
52.64434900121836, -406.67008394632956
53.00515495649668, -406.71159620832543
53.077126457674325, -406.7199543080313
53.21025764529335, -406.7352708870412
53.224510729795725, -406.7365065375996
53.59680160836578, -406.763520597858
53.69535777580606, -406.7718972919255
53.890419434791255, -406.78594847736093
53.99380197086552, -406.7891440882478
54.05202669974301, -406.79159000545894
54.33820387104376, -406.800218628646
54.39352212374911, -406.80258441975366
54.56471576282203, -406.80782623323324
54.6871159068325, -406.80680399846636
54.74391339142156, -406.80680426757533
55.03789452170244, -406.80399121925115
55.094535657302714, -406.8039912840296
55.16810714914527, -406.80335161606786
55.22241830691556, -406.8010365457316
55.43124794295639, -406.7910563349375
55.73496611998496, -406.77652434371515
55.79321107313467, -406.77406990092305
55.81984691317999, -406.7727893514824
55.91624412376467, -406.7645766598635
56.393058606521464, -406.7224407963631
56.46341957186269, -406.71622494269553
56.46931559931599, -406.71545591837867
56.483897246433656, -406.7142102424778
57.029235173406306, -406.6432211131877
57.05336451393222, -406.6390505201602
57.16160606529431, -406.62508514764414
57.30504471023016, -406.6000663828518
57.3321504526989, -406.59529366515676
57.71288400743464, -406.5289916891245
57.785887538301296, -406.51622681623115
57.792049678794285, -406.514943021986
57.797036509860476, -406.51405942109534
57.82219889944784, -406.50847481160474
58.17245716572444, -406.4310877996509
58.23811169896962, -406.41635822928345
58.39344057007773, -406.38199021338863
58.426081567534226, -406.3731234131051
58.46158837510774, -406.36518064333916
58.64022736303639, -406.3167289018948
58.67354042737287, -406.3075099448132
58.979929610377724, -406.2243866956962
59.012215298260315, -406.2137754901707
59.0755039443348, -406.196248486884
59.09504987522007, -406.18988314258394
59.0986732440667, -406.1886473483985
59.442164427428764, -406.07614345386673
59.50565112978387, -406.05490942989525
59.60035564056264, -406.0239632279608
59.63497479424376, -406.0103861156539
59.659217143420534, -406.00224554031684
59.85911416914436, -405.9241786618387
59.89582789119055, -405.9095099289419
60.11703610911033, -405.8232415745286
60.159412041367545, -405.8037933154795
60.20827096769318, -405.78428312845904
60.26145820653471, -405.7597500693659
60.2711469852251, -405.75514374978326
60.57326208144869, -405.61613265399876
60.62825381058127, -405.5900861924243
60.62967108993291, -405.5893775627054
60.64422553370039, -405.5824921988977
60.71702305840196, -405.54300118356184
60.92170118937025, -405.432219877367
60.95859831326095, -405.41152025123074
61.05618555704851, -405.3586663983215
61.091670983271825, -405.3387579130007
61.182300416008786, -405.28087358900495
61.256572766979104, -405.2335506792099
61.26981272042573, -405.2247201265577
61.445994399172065, -405.1122530620304
61.51540526159255, -405.059874309258
61.560576517364666, -405.02976015473354
61.59424560857005, -405.00428259813185
61.60092086578544, -404.999848127703
61.79459882770348, -404.85352438197344
61.81008684388436, -404.8419728066599
61.84409722894239, -404.8148165709416
61.94760443153274, -404.72105456252285
61.97099294518807, -404.7023600723052
62.05308434921952, -404.6280125622375
62.067238927871244, -404.6142576896374
62.159281953303065, -404.5306701797852
62.19358081545923, -404.49732299557945
62.28459442619902, -404.39643255100543
62.2891133786886, -404.3914616594112
62.290075806228145, -404.3905579073653
62.43290054692969, -404.2321061240709
62.4507249781542, -404.20692016797324
62.47844013109656, -404.17324938494465
62.54288876136721, -404.0826469606296
62.55617490822186, -404.066525328192
62.62993004037634, -403.96293123111303
62.6419670749024, -403.94392723708006
62.6803328801079, -403.88993092119665
62.70076799199214, -403.85765157580244
62.76742480371462, -403.7326041713874
62.77724342324012, -403.71412947267817
62.77876403971649, -403.7107373001378
62.85189395126835, -403.5736498704187
62.874636751492005, -403.510656264861
62.891071722068205, -403.47432627513984
62.916527308313874, -403.4037741384045
62.92222990867472, -403.3911184519912
62.96991352918124, -403.2590503750204
62.976571958924325, -403.23499837050537
62.98380872398465, -403.2147742921954
62.99191448108695, -403.1856568330238
63.019310733108966, -403.04415141651464
63.027710907507185, -403.0009870803621
63.02845821287795, -402.9931637040702
63.04836079139429, -402.8904195663862
63.05404742635761, -402.7877385743536
63.057596499506104, -402.7505668735838
63.0603105488826, -402.7030066072907
63.061127731989416, -402.6944378783126
63.06182816721389, -402.68714169474606
63.0638960088653, -402.6467541624923
63.0638960088653, -402.1665960287427
63.0638960088653, -402.1471959764168
63.0638960088653, -402.1010056563619
63.0638960088653, -402.0758305997517
63.0638960088653, -402.0146925325224
63.0638960088653, -401.9806764528602
63.0638960088653, -401.89594870898776
63.0638960088653, -401.8218423505932
63.0638960088653, -401.77758569439936
63.0638960088653, -401.66331656520236
63.0638960088653, -401.5951979871494
63.0638960088653, -401.40937563889526
63.0638960088653, -401.29121778859485
63.0638960088653, -401.04664124745324
63.0638960088653, -389.1751608388469
63.0638960088653, -385.0467328001876
60.24722242963898, -385.0467328001876
58.89083607464397, -385.0467328001876
56.76344644442628, -385.0467328001876
55.985344280601424, -385.0467328001876
54.68218218038612, -385.0467328001876
54.17817273065003, -385.0467328001876
53.29840483054059, -385.0467328001876
52.94553823218581, -385.0467328001876
52.311807611883694, -385.0467328001876
Holes:
Exterior:
193.9058083128742, -412.83023152993394
193.91059242668072, -412.8311704155753
195.16408446344278, -413.08711574575904
195.17753915609055, -413.0897554502502
195.4965301872488, -413.1400077590411
195.50131274740417, -413.1409459503123
196.25329949927655, -413.2594036822667
196.26123218237845, -413.26059542698295
197.1631414734575, -413.40282912326035
197.46068711299145, -413.4365170975351
197.50641047257014, -413.4416668787903
197.51776876539756, -413.44337168173985
198.70157559681374, -413.5776598558921
198.71088288911793, -413.5786497371446
199.20699074437928, -413.6350040317593
199.57119146622128, -413.66071448037036
199.57710176971338, -413.66134236155807
199.96779587099226, -413.6890088906395
199.9703242165091, -413.68917058185946
201.28100863897518, -413.782007343257
201.2874315734949, -413.7824180589818
201.66336195960562, -413.79404109528764
201.66527259282472, -413.7941630472285
202.545217099405, -413.82106722273124
202.54845411433402, -413.8211368124232
203.27450515971682, -413.8432765057025
203.76552007511063, -413.84610584724317
203.76839429988095, -413.8461676864182
203.7686190316746, -413.846172712736
203.86391431941215, -413.8467816283126
203.904108591476, -414.31639993202856
203.90418977506047, -414.3174389769454
203.92778937316913, -414.59477127644027
203.92783699116805, -414.59537831919386
203.93331823141366, -414.65871673183193
203.93341918225755, -414.65913332210386
203.96569730521, -414.7871043408903
204.08340959247923, -415.25369126596814
204.08363842168538, -415.2546341086925
204.12231928946804, -415.4076822177706
204.12239278459148, -415.40798508303726
204.1283320209677, -415.4313612380599
204.2483512699504, -415.7174734313032
204.45007758602193, -416.199087824429
204.45541141478677, -416.20792813250284
204.455620737192, -416.2084293451622
204.45595311474372, -416.20922401496307
204.705707574162, -416.63078874691905
204.70604894615568, -416.63135763265143
204.89778466261734, -416.95477888375194
204.92720737164197, -416.9926650130837
204.9274490327485, -416.9930682328854
204.99436561880825, -417.07926688326154
205.3351946342481, -417.5181495550674
205.464729184231, -417.685063927957
205.5311124086879, -417.75336439373206
205.53114411029836, -417.7534044825301
205.53130546095312, -417.7536084609994
205.5313927293632, -417.7537188062684
205.72009516288207, -417.948064380412
205.72014584824765, -417.9481152665539
205.96591779926567, -418.20112606865064
206.14133557667682, -418.3734696104361
206.24495318753847, -418.4562280146434
206.32286890708903, -418.5212518275993
206.60489662169854, -418.7487471964293
206.7975382762228, -418.9040739212803
207.02280998530867, -419.0703601093306
207.1036749444098, -419.124106335502
207.50190311936856, -419.38891903389356
207.50507406536494, -419.3910344643165
207.64447976651778, -419.48365921982463
207.67913123813506, -419.5066786444778
208.07904284390256, -419.74260377835174
208.22228223933408, -419.8176496811786
208.5676907933874, -419.9773509225309
208.83751661433408, -420.1018758813849
208.97351647082715, -420.1572400048099
209.21952594998365, -420.2569469144101
209.39032418141878, -420.3187340421845
209.48723585261533, -420.35364337880424
209.81737403081607, -420.45644422601083
210.16976148738095, -420.56565877752604
210.25410052768044, -420.5880269577858
210.3967083754031, -420.62559278795555
210.69981215345726, -420.6923353687711
210.88372022761533, -420.73254738165434
211.59857203597934, -420.8591199308882
211.62682325495913, -420.8628749976084
211.67583006678674, -420.86741566462933
212.39739210261533, -420.9345902703638
212.81199071201777, -420.95762196470787
213.19359571589658, -420.9618502762716
213.97875530288198, -420.94261477306696
214.01329786433408, -420.9417785062845
214.02994628573126, -420.9408096513732
214.85482008113095, -420.85520609601735
215.238528789299, -420.80278751013736
215.71617872370908, -420.71539013876134
216.4329479560973, -420.56118970443913
216.59539014949033, -420.5185450283344
217.11927709841953, -420.36444473094394
217.49031812800595, -420.2553588562093
217.60308402451628, -420.2188182651717
218.39867384089658, -419.92150941548954
218.74170151818535, -419.78301775237867
219.31832105769345, -419.520469511448
219.84477252326738, -419.2649733593111
220.2469709600372, -419.04783497187753
220.90637581546585, -418.67192787826656
221.18218214167788, -418.49870545799985
221.92229595400286, -418.011299742465
222.02409174835262, -417.93793915574173
222.1219709600372, -417.86734919609273
222.50088879897308, -417.58215812604186
222.8885584743226, -417.2902569930057
222.97551395265347, -417.21892109553727
223.06389600886533, -417.1463809051921
223.43937194085012, -416.8258936412426
223.80219735701846, -416.51626664816945
223.90019352015807, -416.4253415556069
224.00597364558408, -416.32717418234034
224.34935363250904, -415.9967135364963
224.66140984843386, -415.696423268195
224.79357235653666, -415.5582715546116
224.94576246394345, -415.39924859806445
225.22641441937955, -415.0958871509359
225.4651727481132, -414.83771085686635
225.65118701732982, -414.61904780839205
225.88097364558408, -414.3490871915944
226.066249598645, -414.124282959931
226.2131612304723, -413.9461145464817
226.46893817616237, -413.6083185675936
226.80962354792783, -413.1583536304465
226.8649437745925, -413.08299249728645
226.90558403325113, -413.02768071992506
227.11767786249303, -412.7122701711046
227.5393145298062, -412.08518522501237
227.7292707647247, -411.7749902235886
228.11639243166482, -411.1241402878549
228.63762647761533, -410.1560000527458
228.64082981347033, -410.1498767855862
228.644252690947, -410.14258500570094
229.10441371166937, -409.16178808297576
229.50554617253206, -408.19698854180325
229.5180724298402, -408.1668539958882
229.53255445613095, -408.1269117426401
229.8723472512834, -407.1636707971117
230.05032815876612, -406.57189614847
230.1751367518581, -406.1566119972395
230.4117658819122, -405.2036599025084
230.42557441546782, -405.14650452475075
230.4295124860087, -405.12577997559754
230.61783985075314, -404.13330018397835
230.65732519905836, -403.8457223429232
230.75710239957832, -403.1187661873428
230.7945391908738, -402.66957821443833
230.84173354722938, -402.1031686269269
230.85244875886488, -401.56116642494595
230.86454389217167, -401.04664124745324
230.86572210143433, 86.68178484060145
230.86521830622266, 407.80913433453077
230.85353476517216, 408.3299613839538
230.84173354722938, 408.8256514498456
230.8034587058091, 409.2848438963047
230.75710239957832, 409.8412337793844
230.70932569136235, 410.189176582625
230.61783985075314, 410.8557449229586
230.5804680631936, 411.0523616573745
230.42557441546782, 411.8688760274769
230.42254726964185, 411.88138843246156
230.4117658819122, 411.92603483067575
230.22795644150963, 412.66612386376767
230.1751367518581, 412.87906408280236
230.01105046150914, 413.4244287233485
229.8723472512834, 413.88614502175625
229.7753328156247, 414.160920889912
229.53255445613095, 414.8493198528201
229.52227524763262, 414.8776530958629
229.5180724298402, 414.88926120520296
229.24034633652124, 415.55715746395975
229.10441371166937, 415.8842510717746
228.94573500986732, 416.2221153110949
228.64082981347033, 416.87224564025485
228.6396708938652, 416.87446008025614
228.63762647761533, 416.878369455179
228.30783688600533, 417.4908423136425
228.11639243166482, 417.84663943122706
227.9672310606626, 418.09725965720986
227.7292707647247, 418.4974473032226
227.61353180251845, 418.68639849846437
227.5393145298062, 418.80763784337853
227.24229502085487, 419.2492481681353
226.90558403325113, 419.75012147846377
226.80962354792783, 419.8808145613177
226.2131612304723, 420.6686247235605
225.88097364558408, 421.0715357696361
225.4651727481132, 421.56011744887394
224.94576246394345, 422.1217048682628
224.66140984843386, 422.4189061541479
224.00597364558408, 423.0495985932782
223.80219735701846, 423.23868149156544
223.06389600886533, 423.8687947091781
222.8885584743226, 424.0126635850133
222.1219709600372, 424.5897557881003
221.92229595400286, 424.7337306495001
221.53823529081032, 424.9867870175135
221.18218214167788, 425.2212264909254
221.05053446086387, 425.30395061659783
220.90637581546585, 425.3944264110839
220.55611841056222, 425.5942018589991
220.2469709600372, 425.7703273261573
220.05971910353898, 425.8715095516892
219.84477252326738, 425.9874778707761
219.5592043353394, 426.12619112893753
219.31832105769345, 426.2429707050728
219.0562105703825, 426.36244571827916
218.74170151818535, 426.5055148671219
218.5520395366228, 426.5821561550856
218.39867384089658, 426.643969181694
218.04506821645882, 426.7763735415315
217.60308402451628, 426.9412916797743
217.53964237020082, 426.9618811963664
217.49031812800595, 426.97783433665444
217.03099347165588, 427.11313524606265
216.59539014949033, 427.24096214641787
216.5256454474467, 427.25932776332996
216.4329479560973, 427.28361039243714
216.01892488359542, 427.3728885556539
215.71617872370908, 427.4378042758667
215.51523481074148, 427.4747169030868
215.238528789299, 427.52519826251813
215.01370224571556, 427.5560585162005
214.85482008113095, 427.5776508349976
214.5143256796027, 427.6132304857828
214.02994628573126, 427.6631796057845
214.0200651814952, 427.6637597225576
214.01329786433408, 427.66414799478736
213.5277169593222, 427.67638444742715
213.19359571589658, 427.6843091936166
213.04145662261598, 427.6827771737268
212.81199071201777, 427.68010485066077
212.56009736325197, 427.66624628706137
212.39739210261533, 427.6570472025504
212.08444685033712, 427.6282393065547
211.62682325495913, 427.585281589616
211.61597374268504, 427.58385026260686
211.59857203597934, 427.5815279731637
211.15380168269016, 427.50309787472503
210.88372022761533, 427.45503728131604
210.3967083754031, 427.34803575742967
210.16976148738095, 427.2880799151553
209.85791753769465, 427.19118263207037
209.48723585261533, 427.0761556339042
209.21952594998365, 426.97940507511805
208.83751661433408, 426.82428212037394
208.39197833249645, 426.6184106978514
208.22228223933408, 426.54007091489336
208.07904284390256, 426.4650103703593
207.7130784801084, 426.249027347278
207.64539649323203, 426.2056739378926
207.29514553855776, 425.97198061135333
207.1038774249445, 425.85076790710616
206.8760490472741, 425.68212624322456
206.60551628918805, 425.47091578127163
206.31577359387595, 425.24466402518897
206.23916935072927, 425.1810330845467
206.1387065188991, 425.0844042530486
206.1075949962087, 425.05490598860194
205.96591779926567, 424.918115144199
205.71964715098332, 424.6707508611881
205.7195358183192, 424.67063625927517
205.5270605126274, 424.4773601020766
205.52697181907936, 424.47726879092903
205.33956795736313, 424.2403822713419
204.99347280564675, 423.8028460400252
204.92553358876077, 423.7169313746409
204.92545969071185, 423.7168552363675
204.92531543186274, 423.716669517404
204.92493547783275, 423.7161801656436
204.92486081443653, 423.7160839873143
204.7078689513351, 423.35406149623543
204.70782928999884, 423.3540103302717
204.70757071078006, 423.3535742098572
204.45498886404286, 422.932617910066
204.45458426632777, 422.9319350423186
204.24942643438638, 422.44139077613266
204.12031620922787, 422.13220316857155
204.12030565920983, 422.1321855376697
204.11990647850305, 422.1312326604624
204.1196688176751, 422.13066610544104
204.11965705368445, 422.13061980344224
204.0825007999114, 421.977502079991
204.08242264060308, 421.97719275026714
203.96914011701452, 421.5103965661933
203.9688879363583, 421.5093969816552
203.96881876313293, 421.50912290001605
203.92253177276828, 421.31807579779013
203.92251975423395, 421.31793683269103
203.90074805987737, 421.0405745162425
203.9006957616592, 421.0399597568077
203.86400498024378, 420.57024747537736
203.86391431941226, 420.5691882203202
203.86369931208665, 420.5691868464715
203.76839429988084, 420.56705558018336
202.55291228336753, 420.5409463670064
201.674331983519, 420.5220245866829
201.67207602945209, 420.52201207208753
201.66873148659928, 420.5219097263713
201.66466786280094, 420.5217856113764
201.25202753861672, 420.4954429259344
201.25012147137156, 420.4953844135278
199.97801680092263, 420.41405901826715
199.96957107332113, 420.41346076660284
199.57858703864318, 420.38845520267915
199.57589776912218, 420.38826447778615
198.71940674512368, 420.2972287249679
197.53471133929511, 420.17134333077047
197.53140858280713, 420.1711091336037
197.52690127758254, 420.170598517751
197.51612066740407, 420.16937550431516
196.27516703062176, 419.98303105369484
195.5219229084839, 419.8699434272562
195.52140867723537, 419.86988557330665
195.51805982763003, 419.8695059711887
195.50788258250552, 419.8679018263901
195.4993735615545, 419.86656093974494
195.0777125861819, 419.7838030553148
195.07395236802623, 419.7832103482617
193.9259005022586, 419.5579934031088
193.90955188716165, 419.5546561865193
193.54399654174918, 419.4828770724046
193.53909530636062, 419.48187549351707
192.79053177299497, 419.2981535273387
191.6776113301382, 419.0250602786915
191.67301799162894, 419.0241226304088
191.66591592957903, 419.02231908425546
191.64898483370766, 419.01801962553327
191.648713498016, 419.01795062044727
190.62156473223965, 418.71110535962833
189.8721640937883, 418.4872392151338
189.86731026586054, 418.48600646064915
189.8541121773532, 418.48194207214976
189.84104786634654, 418.4779184362177
189.56581792456873, 418.3794645241977
189.5611504066334, 418.3780270583478
188.57778384857457, 418.02639743534644
188.5588238577208, 418.01942796823226
188.1364433701651, 417.86840466927913
188.12830162730725, 417.86541006040153
187.60444940384448, 417.6433060350805
186.55540787871647, 417.1987407801418
186.5502176949112, 417.1968333089754
186.5441056178996, 417.19417643698694
186.5248189818162, 417.1857916611464
186.52205562873743, 417.184591001466
185.79366729106638, 416.8203509710114
185.06643834003748, 416.45672800020566
185.0612552202629, 416.45447450644207
185.04961111263069, 416.448514103347
185.03313639057026, 416.4400783464553
184.1457155311838, 415.9167048889697
183.70406465413302, 415.65606857485767
183.69904071013738, 415.65349717619574
183.6822705631491, 415.64338289774435
183.67159608903435, 415.63694787443535
183.37097777739618, 415.42685378013164
183.36656329053537, 415.42419170509413
182.6679872682719, 414.93578046198826
182.47285719257545, 414.7993169173247
182.4693485647335, 414.7968138702217
182.4515707618569, 414.78412801104173
182.4465880015201, 414.7805752963949
182.0022094258995, 414.40870630276225
181.39499458078635, 413.90049689269887
181.3910884692602, 413.89770818892214
181.38270659271964, 413.8905660840687
181.36650845038602, 413.8767515591013
180.8261911145839, 413.32640741701533
180.46396376090885, 412.95739085135773
180.4609082160467, 412.95478746100963
180.4485870287675, 412.94202053293674
180.4385396643992, 412.9316114688438
180.29712047849765, 412.7514238271749
179.85341254565142, 412.18618371678156
179.69083811642363, 411.9791118351427
179.68871903193386, 411.97691701720834
179.67376849306586, 411.95757532325797
179.6691120254529, 411.9515592895358
179.446580988171, 411.5809214495791
179.44536372737045, 411.5793447530638
179.43989117143232, 411.5701177423218
179.0873292372348, 410.98296381694536
179.07700931250432, 410.9655462490485
179.06382013628527, 410.94376194167165
179.06343774545994, 410.9431147358326
178.81646747789975, 410.36224712314515
178.63847157072027, 409.9433949916239
178.63794049922475, 409.94250260395995
178.63095878355958, 409.92589876024135
178.62564421837268, 409.91325884252956
178.57676677517375, 409.7221560212776
178.41787744928698, 409.10081621858865
178.36635773644682, 408.8996975643638
178.36626306891182, 408.89947108023233
178.36484297795377, 408.8938797667467
178.36004514561355, 408.87495564580655
178.3585432256622, 408.86903931062716
178.35852518358834, 408.86882618877013
178.32180345919923, 408.44004851322893
178.32068787868607, 408.42696867686317
178.2696061722938, 407.83501342452286
178.26805860652158, 407.8169222901444
178.26780930150258, 407.8140321986277
178.26778624994986, 407.8137649713686
178.26777368617266, 407.813619324618
178.26774317477154, 407.81326561837545
178.26772619876826, 407.81306882248555
178.267683914603, 407.81257863938396
178.26765971644446, 407.81229811999066
178.26759723745496, 407.8115738265202
178.26755999209158, 407.8111420561962
178.26745838903722, 407.8099642133816
178.26739378286564, 407.8092152603552
178.2671999904475, 407.80696870380365
178.2670613593253, 407.80536160968353
178.26655091812805, 407.7994442728409
178.26606403570864, 407.7938000433128
178.2639387334747, 407.7691622803788
178.2639387334747, 403.95839067304024
178.2639387334747, 391.76917753916786
178.2639387334747, 383.7784788801595
178.2639387334747, 359.46298910434143
178.2639387334747, 347.86691023599207
178.2639387334747, 323.551420460174
178.2639387334747, 311.95534159182466
178.2639387334747, 287.63987946317343
178.2639387334747, 276.04382824199104
178.2639387334747, 251.728310819006
178.2639387334747, 202.94876482037182
178.2639387334747, 191.35268595202248
178.2639387334747, 167.0371961762044
178.2639387334747, 155.44117260218889
178.2639387334747, 131.12565517920385
178.2639387334747, 119.52960395802145
178.2639387334747, 95.21408653503643
178.2639387334747, 83.618035313854
178.2639387334747, 59.30257318520282
178.2639387334747, 11.368873274894986
178.2639387334747, -3.974379721194047
178.2639387334747, -36.11522179746054
178.2639387334747, -51.443199075307824
178.2639387334747, -83.58418733069625
178.2639387334747, -98.91216460854352
178.2639387334747, -131.05307977437099
178.2639387334747, -146.38091087309638
178.2639387334747, -147.05292154084435
178.2639387334747, -179.19383670667182
178.2639387334747, -194.52181398451913
178.2639387334747, -196.22626478705774
178.2639387334747, -220.54183750437662
178.2639387334747, -232.13788872555904
178.2639387334747, -256.4533508542102
178.2639387334747, -305.2328863530387
178.2639387334747, -316.8289375742211
178.2639387334747, -321.7389071876562
178.2639387334747, -342.1813321876661
178.2639387334747, -347.29815530423275
178.2639387334747, -359.48748468361106
178.2639387334747, -385.0467328001876
178.2639387334747, -397.23588781130707
178.2639387334747, -401.04664124745324
178.26606403570864, -401.071318367836
178.26655091812805, -401.0769716137052
178.2670613593253, -401.08289840316263
178.2671999904475, -401.0845080645257
178.26739378286564, -401.08675820982575
178.26745838903722, -401.0875083592627
178.26755999209158, -401.0886880836154
178.26759723745496, -401.0891205436684
178.26765971644446, -401.08984599415714
178.267683914603, -401.09012696166445
178.26772619876826, -401.09061792780614
178.26774317477154, -401.0908150380665
178.26777368617266, -401.091169309335
178.26778624994986, -401.0913151887481
178.26780930150258, -401.0915828428878
178.2678189832021, -401.0916952581768
178.26805860652158, -401.0944775511642
178.31869884245694, -401.68653890609846
178.3202572154273, -401.70460023182824
178.35683224010725, -402.13343150061013
178.35795091654867, -402.146490252466
178.3585432256622, -402.15337585050565
178.36011279581894, -402.15950079450516
178.40942252628238, -402.3537786591881
178.56701270694717, -402.9753283349164
178.57181592496553, -402.99411378199386
178.61847349247645, -403.1778564583427
178.62158416774017, -403.1853371672813
178.62305845149356, -403.19110029405
178.79935571358115, -403.61036315510336
178.80469075866588, -403.6229174422715
179.03645586275942, -404.17410335457373
179.05409501437035, -404.2037522883125
179.06142458937526, -404.2209946387141
179.07431746562932, -404.2427792078051
179.0747084924907, -404.2434228662227
179.42309814375213, -404.8313876761103
179.4334148099288, -404.84856924734737
179.62069560289942, -405.16441348570794
179.66237349797981, -405.2183315928613
179.66882403534052, -405.2290753294845
179.8296003887293, -405.43686845190143
180.3465765774096, -406.1056128153188
180.41994789973265, -406.181745880957
180.42452943793987, -406.1875845020413
180.43701695212903, -406.2034901707593
180.4409918620954, -406.20855368053975
180.79882018361232, -406.5791497163315
180.8088612260266, -406.5893799336842
181.24826957305513, -407.0446844413443
181.35737044926336, -407.1377422922968
181.37200137488466, -407.15264448770705
181.9715818359961, -407.6639858339
181.98761154511274, -407.67740082293585
182.29828891325965, -407.9421246036064
182.44321531995925, -408.04561885410413
182.45470262560983, -408.0552324773826
182.64766963365972, -408.192702844604
182.65267187403165, -408.1962001878091
183.3423424220857, -408.68843434674676
183.35969998303446, -408.70057103500335
183.49595825687894, -408.79781384905016
183.50336896403334, -408.8029929489411
183.68147680018868, -408.91043642856505
184.1184036789717, -409.17374998823595
184.12899790583398, -409.18000366803284
184.81680073258283, -409.5948143408327
185.02325431636146, -409.70051743672303
185.04363035998009, -409.7125306631951
185.7633523158514, -410.08104200749904
185.7794565251899, -410.0890957283197
186.28911863661855, -410.3499753112377
186.51634933768403, -410.44880007249867
186.53185343960442, -410.4565535299209
186.66186242380056, -410.51303875591026
186.68399664237458, -410.52241683998477
187.59242644371884, -410.91745608584455
187.8810684101895, -411.0427741748412
188.12645986923613, -411.1329861550812
188.1366669819993, -411.1373143094078
188.55520344185666, -411.29132267501825
188.56323087692286, -411.29419140645444
189.56372234989018, -411.66191291854676
189.58132101765764, -411.6682066858677
189.84254610720254, -411.7487354614552
189.84738262362234, -411.7504661366388
190.59221565259227, -411.9798533524548
190.60478203440786, -411.98360718983605
191.35909391404542, -412.2158936792998
191.63712858688856, -412.2865048218709
191.65315080708874, -412.29129102263704
191.67058016008687, -412.2956482583722
191.68787331226312, -412.2998927140994
192.77676869578906, -412.57636589298016
193.23506379410972, -412.69286059024665
193.53195723056965, -412.7534981120959
193.54206586170162, -412.7559784989839
193.9058083128742, -412.83023152993394
Holes:
Exterior:
-383.3454310123882, 162.31172970713007
-383.3531121283879, 172.77330241099773
-403.72343523409404, 180.33930525555857
-406.5324805104475, 181.38265295816345
-406.5324805104475, 180.061061981935
-406.5324680618504, 165.43743180517546
-389.15341973832324, 158.9824370583376
-383.3419439905938, 156.8239350413865
-383.3454310123882, 162.31172970713007
Holes:
Exterior:
49.32327169344342, 412.52464052060225
49.280532476452606, 412.5062139373215
49.22707411566728, 412.480881407752
49.21580653327504, 412.476009465976
48.92221729136696, 412.33686257909073
48.84609548051765, 412.30076819884243
48.81743007020373, 412.28841855634846
48.78654595339671, 412.27277108620086
48.771625835420224, 412.2651954503321
48.740595247454195, 412.2494617775093
48.54150066530241, 412.1378298362195
48.530981061488205, 412.1315284369186
48.34224901028199, 412.0256216255332
48.30529398071761, 412.00349359982226
48.23313503344758, 411.95536634253625
48.217440720169975, 411.9459794593771
47.974791933119576, 411.7842781253948
47.940067790545015, 411.7611182926837
47.930104778490545, 411.75515625784607
47.89166055762516, 411.7278333451471
47.8848682646543, 411.7230102746774
47.70098306335444, 411.57622451465056
47.67960120488826, 411.56104815715344
47.55455507520577, 411.4610882314024
47.537553720618575, 411.44660980289217
47.513145093008376, 411.42583772972944
47.49569465641133, 411.4110021624649
47.41866252859447, 411.3361244041737
47.41855891364557, 411.33600783812847
47.233642837103815, 411.15631748112213
47.19777661321035, 411.1191672421395
47.193470625740986, 411.1150195290678
47.1926405395111, 411.11415701028585
47.04221367886066, 410.93162998431194
47.028194113332546, 410.91711749961416
47.01069214786256, 410.8944025305721
46.93953974471967, 410.8079622341847
46.92574348293434, 410.7900542168083
46.86029536133961, 410.6867225161734
46.84953377492124, 410.6727832773291
46.73954422489305, 410.49890800072177
46.735408494840954, 410.4919045164474
46.71423227203016, 410.45594496733753
46.70562572539893, 410.4369597858305
46.70336198866977, 410.4331348330969
46.61452222449839, 410.23643988896646
46.58377474567138, 410.1685230897953
46.57841117994815, 410.1593780662218
46.56533923124894, 410.12809762328806
46.55947959419095, 410.1140669546578
46.523163418847105, 409.983321539742
46.47951259332737, 409.82617753840884
46.474822705997525, 409.8149158007387
46.470888198875144, 409.7993731301126
46.46273194664093, 409.7669499277495
46.45817698087225, 409.7240887747586
46.45604001278207, 409.71552138643403
46.43453094731541, 409.51415923056067
46.42947016437088, 409.46813792301435
46.429444099984266, 409.467942442376
46.42589926406313, 409.4264403383954
46.42509122794661, 409.4169458782826
46.42438744788572, 409.4087937285535
46.42388136042766, 409.3691607544999
46.42388136042774, 409.25317191102386
46.423881360427856, 409.2292758057694
46.42388136042766, 408.8257029522351
46.423881360427856, 408.7425585816483
46.42388136042774, 405.78453373938237
46.42388136042774, 391.76917753916786
62.45991142365125, 391.76917753916786
62.84672617645819, 391.76917753916786
63.0638960088653, 391.76917753916786
63.0638960088653, 403.6407145557279
63.0638960088653, 407.7691622803788
63.0638960088653, 408.03710026985544
63.0638960088653, 408.1665443150717
63.0638960088653, 408.370116031961
63.0638960088653, 408.4447411565307
63.0638960088653, 408.5699250379994
63.0638960088653, 408.6184089989966
63.0638960088653, 408.7031306830962
63.0638960088653, 408.7371443299105
63.0638960088653, 408.798278024513
63.0638960088653, 408.82345128058995
63.0638960088653, 408.8696382970888
63.0638960088653, 409.3691607544999
63.063522448695636, 409.37647436219527
63.05964524616331, 409.4168942913649
63.05512189124599, 409.46432500749984
63.05463156694432, 409.47290572211546
63.034987827669426, 409.6786812973349
63.03396035490482, 409.69724030280844
63.030364083894966, 409.71581125083986
63.02622857455151, 409.7591370446857
63.024710577662205, 409.7669371477026
63.019759348348316, 409.79251049909317
62.974916032976495, 409.9535339790172
62.97360776767903, 409.9571609279023
62.93678032940585, 410.09016028665485
62.92815737813194, 410.1140601247498
62.89662909013356, 410.18402900089103
62.89202425214114, 410.19678578548485
62.801198261125194, 410.39762332490153
62.79708190449384, 410.4090429553068
62.78384247096537, 410.43384914169553
62.77544483972031, 410.4525821636025
62.77366683473278, 410.45593928314435
62.761593948954754, 410.47858155969584
62.648815652585995, 410.6566960050392
62.64186131979852, 410.6664952934658
62.5754727606228, 410.7712768616308
62.562095679304775, 410.79005377949466
62.48886894798849, 410.8789710200559
62.47717171333974, 410.89540930563106
62.324552590369365, 411.08079290669843
62.321314531346246, 411.0853685593508
62.295357856214025, 411.1141588290889
62.290064138486855, 411.1190974303092
62.289242546820844, 411.1200187786783
62.27269134218764, 411.13835993630045
62.084210923632725, 411.3216132769634
62.06745006258461, 411.3368167551176
61.98975293929371, 411.41228746047483
61.97479225895148, 411.42584841321525
61.84652420793694, 411.5284684929903
61.82764052072707, 411.54557466950433
61.6413576796586, 411.694189518211
61.63852877989123, 411.696317073906
61.603134587274724, 411.7230394378198
61.56662864601344, 411.7473873549024
61.56047111561759, 411.7520467910931
61.3136522720356, 411.9165927741861
61.30094035956941, 411.9261979509198
61.268654348214795, 411.9467962925617
61.19645068964513, 411.99488921429355
61.18282680722996, 412.0035756098577
60.98960323882153, 412.1120139605328
60.972953886984754, 412.1226421359532
60.77233538325032, 412.2351936865835
60.75438261198053, 412.2449171263326
60.71670768018629, 412.26532044769885
60.63772631535181, 412.3027818782437
60.62431115800584, 412.3100415937799
60.32615750682265, 412.45126409550545
60.27376243380564, 412.4761102777093
60.273500715565376, 412.47623519085676
60.217685670363295, 412.501929189162
60.2078511284366, 412.5064595143857
59.943824673754364, 412.6119544047224
59.74595304204993, 412.6910452967055
59.738097573235024, 412.6946569455427
59.69706350699866, 412.71067164996157
59.65995060757072, 412.7251535245984
59.52948619027336, 412.7688666835972
59.52305116690829, 412.7713725657894
59.505441669265196, 412.7771387261486
59.1643857339829, 412.89130643508037
59.10034680538237, 412.9122808078925
59.08092970981005, 412.91880669872353
59.07728197481853, 412.9199946015234
58.73846607201949, 413.013791398896
58.56069163059891, 413.06301926077595
58.554650453984294, 413.0650050939857
58.4972707018394, 413.0805838396929
58.46378055444109, 413.08966700216956
58.27456133658805, 413.13205753241755
58.26843353249578, 413.13372825008963
58.23925917824499, 413.1401832159311
57.890152136518026, 413.2184714460048
57.82417832950546, 413.23303525726476
57.81943427314923, 413.23408207728596
57.792987213361755, 413.2386717357723
57.79182518902161, 413.23893803020474
57.405077468847054, 413.3067207930847
57.33308663476765, 413.3192510472196
57.1899251107487, 413.34436168180963
57.16274967519473, 413.34908935467024
56.592461892264794, 413.42272916687676
56.587876981419384, 413.4235280056402
56.484104732302086, 413.4370302929753
56.407597408372396, 413.44356604863196
55.904072509046784, 413.4864332196309
55.90294554164964, 413.48658025242946
55.889494124090476, 413.4877747411097
55.79821073593047, 413.49583547688997
55.79310755594102, 413.4960808256654
55.48935670817744, 413.50891332796823
55.43104114515424, 413.5116977417596
55.14891747309923, 413.52362962123493
55.10870778278209, 413.52555160158374
55.09453565730283, 413.5256810160382
54.80077139706597, 413.5256813640052
54.744016565778935, 413.52620644984574
54.450255967853565, 413.5262078176989
54.42657085448343, 413.526424565935
54.39341906392016, 413.52542182410684
54.337952098852355, 413.5237434170318
54.05254144145499, 413.5116660152738
54.032459607487255, 413.51105172280387
53.73292589376507, 413.49840778362034
53.694946449224574, 413.4956593539064
53.189670765753476, 413.4526479410177
53.11692275635619, 413.44737009125583
53.04407369167268, 413.4411507677516
53.018017314067606, 413.4381465576704
53.00392368474161, 413.4365222340074
52.9331914329579, 413.42836485725223
52.36584329897471, 413.35508792466675
52.325439994622144, 413.34863821643773
52.18000609808189, 413.3231449997628
52.15108650569201, 413.3185343640073
51.76737403953365, 413.2512689033633
51.72699889199288, 413.24482116241734
51.70382030453544, 413.24077767645656
51.66863744725873, 413.23353798313144
51.66420064694344, 413.23261782064196
51.31534294611919, 413.154377043255
51.24831104147202, 413.1405816511441
51.06337704691447, 413.0991848825865
51.06036609630732, 413.098419473542
51.024504014798964, 413.08928287405564
50.9883214115589, 413.08006606248455
50.80976530908754, 413.0305905573574
50.782814103112, 413.02371960032826
50.45005496166206, 412.93159457951197
50.41120585990333, 412.91963345131063
50.38971428910381, 412.91241647736706
50.38531696619481, 412.91106294358855
50.04821237131577, 412.7982163010302
49.9952317226398, 412.7819149125462
49.86866787401982, 412.73950508191956
49.853266378951446, 412.7338697032176
49.82855133895475, 412.7248405797721
49.630995920135405, 412.6459446365634
49.59000062416641, 412.63093875201577
49.33156091291954, 412.52765929953347
49.32327169344342, 412.52464052060225
Holes:
Exterior:
-451.5145055258581, -95.2931340015929
-452.62179613248406, -95.17724750935731
-458.2125716784017, -94.58491443308914
-459.65114876502844, -94.44177401118912
-459.65113974954147, -96.81686104650993
-459.651193949055, -117.05281781236674
-448.8949969163705, -118.1902423654743
-445.8960020991558, -118.50738544327288
-445.8960233605668, -102.44442076153426
-445.8960233605668, -95.88986213704601
-451.5145055258581, -95.2931340015929
Holes:
Exterior:
-68.92693569992443, 307.39715681515946
-68.92640191685365, 308.28273532379455
-68.92542744610418, 309.38037155118735
-68.92098594361985, 311.00937535805656
-68.91254605857131, 312.61270156416197
-68.88357983386737, 317.51268725417503
-68.88355051024661, 319.3877986575999
-92.8868266552578, 315.28924594170314
-99.60787061457361, 314.15918070929786
-99.63454737757328, 303.66565344222556
-99.59813855198772, 297.03780409186135
-99.62737382141663, 277.52066923968357
-99.63636007180716, 275.8675874676515
-99.6367662275558, 273.7529050607755
-99.6367662275558, 194.3793081828515
-99.63676312679522, 181.1636489503871
-99.63282586374734, 169.82323764533058
-99.6247883782593, 166.1243330167744
-99.63002514785305, 165.5826003650053
-99.52081696690684, 159.00604790811667
-99.49480095934453, 143.23239475335976
-70.11390732637034, 147.050301227907
-68.86837780342074, 147.1966391462486
-68.86837780342074, 159.27378746007506
-68.86839670756143, 164.03775508618926
-68.86842124221567, 168.80259098419148
-68.86842042617849, 169.00748833613602
-68.86841947600459, 169.28438765569197
-68.86842242623914, 169.7555665882526
-69.45726234876216, 169.66581756961574
-69.62169938247243, 169.6407547120722
-69.75934457529087, 169.61977588716397
-70.87478763129019, 169.449764558941
-71.13245194137252, 169.41048953616698
-71.5450212274628, 169.3476077149491
-71.13336485718023, 169.64935575157773
-70.0501536845008, 170.44334296779087
-68.86841985490278, 171.3095488470011
-68.86841693833452, 172.13193220610555
-68.86841693833452, 194.02371990672262
-69.69364284541268, 193.41882803939487
-70.5260397779314, 192.80868343614972
-71.13315702715488, 192.36366747466647
-72.20264090512532, 191.57973056828502
-77.73551195011905, 187.5241442750077
-77.73579253151817, 243.58047319787417
-77.73596971379092, 278.9790698121171
-77.73579253151817, 278.97901075135945
-72.20270124378666, 276.7188415403477
-71.13215868799426, 276.28154677162644
-70.53537356304659, 276.03776963648755
-68.86841693833452, 275.35685218414443
-68.86842373294886, 275.85725701104406
-68.86842373294886, 291.8853617953935
-69.62214774924036, 292.1932464140892
-70.15638938190244, 292.41147100032737
-71.13197228753782, 292.80997841562674
-72.00801032893577, 293.1678213797139
-76.17957322941592, 294.87178526621864
-72.00801032893577, 295.5709371756413
-71.13340009480143, 295.7182208888794
-70.0496664764317, 295.90071559118155
-68.86841836925635, 296.10288894383564
-68.86841484603173, 296.6151334638833
-68.86841366904525, 297.121136768905
-68.86843510334259, 298.13521294523747
-68.8684090372872, 300.16455058245634
-68.86842260780605, 304.2237452032863
-68.86842260780605, 305.8541906370449
-68.87523583991464, 305.85300310117776
-68.91105533765779, 305.8468717099772
-68.92758714208259, 305.8440606178218
-68.92758749833371, 306.0564883881695
-68.92693569992443, 307.39715681515946
Holes:
Exterior:
-68.92693569992443, -300.67468268818703
-68.92758749833371, -299.33400670042084
-68.92758714208259, -299.1215777318689
-68.91105533765779, -299.12437990646714
-68.87523583991464, -299.1304920963646
-68.86842260780605, -299.1316823631563
-68.86842260780605, -297.5012305498792
-68.8684090372872, -293.4421153490575
-68.86843510334259, -291.41273005928457
-68.86841366904525, -290.3986538829521
-68.86841836925635, -289.3804071911779
-69.62199225993564, -289.25244804448084
-70.0496664764317, -289.17823548243746
-71.13340009480143, -288.9957407320029
-72.00801032893577, -288.84846191141
-76.17957322941592, -288.14937867421105
-72.00801032893577, -286.44534611548266
-71.13197228753782, -286.08749007601864
-70.15638938190244, -285.6889911535547
-68.86842373294886, -285.1628789094406
-68.86841693833452, -284.56446593058763
-68.86841693833452, -268.63440882628095
-70.53537356304659, -269.3153248975073
-71.13215868799426, -269.5590993066172
-72.20270124378666, -269.99639274891865
-77.73579253151817, -272.25652786540655
-77.73596971379092, -272.2565869261642
-77.73556727197959, -191.8542801245673
-77.73551195011905, -180.8017376830001
-72.20264090512532, -184.8572898816814
-71.13315702715488, -185.64122546297475
-70.5260397779314, -186.08623869716948
-68.86841693833452, -187.30127654885914
-68.86841985490278, -186.65330369716872
-68.86841985490278, -164.58710628443453
-69.62210351444392, -164.03465245191688
-70.0501536845008, -163.72089683961116
-71.13336485718023, -162.9269137404606
-71.5450212274628, -162.62516297596886
-71.13245194137252, -162.68805024810743
-70.87478763129019, -162.727322226199
-69.75934457529087, -162.89733011355585
-69.62169938247243, -162.91830997309197
-68.86842242623914, -163.03312077983063
-68.86841947600459, -162.56194378223012
-68.86841947600459, -162.49440392072287
-68.86842042617849, -162.28504359715578
-68.86842124221567, -162.0801477960435
-68.86839670756143, -157.3152911282493
-68.86837780342074, -152.551325039009
-68.86837780342074, -140.47417672518253
-71.13237565478454, -140.16865844248582
-99.49480095934453, -136.50989894424296
-99.49337151382892, -151.4642361809245
-99.52081696690684, -152.2835804089695
-99.63002514785305, -158.86009329662602
-99.63282586374734, -163.10074214827262
-99.63676312679522, -174.44124235837953
-99.63676312679522, -253.81500246396996
-99.6367662275558, -267.0304221748226
-99.63636007180716, -269.1451149757972
-99.62738412551616, -270.7981772037335
-99.59816566212666, -290.3152845567903
-99.63412977888427, -296.75866632142623
-99.60619526164962, -307.43772879688004
-92.71557184434536, -308.59607400687
-68.88355051024661, -312.6653046980857
-68.91231459272271, -306.7300939460885
-68.91254605857131, -305.8902613118591
-68.92542744610418, -302.6579086066276
-68.92640191685365, -301.5602417959717
-68.92693569992443, -300.67468268818703
Holes:
Exterior:
13.416340614717342, -313.3099920826654
14.865962277167796, -313.5588983748407
19.838250276235897, -314.4153238829163
26.956699479894837, -315.65672421801094
112.6469060196849, -330.7199996058647
113.07884571759965, -330.79604395182486
113.15513084192705, -330.80957655827973
113.15513084192705, -344.2164634526987
113.15513084192705, -344.39137493352774
113.26592606226055, -344.4112406574992
147.67356152113817, -350.5639798641415
147.65927406166762, -339.4182429102984
147.65691876806417, -338.7227305737908
147.6541887940322, -337.9352269538648
147.6541887940322, -268.8287216337727
147.6541887940322, -185.7862188712033
147.6361114238277, -173.24343466585844
146.00734223910254, -172.94825566081715
145.72254653578503, -172.8972614748854
134.99162380962898, -171.07667593632138
131.1378319146141, -170.4140363672712
113.07884571759965, -167.34647655888037
86.57208238213903, -163.11684383914863
80.18180775266603, -162.08080119459333
72.98648264534165, -160.92911485421132
72.94917483728449, -160.9230505281314
45.76302399954392, -156.8284893542415
29.837861581108086, -154.38767556169756
26.956699479894837, -153.96588244324147
19.838250276235897, -152.91189422656208
18.770801953146957, -152.76212622465275
12.72616958833052, -151.89846321685093
8.723454034616424, -151.31325345729093
-6.470907187144007, -149.1915078549131
-33.465032422970694, -145.31567103917774
-35.06770052691181, -145.0997656661826
-57.18620028421631, -142.07619158132223
-57.1868171264442, -156.71375089447753
-57.186746731478735, -164.8136106709802
13.988252556722557, -175.66192724517148
19.838250276235897, -176.5535021990978
26.956699479894837, -177.6384893133742
112.64690601968485, -190.69907467248564
113.07538451164757, -190.76438134160475
119.4034651006622, -191.7288617064376
113.07538451164757, -194.31381819142388
55.37795691485641, -217.88214948990986
29.418587300197487, -228.48608067686064
22.282951184646578, -231.40087403553918
19.838250276235897, -229.6089055852319
13.988252556722557, -225.3208130649116
-5.899819104176828, -210.74296129999541
-57.186746731478735, -173.14974869026437
-57.18697058569913, -177.56106218215723
-57.18697058569913, -195.8638008356533
2.3838117803496743, -239.52930726307824
-16.641465977824453, -247.30074933025418
-57.18697058569916, -263.8627730667752
-57.18676758655485, -266.5470172358791
-57.18676758655482, -280.39113304483146
11.074871136273913, -252.50751593547406
16.863487073318424, -250.14293946522668
19.838250276235897, -252.32344415945064
26.956699479894837, -257.5412851330808
112.64690601968496, -320.3523079479921
113.05718259559157, -320.6530410105429
52.40070028564679, -310.10812682600744
27.706746872286544, -305.79820645004486
20.581819326808613, -304.5705657500586
18.54680097160042, -304.2249910667818
17.806991375177972, -304.096435091431
11.997358491195541, -303.1010531485682
-8.477012126484993, -299.64018583223185
-57.1868650640304, -291.3645689588568
-57.18697441850287, -293.04750415018697
-57.18697441850293, -301.1491782124638
-56.55858468637584, -301.2576623571188
-48.349619040547765, -302.6755549825536
-30.472955414256063, -305.76464755343085
-22.777719439681334, -307.09647628825957
-11.16087416551781, -309.08218378222585
9.126358561308422, -312.56273711286053
13.416340614717342, -313.3099920826654
Holes:
62.06675492636586, -260.5621174867843
36.76293165339655, -242.0145062376876
112.6469060196849, -211.0174684927228
113.07884571759965, -210.84102982725858
120.66399366511533, -207.7425793578048
120.66399366511533, -286.8918486308783
120.66399366511533, -303.51368226307824
113.07884571759965, -297.9536190986698
62.06675492636586, -260.5621174867843
Exterior:
13.416340614717342, 320.032513115591
9.126358561308422, 319.28522851564765
-11.16087416551781, 315.80469453225646
-57.18697441850293, 307.87163584605565
-57.1868650640304, 306.28265517797166
-57.1868650640304, 298.0870457651731
11.997358491195541, 309.82348243115996
17.806991375178, 310.81886307615355
18.54680097160042, 310.94743580576204
20.581819326808613, 311.2929897161558
27.706746872286544, 312.52061282706154
112.64690601968496, 327.3039408414557
113.05718259559157, 327.3754476025505
51.70920932669307, 282.40734074264356
26.956699479894837, 264.2637486704787
19.838250276235897, 259.0459270454036
16.863487073318424, 256.8654223511796
11.074871136273913, 259.229998821427
-9.255201500570536, 267.5344217754702
-57.186767586554936, 287.11361593078436
-57.186970585699044, 283.9036450913193
-57.186970585699044, 270.5852103970605
2.3838117803496743, 246.25171385508582
-16.641465977824453, 232.3061602570269
-57.18697058569916, 202.58623816593865
-57.18674673147865, 199.11044468480554
-57.18674673147862, 179.87218175416123
13.988252556722557, 232.0432451142332
19.838250276235897, 236.33130844619313
22.282951184646578, 238.1232424805741
29.418587300197544, 235.20850551760336
112.64690601968496, 201.2114025946142
113.07538451164757, 201.03637726190917
119.4034651006622, 198.45138273936317
113.07538451164757, 197.48682629941084
53.14570104749265, 188.35261142079625
26.956699479894837, 184.3609517504975
19.838250276235897, 183.2759985619675
13.988252556722557, 182.38435608308006
-5.899819104176828, 179.35306424215503
-57.186746731478735, 171.53605540996045
-57.1870418664972, 167.52012262075917
-57.186817126444225, 163.4362223199822
-57.18620028421631, 148.7986549163827
-33.465032422970694, 152.0381920721033
-24.131094260389602, 153.34832405611635
8.723454034616424, 158.03569819627117
12.72616958833052, 158.62089500717983
14.452125371650169, 158.8649564179463
19.838250276235897, 159.6343180265328
26.956699479894837, 160.6883465307767
29.837861581108086, 161.11011956329685
60.09261832222998, 165.6821445447451
72.94917483728449, 167.6455043408263
80.14941938565073, 168.79799293536465
80.18180775266603, 168.80324593357358
112.93627211031188, 174.0459009463264
113.07884571759965, 174.06895955347272
131.1364491280623, 177.137114285965
134.99046341602926, 177.80002351301482
145.80390293821753, 179.63505530642857
146.0768871534718, 179.68393595829278
147.63753717215755, 179.9667391990448
147.6541887940322, 192.5086838822392
147.6541887940322, 261.6151689302756
147.6541887940322, 344.657689567762
147.65691876806417, 345.4452134597437
147.65927406166762, 346.1406899877523
147.67356152113817, 357.2864627500944
117.27056101519051, 351.84614228624065
113.15513084192705, 351.1138949840584
113.15513084192705, 350.9389839944268
113.17538552840963, 338.76998273086866
113.15513084192705, 337.53205944423263
113.07884571759965, 337.51852683777776
53.42304794703088, 327.0458240346245
26.956699479894837, 322.3791496084362
19.838250276235897, 321.13776862189656
18.918305272168084, 320.98018316716053
13.416340614717342, 320.032513115591
Holes:
62.06675492636586, 238.4008806713685
36.76293165339655, 248.73702727061317
112.6469060196849, 304.3595303391671
113.07884571759965, 304.67613980567694
120.66399366511533, 310.2360888550858
120.66399366511533, 293.6142552228859
120.66399366511533, 214.4649859498124
113.07884571759965, 217.56347445759937
62.06675492636586, 238.4008806713685
Exterior:
-518.4124489902308, 222.93737354472623
-523.1255265985567, 224.6879168580155
-517.5281283159511, 225.51758217511474
-517.5281283159511, 230.41569193490605
-517.5198938488359, 240.37043044685583
-517.5188083902069, 242.2813869297037
-517.5209413533867, 244.87909500386044
-517.5246415818156, 247.73069108624088
-534.1645243641927, 245.3636412468563
-539.5433223832455, 244.58329950663614
-539.505256243853, 230.18199891832782
-539.4775610480289, 222.31077265614263
-532.9408184380137, 223.26103983507878
-526.2912701258526, 224.22772314717892
-526.2885662084441, 210.9699492860651
-526.2886005060543, 142.0968536835445
-526.2887499183394, 132.27039984000584
-526.3099365437427, 119.01264700148968
-526.2945221962965, 116.7835877217163
-532.9404244318755, 116.13266625681499
-536.2846083783741, 115.80516010604482
-537.7295610223848, 115.66364012461709
-539.4771064698512, 115.49248284693032
-539.4954224185713, 98.5208993331064
-539.5051879551505, 93.09179316418502
-537.1030550317398, 93.32281815621423
-531.1133095688439, 93.89882520651017
-525.5025146795567, 94.52872390796055
-524.9645230946189, 94.58913087754458
-518.857324182803, 95.11214648967713
-517.5237004362606, 95.24202132134428
-517.5198312944169, 116.77763482593706
-517.5216889750981, 117.65535365128201
-517.965612916651, 117.60840834653871
-518.2313205910682, 117.58030976443384
-519.1300126825411, 117.485272509871
-517.7955346364668, 118.32343859617704
-517.5216995066338, 118.495425440175
-517.5209070324715, 118.97342978471616
-517.5274457402387, 139.04352330658028
-518.4129914236627, 138.48730967992762
-525.5022758315156, 134.0346935367384
-525.7360002313692, 133.88789854746864
-525.7360002313692, 135.6913860462381
-525.7360002313692, 209.7122546265702
-525.5022903720189, 209.6254501565108
-517.5274457402387, 206.663420830252
-517.5295885862452, 207.66448690772367
-517.5295885862452, 222.60946128645034
-518.4124489902308, 222.93737354472623
Holes:
Exterior:
-390.3688862431711, -212.1871690685265
-383.3454647756988, -216.59845834153893
-383.3538678311387, -208.62479191449611
-383.33735271430294, -196.05190215774692
-388.40155436303314, -192.87118435466442
-406.5324805104475, -181.48348015377124
-406.53248170717745, -183.30408366695394
-406.5324521362186, -202.03512714062862
-390.3688862431711, -212.1871690685265
Holes:
Exterior:
-390.36888624317123, 218.90961072141863
-406.5324521362186, 208.757620728782
-406.5324476999639, 203.2888778755986
-406.5324805104476, 188.2059280544827
-388.40155436303314, 199.59366724061738
-383.33735271430294, 202.77437341302482
-383.3309106021461, 209.2053281471957
-383.3454647756988, 223.3209103051808
-390.36888624317123, 218.90961072141863
Holes:
Exterior:
-536.2846083783741, -109.08275351403721
-532.9404244318755, -109.4102404368913
-526.2945221962965, -110.0611976444469
-526.2887499183394, -125.54792394982177
-526.2886005060543, -135.37437079759164
-526.2885662084441, -204.24753570025968
-526.308402828714, -215.12342121738243
-526.2912701258526, -217.50524026122602
-529.618195705244, -217.02160164075366
-532.9408184380137, -216.5385761821832
-536.1794831317918, -216.0677578038301
-539.4775610480289, -215.588352591431
-539.505256243853, -223.45957885109857
-539.5433223832455, -237.8608416046287
-534.1645243641927, -238.64120584445084
-517.5246415818156, -241.00825356228393
-517.5188083902069, -235.55894219072346
-517.5198938488359, -233.6480028176243
-517.5198938488359, -228.75251458153434
-517.5281283159511, -218.7951163875547
-523.1255265985567, -217.9654339720626
-517.5295885862452, -215.88697840049744
-517.5295885862452, -200.94203977572568
-517.5274457402387, -199.94097609127175
-518.4118717438339, -200.26947254759708
-525.5022903720189, -202.90304014929015
-525.7360002313692, -202.9898480345626
-525.7360002313692, -201.18647902190577
-525.7360002313692, -127.16541566151572
-525.5022758315156, -127.31221065078547
-517.5274457402387, -132.32104333593009
-517.53020247884, -131.0897683119456
-517.5216995066338, -111.77305493934986
-517.7955336601814, -111.60106598856278
-519.1300126825411, -110.76290406483604
-518.2313205910682, -110.85793884285805
-517.5216889750981, -110.93298452098036
-517.5214612847058, -110.38628564149622
-517.5198312944169, -110.05526193336227
-517.5237004362606, -88.51953843539135
-518.8573276547288, -88.38967017475146
-524.9645441047069, -87.86668424738129
-525.5026142793572, -87.8063382413974
-531.0950348168615, -87.178897330212
-537.1038032784401, -86.60107612440898
-537.4477665999582, -86.57041550490761
-539.5059851461305, -86.37003318592144
-539.4961054868896, -91.79914803069776
-539.4771064698512, -108.77006907761412
-538.7521647881498, -108.8410739536428
-537.7295610223848, -108.94123353260947
-536.2846083783741, -109.08275351403721
Holes:
Exterior:
-406.5324832627041, 242.11710632311627
-389.14311265209676, 244.75108066842972
-383.3344696415094, 245.64361328847215
-383.3126818778278, 258.0786460667809
-383.3320714161781, 268.0212619604992
-389.42611347121886, 267.0823481013793
-406.53244393399655, 264.416534826954
-406.53243486796373, 262.9405660199558
-406.5324832627041, 242.11710632311627
Holes:
Exterior:
-406.5324805104475, -174.660205057452
-403.72343523409404, -173.6168511906451
-383.3531121283879, -166.0508286306297
-383.3492537833779, -159.97887939666631
-383.3419439905938, -150.10149153979364
-389.15341973832324, -152.25997354898695
-406.5324680618504, -158.71496659607433
-406.5324680618504, -162.40937557418405
-406.5324805104475, -174.660205057452
Holes:
Exterior:
-406.53247896354105, -108.63729267859401
-406.5324446367513, -122.67010912287677
-389.14259018738926, -124.50904406564025
-383.34177331103785, -125.12245803416421
-383.33873287032077, -117.44223698839708
-383.40833520998547, -102.64404339566732
-394.6649817524258, -101.42997064076076
-406.5324406441523, -100.04157719432129
-406.53243957247423, -100.71724718964886
-406.53247896354105, -108.63729267859401
Holes:
Exterior:
-406.5324855006861, -248.22546347861416
-406.53244393399655, -257.69414930569803
-389.4263383661347, -260.36007203358605
-383.33240849293077, -261.2990855294945
-383.34301722083933, -258.7328539060045
-383.3344696415094, -238.9210922555466
-389.14311265209676, -238.02855963550417
-406.5324832627042, -235.39467143869172
-406.5324855006861, -248.22546347861416
Holes:
Exterior:
-406.5324406441523, 106.76398499583054
-405.47670668913884, 106.87943863198336
-383.40833520998547, 109.36643419503544
-383.41352181048, 122.46308533069067
-383.34177331103785, 131.84492899038403
-389.14259018738926, 131.23147913409525
-394.40956442393986, 130.67452676104008
-406.5324446367513, 129.3925003985059
-406.53243957247423, 107.43965378165642
-406.5324406441523, 106.76398499583054
Holes:
Exterior:
-493.5787214667266, -90.98921056493742
-511.2140779042418, -89.1455856303257
-511.6472373616666, -89.10216382550688
-511.6472503441678, -90.84487259237089
-511.6474507482927, -111.55418432611351
-505.1308460564993, -112.2433226825908
-479.4089507468126, -114.96342550853778
-479.40888068698587, -101.45190896148922
-479.40878559882503, -92.42375068149398
-493.5787214667266, -90.98921056493742
Holes:
Exterior:
-505.1308460564993, 126.27793663197288
-479.4089507468126, 142.43346874923645
-479.4089507468126, 154.22070208323464
-479.40885433027574, 162.98523615226145
-493.22482995972257, 154.30764336275797
-511.6472997305557, 142.73675193338548
-511.6473268869686, 140.0922805866448
-511.6474507482927, 122.18494745039114
-505.1308460564993, 126.27793663197288
Holes:
Exterior:
-448.70607799253526, 235.74659944764002
-445.8959642444918, 236.16258144023737
-445.89599075419073, 239.247911851823
-445.8960289650785, 245.0419550972879
-456.32022625024683, 243.47521799397063
-459.6511640243565, 242.979653977848
-459.6511640243565, 237.35494445577774
-459.65120676915035, 235.23325277187186
-459.6512032180283, 234.0884461685279
-448.70607799253526, 235.74659944764002
Holes:
Exterior:
136.90783644829176, -385.0467328001876
130.27529398463932, -385.0467328001876
130.27529398463932, -394.3815923088412
130.27529398463932, -401.04664124745324
143.1133340187533, -401.04664124745324
148.75066117269486, -401.04664124745324
148.75066117269486, -389.14577415280286
148.75066117269486, -385.0467328001876
136.90783644829176, -385.0467328001876
Holes:
Exterior:
136.90783644829176, 407.7691622803788
130.27529398463932, 407.7691622803788
130.27529398463932, 398.4342582593917
130.27529398463932, 391.76917753916786
143.1133340187533, 391.76917753916786
148.75066117269486, 391.76917753916786
148.75066117269486, 403.6701013818994
148.75066117269486, 407.7691622803788
136.90783644829176, 407.7691622803788
Holes:
Exterior:
-490.31212785207777, 120.5327741776067
-511.6474507482927, 118.27655612099336
-511.64743827752113, 115.73493888159983
-511.6472503441678, 97.56734657905692
-511.6472373616666, 95.8246467114598
-511.2140779042418, 95.86806851627863
-479.40878559882503, 99.14623356744691
-479.40888068698587, 108.1743457153589
-479.4089507468126, 121.68581583242812
-490.31212785207777, 120.5327741776067
Holes:
Exterior:
-490.31212785207777, -128.86290814903813
-511.6474507482927, -115.46256895582148
-511.6474292771429, -117.6830510825536
-511.6472997305557, -136.01427502492854
-502.6248011325215, -141.68117133691325
-479.40885433027574, -156.2627765618273
-479.40885433027574, -143.71226923406994
-479.4089507468126, -135.71101278878
-490.31212785207777, -128.86290814903813
Holes:
Exterior:
-448.07918004134876, -190.0915553150313
-445.8960136809487, -189.28069367606716
-445.89605396577224, -177.31161332924393
-445.89605421721535, -173.33547875236167
-445.8960020991558, -160.5544768572182
-445.8960020991558, -156.75987938848968
-458.0311240956339, -149.13805420167603
-459.651193949055, -148.12051648053114
-459.651193949055, -165.77093374866834
-459.65120676915035, -168.6722481674083
-449.8741838251192, -174.81304444569543
-458.0311240956339, -177.84272660665022
-459.65120676915035, -178.44445308087168
-459.65120676915035, -192.33465073963427
-459.6512032180283, -194.3896533813758
-448.07918004134876, -190.0915553150313
Holes:
Exterior:
-448.8949969163705, 161.5987221898758
-445.8960020991557, 163.4823411442766
-445.89605421721535, 180.05793087164247
-445.89605396577224, 184.0340675806388
-445.8960136809487, 193.76227556370173
-445.8960136809487, 196.00317120094877
-458.0311240956339, 200.5103433800786
-459.6512032180283, 201.1120701565057
-459.6512032180283, 187.29513953700126
-459.65120676915035, 185.16689290349422
-449.8741838251192, 181.53548918467567
-458.0311240956339, 176.41222979549082
-459.65120676915035, 175.39469782274625
-459.65120676915035, 157.49170402700196
-459.651193949055, 154.84301597226116
-448.8949969163705, 161.5987221898758
Holes:
Exterior:
-497.71974326250086, 237.3407442793999
-506.70718052501115, 236.02090351614612
-511.64731856757794, 235.26948317141327
-511.6473268869686, 234.12705642183067
-511.6473268869686, 226.39229240177642
-491.0139638372609, 229.4561003377856
-479.4088595055355, 231.16234286965107
-479.40887631137184, 239.48078523530978
-479.4088755642754, 240.05097828112486
-497.71974326250086, 237.3407442793999
Holes:
Exterior:
-497.71974326250086, -230.61826658014326
-479.4088755642754, -233.32852890411303
-479.40885433027574, -227.89811577350028
-479.4088595055355, -224.43988274994982
-491.0139638372609, -222.73360371981144
-511.6473268869686, -219.66980460734604
-511.64731856757794, -221.8511399786694
-511.64731856757794, -228.54703843243303
-497.71974326250086, -230.61826658014326
Holes:
Exterior:
-452.62179613248406, 101.8997871948042
-445.8960233605668, 102.61236109703465
-445.8960233605668, 109.16691972152292
-445.89600711540186, 120.38804330237205
-445.8960020991558, 125.22981609547583
-458.0311240956339, 123.94654307923972
-459.651193949055, 123.77521901907546
-459.65113974954147, 103.53939999941149
-459.65114876502844, 101.16432583103116
-452.62179613248406, 101.8997871948042
Holes:
Exterior:
-459.6512032180283, -227.3659963379865
-459.6511640243565, -230.6324997167975
-459.6511640243565, -236.25720923886774
-449.43166547588964, -237.791628687372
-445.8960289650785, -238.31948440859904
-445.89599075419073, -232.52548037000452
-445.8959642444918, -229.44014364497096
-458.0311240956338, -227.6051395977536
-459.6512032180283, -227.3659963379865
Holes:
Exterior:
-479.4088595055355, 208.4505253145528
-491.0139638372609, 212.76096977853723
-511.6473268869686, 220.42465874300407
-511.6472997305557, 217.92608375044261
-511.6472997305557, 204.4794033444033
-502.6248011325215, 201.12824596298745
-479.40885433027574, 192.50532252970052
-479.40885433027574, 202.2426863064499
-479.4088595055355, 208.4505253145528
Holes:
Exterior:
-479.4088595055355, -192.21193136355274
-479.40885433027574, -185.78289264217418
-493.22482995972257, -190.91446014399617
-511.6472997305557, -197.75695860542305
-511.6473268869686, -199.808684304233
-511.6473268869686, -213.70217585705117
-502.6248011325215, -210.35100691248377
-479.4088595055355, -201.72808796110323
-479.4088595055355, -192.21193136355274
Holes:
Exterior:
87.60014301925477, -385.0467328001876
73.05994926140886, -385.0467328001876
73.05994926140886, -386.43506507066274
73.05994926140886, -401.04664124745324
74.9692723539896, -401.04664124745324
91.53514025614496, -401.04664124745324
91.53514025614496, -397.0923258621266
91.53514025614496, -385.0467328001876
87.60014301925477, -385.0467328001876
Holes:
Exterior:
87.60014301925477, 407.7691622803788
73.05994926140886, 407.7691622803788
73.05994926140886, 406.38082338978165
73.05994926140886, 391.76917753916786
74.9692723539896, 391.76917753916786
91.53514025614496, 391.76917753916786
91.53514025614496, 395.7235117802475
91.53514025614496, 407.7691622803788
87.60014301925477, 407.7691622803788
Holes:
