Exterior:
0.6566619349771372, -14.780369221159528
1.358107179033368, -14.782763676379027
2.2120672550875042, -14.784418845741895
2.2819155982251687, -14.784632013856488
2.339586015805253, -14.78098285368719
2.834663900894384, -14.75783734305147
3.180133989967544, -14.736281317292512
3.288650030769986, -14.729489731414061
3.8262185502189823, -14.686677491060472
3.928331755243562, -14.680212649352363
4.019191023914345, -14.668452304419837
4.6037810824052485, -14.602464874103235
4.855004643270604, -14.570118434998157
4.861997217243697, -14.569210943398787
4.973730151613154, -14.554830737094706
5.0786307862179, -14.534664729130927
5.686801998864212, -14.446255384884768
5.823449660144888, -14.42034701458178
6.472821981721609, -14.30382674094393
6.505572629463131, -14.297639099851798
7.209278642561458, -14.146717523940127
7.332526321046771, -14.115892325103399
7.382281145851721, -14.103440167105003
8.10515610038101, -13.923985253172239
8.128209987611399, -13.918224479917953
8.14484450364148, -13.91283720356038
8.272039181229275, -13.87124999713348
8.946593616817381, -13.681805549195861
9.008299007677351, -13.660947067404312
9.70360077839132, -13.440588552647165
9.737451877394278, -13.429998275804289
9.740768687715672, -13.429031545745115
10.454767610442104, -13.178918720195972
10.527089617789443, -13.155329723278925
11.163630180255495, -12.907506343530354
11.301561250768827, -12.857546962062747
11.863198035147889, -12.616157611612358
12.063142311933916, -12.536291537905438
12.552465111723905, -12.304940349806078
12.810299050643152, -12.191811950695422
13.231947127702597, -11.975609945838588
13.553730063955527, -11.83483150160549
13.810440909128374, -11.548095192028335
14.039754003129474, -11.251688602229368
14.252962757608202, -10.990673831429959
14.5081920568648, -10.656152976887489
14.681184566949923, -10.422437208947999
14.946830186443549, -10.039218939666817
15.084396102502069, -9.833803160407857
15.355609301660252, -9.402315477296959
15.462217697823462, -9.22560119862166
15.733955861536742, -8.746661740328115
15.813975834928442, -8.598727427845466
16.08164146911008, -8.073543534994924
16.139242503078094, -7.954092030588962
16.398267401197472, -7.384275784813541
16.437298656415123, -7.292524827606753
16.683570304052637, -6.680181162996547
16.707730268091836, -6.615174188580529
16.95486529662753, -5.969990076877325
16.964118815962365, -5.944478575058195
17.07585703930772, -5.595729793308248
17.168314889323938, -5.23754271736253
17.196741663608236, -5.127407352258992
17.289337181709243, -4.783317602739475
17.36331685342634, -4.496634411080661
17.392098354089285, -4.385117551661173
17.418818611422694, -4.25276269032725
17.49345427492608, -3.9134700554666013
17.514540244163072, -3.769753883991689
17.51817501052028, -3.744927367464176
17.57546791878849, -3.4099584776785377
17.674318867385864, -2.7347604824191425
17.68875167058195, -2.636269392803658
17.729726752481838, -2.303690506298394
17.734197003997906, -2.2174485257288623
17.761546347764124, -1.6877185492684437
17.795057448670377, -1.0184229052611575
17.813322921432928, -0.6656428675714944
17.795057448670377, -0.3128628298818311
17.761546347764124, 0.35643281412545513
17.734197003997906, 0.886162790585874
17.729726752481838, 0.9724047711554051
17.68875167058195, 1.3049836576606695
17.674318867385864, 1.403474747276154
17.61680817929846, 1.740663806781896
17.51817501052028, 2.4136006430884556
17.514540244163072, 2.4384271761694327
17.49345427492608, 2.5821434466492494
17.418818611422694, 2.9214365832327873
17.392098354089285, 3.0537915691164237
17.36331685342634, 3.1653085651205655
17.289337181709243, 3.4520318675964856
17.196741663608236, 3.7961216171160026
17.168314889323938, 3.9062179568348268
17.07585703930772, 4.26444405816526
16.964118815962365, 4.613192839915206
16.95486529662753, 4.638704341734336
16.707730268091836, 5.283888453437541
16.683570304052637, 5.348895427853559
16.65409242844612, 5.418345117436598
16.3982674011977, 6.052979317977535
16.350850121790245, 6.151588579747212
16.08164146911008, 6.742257799851936
16.011975738864976, 6.87142902289113
15.733955861536742, 7.415376005185124
15.637231567734489, 7.576227960215206
15.355609301660252, 8.071029742153968
15.22669364913736, 8.264219755699935
14.946830186443776, 8.707883783200135
14.780365155193067, 8.933666145919899
14.5081920568648, 9.324867241744501
14.298349986068615, 9.582838849746473
14.039754003129474, 9.920366198679279
13.782067555290269, 10.211013987294189
13.553730063955527, 10.503545766462503
13.120230241228455, 10.723104832498352
12.810299050643152, 10.860526215552435
12.297033615482178, 11.101753092849311
12.063142311933916, 11.20500580276245
11.463937915891165, 11.461001866919263
11.301561250768827, 11.52626122691976
10.612722187153167, 11.792835389427935
10.527089617789443, 11.824036597920635
9.744717118973995, 12.096449567045035
9.740768687715672, 12.097745476526345
9.70360077839132, 12.109302817504181
8.946593616817609, 12.350519814052877
8.272039181229275, 12.539900650018934
8.14484450364148, 12.581482315374416
8.128209987611399, 12.58686967457255
8.10515610038101, 12.59263056252238
7.382281145851721, 12.772154431962019
7.332526321046771, 12.784606589960415
6.6555039221670995, 12.928485992766042
6.505572629463131, 12.966291855459199
6.472821981721609, 12.97247965991254
5.823449660144888, 13.0890612794388
5.686801998864212, 13.114969649741788
5.590535194349513, 13.133218650126318
4.973730151613154, 13.223522998972213
4.861997217243697, 13.237902645113994
4.855004643270604, 13.238810100919558
4.284357847812544, 13.30269934592981
4.019191023914345, 13.337090275331544
3.928331755243562, 13.348877677022257
3.8262185502189823, 13.355343032467857
3.288650030769986, 13.398203996271077
3.180133989967544, 13.404964932813787
2.689960141505253, 13.42747163892032
2.33958601580548, 13.44969711854421
2.2819155982251687, 13.453346278713507
2.2120672550875042, 13.453097735039153
1.358107179033368, 13.451438518210495
0.6566619349771372, 13.449040494371058
-0.18426381608037445, 13.386012863959357
-0.8246185743214482, 13.337229842648357
-0.9218453676610352, 13.329987900788037
-1.0050768144208178, 13.318060938624278
-1.264415983112258, 13.285238141534396
-1.8190115143506773, 13.205153934747747
-2.019855733189388, 13.176188937097285
-2.2263137899733465, 13.142876126794102
-2.4285086031195533, 13.113900294521361
-2.6213306952181483, 13.072686813373107
-2.7901290576980955, 13.039542019842163
-3.4098630989794856, 12.906524475174502
-3.429054866533079, 12.902384939236837
-3.752327135854557, 12.833002853144277
-4.0876449574489016, 12.74027319578051
-4.184735541557302, 12.717640852593178
-4.69918469498748, 12.574078458655276
-4.76182793936141, 12.557205765202728
-4.9089874097180655, 12.51608303166607
-4.957862644526131, 12.50111837520361
-5.684719108924355, 12.248234551140632
-5.927637283376043, 12.163686493566788
-5.946336628234803, 12.245929898137758
-5.9527966528753495, 12.274733137492316
-5.957355182116544, 12.294154762408608
-5.971442001081641, 12.332819833933307
-6.098346393054044, 12.681073742477748
-6.125574309323156, 12.726914197869789
-6.308917682116544, 13.035666561385055
-6.338180325607254, 13.06948004878983
-6.586017291491544, 13.355809864231931
-6.5998187075629176, 13.367196046267194
-6.71936008241687, 13.4658209376949
-6.906088105732806, 13.611904527546873
-6.929034869616544, 13.629853972326513
-7.249795434626094, 13.80645634876613
-7.334308307116544, 13.852995878752866
-7.625280314851807, 13.963592277386065
-7.798785846179044, 14.029486141122401
-8.02921337179123, 14.08583900819252
-8.320636432116544, 14.157179538820593
-8.4583033780998, 14.176112148049192
-8.894366900866544, 14.236097875355679
-8.909366421484265, 14.23680024018097
-8.957653811427463, 14.23905055843038
-9.37742630819389, 14.227920784290237
-9.516315143054044, 14.224275044951153
-9.860978312340649, 14.18697795155879
-10.182208697741544, 14.152185852737787
-10.358230661036941, 14.120416777274684
-10.818211143305007, 14.0374080556134
-10.866675154873292, 14.024473660427159
-10.886554400866544, 14.019169730439415
-11.377893948315432, 13.853976844442297
-11.625079791491544, 13.77086376735232
-11.89633309424903, 13.662453338350245
-12.391681353991544, 13.464452982343659
-12.42075100487159, 13.4511102653546
-12.479876332890854, 13.423973783524366
-12.938064295937238, 13.163854350581131
-13.180865924304044, 13.025989938777249
-13.45625066748903, 12.85299573303871
-13.95642169954408, 12.538725666348666
-13.97523952315828, 12.524455446347593
-13.986529986804044, 12.5158948100262
-14.477076949471893, 12.112839744505049
-14.803790728991544, 11.844323722897247
-14.977935816605395, 11.690396841455316
-15.244878518183896, 11.454460357281398
-15.466204224893545, 11.22190312165717
-15.625323932116544, 11.054680891182171
-15.939114527979427, 10.703517217420949
-16.35934993827459, 10.233227221653635
-16.4063304805577, 10.170577833068085
-16.445636432116544, 10.118161350369654
-16.84378464809265, 9.55646989486174
-17.259235064929044, 8.970422809827316
-17.278553719620277, 8.941643642376853
-17.30013537406603, 8.909488239633646
-17.67583397495764, 8.237030021408954
-18.060016314929044, 7.549497608868256
-18.069469329186177, 7.5316828176997
-18.078403983716726, 7.51484398158896
-18.41835921985762, 6.728942945220853
-18.702815674050726, 6.071385887302354
-18.757181890269067, 5.911523184659391
-18.841266314929044, 5.664235650926402
-19.053929934743564, 5.007661307015084
-19.18693281397327, 4.597163598125471
-19.319780082830675, 4.043801163574427
-19.545127536642667, 3.10488079696666
-19.557929785150918, 3.0241706809326323
-19.598102252429044, 2.770827370211189
-19.733225907526048, 1.8767779775318432
-19.775043201298786, 1.60021934086131
-19.849680825226187, 0.6084974077475236
-19.888669174363713, 0.09017300683994722
-19.888669174363713, -0.8211123497488699
-19.888669174363713, -1.421458741982914
-19.807561482123447, -2.499227664051249
-19.775043201298786, -2.931505076004277
-19.598102252429044, -4.102113105354157
-19.545127536642667, -4.436171872302751
-19.497149479546124, -4.6360422031189
-19.18693281397327, -5.928525627213752
-18.841266314929044, -6.995597680014685
-18.702815674050726, -7.402734395820236
-18.151159359569192, -8.678017846643254
-18.078403983716726, -8.846206010677239
-18.060016314929044, -8.880857751400496
-17.30013537406603, -10.240846371969914
-17.259235064929044, -10.301781368850351
-16.982835547003333, -10.691701609925438
-16.445636432116544, -11.449516656443087
-16.35934993827459, -11.564589250741918
-15.625323932116544, -12.38599201140006
-15.244878518183896, -12.78578142353636
-14.803790728991544, -13.17568575198553
-14.035349119303191, -13.80706638248222
-13.986529986804044, -13.84718054516917
-13.95642169954408, -13.870014252655201
-13.180865924304044, -14.357311356202816
-12.479876332890854, -14.755327286415929
-12.391681353991544, -14.795815011431944
-12.311674242789877, -14.827784488728915
-11.625079791491544, -15.102186003437549
-10.937846472543924, -15.333214892731247
-10.886554400866544, -15.350455465582389
-10.818211143305007, -15.368693790756373
-10.182208697741544, -15.48347158788076
-9.817364540801918, -15.523003701014904
-9.516315143054044, -15.555614753392632
-8.957653811427463, -15.570344056933337
-8.894366900866544, -15.567383610498656
-8.86839648096884, -15.563815268707007
-8.320636432116544, -15.488488995995834
-8.103449885073815, -15.435339789268049
-7.798785846179044, -15.360805797089679
-7.471912284266182, -15.236570291811208
-7.334308307116544, -15.18428161389584
-6.963922290766959, -14.980351037533875
-6.929034869616544, -14.961139707469487
-6.71936008241687, -14.797106672837874
-6.586017291491544, -14.687095599374905
-6.5719901232505435, -14.670891071439629
-6.308917682116544, -14.366961112371364
-6.283509152642864, -14.324174475327263
-6.098346393054044, -14.012359477620722
-6.079531322225648, -13.960726506534826
-5.957355182116544, -13.625448032983424
-5.946336628234803, -13.577215633280732
-5.927637283376043, -13.494972228709761
-5.684719108924355, -13.579520286283605
-5.6717740580741065, -13.583512606153128
-4.9089874097180655, -13.84737375266585
-4.76182793936141, -13.888497209324319
-4.69918469498748, -13.905364193798253
-4.184735541557302, -14.048926587736155
-3.86428781668792, -14.138388150266644
-3.752327135854557, -14.164354127514908
-3.429054866533079, -14.233734608385483
-3.4098630989794856, -14.237874051108099
-3.2667288598784125, -14.26612702910932
-2.6213306952181483, -14.404048842461396
-2.4285086031195533, -14.44520342278282
-2.2263137899733465, -14.474180263293706
-2.019855733189388, -14.507474672240262
-1.8190115143506773, -14.536495452685342
-1.5770346881963633, -14.5673491139031
-1.0050768144208178, -14.649346673767258
-0.9218453676610352, -14.661273635931018
-0.8246185743214482, -14.668566277764851
-0.18426381608037445, -14.71734586129087
0.6566619349771372, -14.780369221159528
Holes:
