Exterior:
2.3136087832316434, -215.62617573711097
2.604149840207697, -215.65546406428487
2.8328364672865973, -215.6710823630112
3.0377888801659765, -215.68311614328704
3.6200920707603927, -215.72281931573673
4.118446025197386, -215.75205442189056
4.353454160805995, -215.75838019572885
4.580293327374875, -215.77168707388006
4.8898610367318724, -215.77992577839083
5.162101719004454, -215.7846721817323
5.67144667336288, -215.79835839117362
6.171708350880067, -215.8070064960271
6.414016367775957, -215.80345529989884
6.56894111139809, -215.80618183488275
6.968619236327186, -215.80044354918465
7.313287234663676, -215.79224470974358
7.734586271977491, -215.7861661081946
7.896488858287967, -215.77716044467323
7.982879896412669, -215.7723443658934
8.556360243729955, -215.75865382176423
9.057063238923774, -215.73072920523697
9.480367678838661, -215.70312014136692
9.798822129873656, -215.68539314090236
10.049586222614721, -215.66091285279356
10.529401058964027, -215.62962850178377
10.550008419343271, -215.6275923796569
10.56710365470019, -215.62571582693138
11.160349347273495, -215.56769051735776
11.651755046667176, -215.51489560402644
11.854899755157362, -215.4950172059774
12.228412443748653, -215.45483656141548
12.476362474736902, -215.42329831315627
12.594581175898725, -215.40760886319043
12.738843417188832, -215.38922003510496
12.738843417188832, -219.7522167711521
12.738843417188832, -225.07076910737058
25.63967794045891, -225.07076910737058
26.25761641296117, -225.07076910737058
26.58667219639608, -225.07076910737058
27.301172955600464, -225.07076910737058
27.68371468673172, -225.07076910737058
28.519322550944025, -225.07076910737058
28.969530198328243, -225.07076910737058
30.023497458569977, -225.07076910737058
30.56508806296722, -225.07076910737058
31.76692344811704, -225.07076910737058
32.42536075623627, -225.07076910737058
32.95307681562622, -225.07076910737058
36.220572853095405, -222.77636547328962
41.02772281171997, -219.40083197358152
41.44420095053431, -219.14982777857372
42.20156305034709, -218.69337869643425
42.20156305034709, -206.4431459740782
42.20156305034709, -201.46093290716848
42.20156305034709, -199.15112627971075
42.20156305034709, -197.8706557208034
42.20156305034709, -197.0889506615818
42.20156305034709, -196.5436995891154
42.20156305034709, -196.1990963245014
42.20156305034709, -195.9792543428153
42.20156305034709, -195.84210866759742
42.20156305034709, -195.76338764181781
42.20156305034709, -195.728519090667
42.20156305034709, -195.7246082186987
42.980538034867664, -195.7246082186987
49.533848039460395, -195.7246082186987
49.533848039460395, -195.7316196659503
49.533848039460395, -195.79413232530504
49.533848039460395, -195.9352641046937
49.533848039460395, -196.18114013320405
49.533848039460395, -196.57527486090106
49.533848039460395, -197.19308276465296
49.533848039460395, -198.17061390463294
49.533848039460395, -199.57206192785728
49.533848039460395, -201.86770132843193
49.533848039460395, -206.0087439043934
49.533848039460395, -214.30699084585066
54.338388018167166, -211.82600720525448
56.83460757734508, -210.53700140717527
59.31528291235463, -209.43886559295674
64.1693548917982, -207.2900836825659
64.21623858773444, -207.27234988492822
64.31408893190883, -207.23533790949176
64.31408893190883, -203.0017149805552
64.31408893190883, -200.3510042359608
64.31408893190883, -198.50209350007842
64.31408893190883, -197.33356636141028
64.31408893190883, -196.58809657572345
64.31408893190883, -196.12304455823147
64.31408893190883, -195.85610670693072
64.31408893190883, -195.73786972983356
64.31408893190883, -195.7246082186987
66.95557658162761, -195.7246082186987
71.64646201768187, -195.7246082186987
71.64646201768187, -195.74097034236996
71.64646201768187, -195.88685175981223
71.64646201768187, -196.21620111458085
71.64646201768187, -196.78998479174948
71.64646201768187, -197.70974941755688
71.64646201768187, -199.1514844778889
71.64646201768187, -201.43268047508596
71.64646201768187, -204.48455574119268
76.08632490361265, -203.06003356629557
78.16242740156383, -202.3939197421362
80.94668409131214, -201.65228482227784
85.67188785078258, -200.39364508393308
85.9236386584314, -200.33970256291883
86.42670291013053, -200.23191123457224
86.42670291013053, -198.4680409180661
86.42670291013053, -197.1969412342689
86.42670291013053, -196.40398156811864
86.42670291013053, -195.9488261414379
86.42670291013053, -195.74722040625323
86.42670291013053, -195.7246082186987
90.93058315311123, -195.7246082186987
93.75889980258398, -195.7246082186987
93.75889980258398, -195.75032094428343
93.75889980258398, -195.9795704555309
93.75889980258398, -196.4971358859618
93.75889980258398, -197.39882459902037
93.75889980258398, -198.6938324130458
98.21353751817742, -197.95216190621886
100.43324038984508, -197.58259466889402
103.14577154426593, -197.2519149774905
107.8668646574232, -196.67637518647214
108.09516892867327, -196.65818233306263
108.5390525983729, -196.62281063156306
108.5390525983729, -196.04154446776232
108.5390525983729, -195.7565709709136
108.5390525983729, -195.7246082186987
114.90553786299859, -195.7246082186987
115.87142568414583, -195.7246082186987
115.87142568414583, -195.75967158345
115.87142568414583, -196.05486606119973
120.74646903848588, -195.8643453883644
123.34400699140758, -195.76283148530027
124.89889145230495, -195.74795433937555
127.3389105558607, -195.7246082186987
127.3389105558607, -193.7290297984221
127.3389105558607, -192.71018262606725
127.3389105558607, -191.07667109769912
127.3389105558607, -180.76618841889402
134.30619678613402, -181.63051696186113
140.13889834882946, -182.35409430268308
140.13889834882946, -173.26202671299936
140.13889834882946, -169.1656940341284
140.13889834882946, -157.83230398282726
140.13889834882946, -151.67233160737058
140.13889834882946, -106.90616008805543
140.13889834882946, -82.57466009858152
140.13889834882946, -55.69129086564005
140.13889834882946, -41.07952765229245
140.13889834882946, 3.4121242657713973
140.13889834882946, 4.043837341786635
140.13889834882946, 15.467657573643478
140.13889834882946, 46.20242425200443
140.13889834882946, 73.08579348494588
140.13889834882946, 87.69755669829348
140.13889834882946, 132.46375293181222
140.13889834882946, 156.7952663540552
140.13889834882946, 168.12860697694916
140.13889834882946, 174.2885524868677
140.13889834882946, 178.38487331724397
140.13889834882946, 187.47691460844973
134.30619678613402, 186.7533720332714
127.3389105558607, 185.88908501860598
127.3389105558607, 196.1995151098108
127.3389105558607, 197.83301830661443
127.3389105558607, 198.8518602824397
127.3389105558607, 200.84742852446536
126.1118838442959, 200.8592038753412
123.34400699140758, 200.8857662319849
115.87142568414583, 201.17769221793296
115.87142568414583, 200.88259686935064
115.87142568414583, 200.84742852446536
109.89424334352259, 200.84742852446536
108.5390525983729, 200.84742852446536
108.5390525983729, 200.87948697354318
108.5390525983729, 201.16436477352897
108.5390525983729, 201.7456309373297
107.8668646574232, 201.7991954922388
107.1867076865451, 201.88211916012742
100.43324038984508, 202.70549126860598
93.75889980258398, 203.81665987153426
93.75889980258398, 202.52171365263658
93.75889980258398, 201.61995619172845
93.75889980258398, 201.10239076129756
93.75889980258398, 200.87321823425842
93.75889980258398, 200.84742852446536
89.37580013406978, 200.84742852446536
86.42670291013053, 200.84742852446536
86.42670291013053, 200.87010841318022
86.42670291013053, 201.07164644720456
86.42670291013053, 201.5268018738853
86.42670291013053, 202.3198219980085
86.42670291013053, 203.59086122383275
86.42670291013053, 205.35480004851183
85.67188785078258, 205.51654168364504
84.89229425984627, 205.7241959585503
78.16242740156383, 207.5167781948755
71.64646201768187, 209.607414193932
71.64646201768187, 206.5555334297513
71.64646201768187, 204.27436078019562
71.64646201768187, 202.83256972332353
71.64646201768187, 201.91284884475766
71.64646201768187, 201.3390214203475
71.64646201768187, 201.00967206557888
71.64646201768187, 200.86383963653083
71.64646201768187, 200.84742852446536
68.85724320321447, 200.84742852446536
64.31408893190883, 200.84742852446536
64.31408893190883, 200.86072974072337
64.31408893190883, 200.97892701269737
64.31408893190883, 201.24586486399812
64.31408893190883, 201.71095233865586
64.31408893190883, 202.45638666717693
64.31408893190883, 203.62495919107468
64.31408893190883, 205.47385100367958
64.31408893190883, 208.1245665236342
64.31408893190883, 212.35819636223107
64.1693548917982, 212.4129421353052
64.02677366452394, 212.4760601860338
56.83460757734497, 215.65989800688723
49.533848039460395, 219.4299237128973
49.533848039460395, 211.13161718048536
49.533848039460395, 206.99054189626267
49.533848039460395, 204.6948987489943
49.533848039460395, 203.29344820100593
49.533848039460395, 202.3159270658859
49.533848039460395, 201.6980951666677
49.533848039460395, 201.303979185405
49.533848039460395, 201.05808441046034
49.533848039460395, 200.9169526310717
49.533848039460395, 200.85446096407398
49.533848039460395, 200.84742852446536
48.338633838970395, 200.84742852446536
42.20156305034709, 200.84742852446536
42.20156305034709, 200.85135110563115
42.20156305034709, 200.88620794758447
42.20156305034709, 200.96492897336407
42.20156305034709, 201.10208510504006
42.20156305034709, 201.32191663026805
42.20156305034709, 201.66653327916535
42.20156305034709, 202.21177877108258
42.20156305034709, 202.99348523857674
42.20156305034709, 204.2739578873293
42.20156305034709, 206.58378275892656
42.20156305034709, 211.5660316038548
42.20156305034709, 223.81631344311887
41.02772281171997, 224.52376672026614
39.61422489999313, 225.51630439701933
32.95307681562622, 230.19366570708254
32.23626079845383, 230.19366570708254
31.703103916279247, 230.19366570708254
30.712377839098508, 230.19366570708254
12.738843417188832, 230.19366570708254
12.738843417188832, 225.8306689710354
12.738843417188832, 220.51211663481692
12.62036410510882, 220.5272017620954
12.476422015970115, 220.54626235686393
12.023887800693046, 220.59492895465155
11.819532214182232, 220.62092819820768
11.22910105977087, 220.68448093127526
11.208670705991494, 220.6866821073412
11.040608743017401, 220.7031263974613
10.546880314929012, 220.7514032369063
10.529645640161789, 220.75308821665473
9.958643271795381, 220.79032151443263
9.459427227073093, 220.82285619208187
9.249153821654886, 220.84342233898332
8.98089687495758, 220.85838777534227
8.556458426846916, 220.88202993413506
7.886304369277241, 220.8979895633376
7.812719292738279, 220.90208491056035
7.674538657549419, 220.90980880852976
7.313264345822859, 220.91502305154026
6.914002565469104, 220.92450195286088
6.568963008150263, 220.92944683225429
6.390347847578823, 220.9263395984102
6.1800651337356385, 220.92939036754015
5.606850849451348, 220.91946183717602
5.1620816974177615, 220.90754534741362
4.852399799057935, 220.9021657673006
4.580254835178948, 220.89489814339822
4.323422151299269, 220.87986563899616
4.115893874227254, 220.8743059978327
3.5554430403476545, 220.8414075629047
3.037737309783438, 220.80608552287705
2.808752633356562, 220.7926383264266
2.604066779602931, 220.77865333633216
2.280943227541229, 220.74607120471094
2.0767061268849147, 220.73217496977782
1.5313551442397966, 220.67714445721415
0.9512258468789696, 220.61294187769664
0.7953705562686082, 220.5972311021114
0.6536668358578481, 220.5815526801192
0.45316378905306465, 220.55938266716433
0.07469938040708257, 220.50471016205253
-0.07331227664781181, 220.4818673795467
-0.5575686487693474, 220.40706637001412
-1.1751709682414457, 220.3178538595684
-1.2576720126221517, 220.3050992277909
-1.6818407962171023, 220.22439436787522
-1.8779446847514691, 220.19413894531232
-2.0795562541808295, 220.15371444010492
-2.5534400929707317, 220.0587329737909
-3.0907680852717476, 219.95658705456734
-3.117569683536317, 219.95123733164272
-3.578791005059543, 219.8410376672857
-3.768088220755203, 219.8031370853094
-4.018358731248782, 219.74064403466247
-4.262058631360105, 219.68243539094345
-4.49233964029429, 219.62503039751726
-4.708114709651568, 219.573424875358
-4.912752178902451, 219.52235480903315
-5.171385979245883, 219.44698619802062
-5.403372935967241, 219.37933163486358
-5.635054596836312, 219.31179199724673
-5.787706525782255, 219.26727835689954
-5.813689733833371, 219.26080484333187
-5.968070080911389, 219.22230587095885
-6.262772068451454, 219.13312601068827
-6.484906474060153, 219.06595626758963
-6.6319357416966795, 219.02152908552702
-7.14452594131069, 218.84238292351205
-7.456219006416859, 218.73345364425157
-7.622435432474276, 218.68315412318546
-7.959983368747089, 218.56132094792147
-8.263227852389946, 218.45189275213386
-8.381016431408398, 218.40305520235233
-8.529453988635169, 218.3495532871843
-8.939317725202045, 218.17960098376471
-9.316822091392737, 218.01860225282914
-9.557922069740584, 217.91863994291822
-9.795794922609161, 217.81726243801177
-9.951979482740626, 217.7408455252322
-10.078965975798951, 217.68672344726284
-10.458926153950074, 217.50085931008857
-10.872909251854935, 217.2932355840849
-11.046109111763258, 217.20851367969837
-11.218964979384054, 217.12183443173612
-11.408407085561748, 217.01256177784373
-11.512367067889727, 216.96045271236454
-11.86087019476929, 216.7593903895334
-11.9690587875873, 216.696999440239
-12.06342245335452, 216.64128691835833
-12.413732658460503, 216.43454232415758
-12.522969000369699, 216.37014495215513
-12.7400793141328, 216.22179250428653
-13.102405933761247, 215.97435135753983
-13.183623134376717, 215.9264850303514
-13.330142942174689, 215.82428275083757
-13.651028939373418, 215.60055351869661
-13.698803865204582, 215.56737816454256
-13.93754453831366, 215.3725838044207
-14.208790300240139, 215.15114677593073
-14.269928668392254, 215.10847040968784
-14.459754683960796, 214.9506035273658
-14.738372213151251, 214.71885356038055
-14.746883973457557, 214.71043501897051
-14.756858010539986, 214.7020388451729
-15.000735672854262, 214.46054607974077
-15.186531190065693, 214.2765730076494
-15.222847051214103, 214.24646366547452
-15.441915925449507, 214.02419063421095
-15.633233526669528, 213.83005471725568
-15.694571179832678, 213.7676788779323
-15.748400235154918, 213.70730706450442
-16.511692161518795, 213.82405280168894
-16.661748358820887, 213.84701497878459
-17.004149286567326, 213.90381917367736
-17.47226454682641, 213.96762868382078
-17.634027245573293, 213.98967775245526
-18.249362145648092, 214.05805328946047
-18.732242174034127, 214.12392768428379
-19.186244628826216, 214.17441889180944
-19.360883892701622, 214.1906781081092
-19.857831341650012, 214.2369916835764
-20.167339549792132, 214.2580225083048
-20.503315708553487, 214.2893198026069
-21.268252128045788, 214.3412871777045
-21.40289520377098, 214.35381854416497
-22.111329053660597, 214.39018520920376
-22.115347902422513, 214.39038605682984
-22.871200245950263, 214.40977913492222
-23.323928188294076, 214.43303308624212
-23.639765692858305, 214.44114794870714
-24.032293320462145, 214.44519751905077
-24.39038737669216, 214.44881472101756
-24.826641447063707, 214.44170961597283
-25.256827306992818, 214.4461515616081
-25.88191124361549, 214.43600487010815
-26.667544881759227, 214.41190553786387
-26.787231165817502, 214.40490818421324
-26.92684788889096, 214.40062614544905
-27.661707615111254, 214.35768280229354
-27.85071633375412, 214.34664787243594
-28.113500296756456, 214.33861980603666
-28.70838141561228, 214.29589213083622
-28.930341009853464, 214.27990920971908
-29.300329616479075, 214.25333155231385
-29.833434504228535, 214.19932846496744
-30.099040126666864, 214.16907479948142
-30.584479425551535, 214.11988283676274
-31.163378918291755, 214.0538939403999
-31.38787917881814, 214.0211438368271
-31.72015819732428, 213.98330788423647
-32.4828336618599, 213.872069162667
-33.26975933126141, 213.74808619479145
-33.35082574016246, 213.73528136628067
-33.95945472818994, 213.61807974219573
-34.24899959035588, 213.5724630518043
-34.713990360535036, 213.47791187604108
-35.05497532759853, 213.41227149171837
-35.47723234751675, 213.32636872896856
-35.721775217853974, 213.27662797873958
-36.0392508946876, 213.199683134685
-36.199425728397955, 213.1593227585919
-36.78821918244614, 213.0166427814503
-37.52798763026135, 212.8299410455445
-37.581497962509275, 212.814081533065
-37.65248895507921, 212.79616243216813
-38.267970456530975, 212.61375413440783
-38.395596243028535, 212.58160791767102
-39.05678834313733, 212.37951821398215
-39.24578541759922, 212.32350625831745
-39.48854486575101, 212.24936209269063
-39.89169461707661, 212.1057479337755
-40.29321691372411, 211.96274659994145
-40.450675832567526, 211.91466896917157
-40.82199373502101, 211.77928223661547
-41.34494636599493, 211.58879798068273
-41.51075856926286, 211.51861155373578
-41.63419944328871, 211.47362786880717
-42.44230805202312, 211.12522954359414
-43.02311218634645, 210.87930792903586
-43.08460218090829, 210.85284208086728
-43.53126391316687, 210.6290177656901
-43.62664473374207, 210.58784860671818
-44.13476044937988, 210.32965395399813
-44.37371728976473, 210.20999723330868
-44.69486716300298, 210.04669747493836
-44.91893723217822, 209.91380687827208
-45.31566664787988, 209.67859878007408
-45.38401289901378, 209.643982664208
-45.624823735272685, 209.4996306076399
-46.164851615689145, 209.17600238150638
-46.592855006106674, 208.87419624959185
-46.717911110296086, 208.78605566821014
-46.760665340948435, 208.76045117829239
-47.31098194482274, 208.3696892226143
-47.48391197013245, 208.24682635769912
-47.7148138433314, 208.05109017226712
-47.96660258573661, 207.8377766960229
-47.98666545180208, 207.82357987240582
-48.29064002446535, 207.56522329976522
-48.64311926125242, 207.26578049567766
-48.717866976127084, 207.18830885308623
-49.00667614967199, 206.88887766614837
-49.053253456511015, 206.8404065772401
-49.05361010228364, 206.84011697543343
-49.15886204074093, 206.73143193206636
-49.56798716706567, 206.3083905268534
-49.61847688153307, 206.2559987886929
-49.63172909888772, 206.23909764126938
-49.830350891766784, 205.97981416944907
-50.11550087433727, 205.61134801893215
-50.28605493433645, 205.3908856114053
-50.423499141488605, 205.21138733835326
-50.44523309306021, 205.17469964326574
-50.522282271172685, 205.04152474579692
-50.63494590929588, 204.85112365882088
-50.869739396137675, 204.45509990392665
-51.05284566522573, 204.13878709699296
-51.07751087252177, 204.08002624783245
-51.07813645372016, 204.07849354930914
-51.07903672803968, 204.07633285639878
-51.209316756092676, 203.7514559163331
-51.4053175716391, 203.28418245987166
-51.45093570676784, 203.1762242646307
-51.50362559790085, 203.04503336264364
-51.52418405458184, 202.96282030087568
-51.56948211516385, 202.76574452416568
-51.641636385332845, 202.48114196109708
-51.71220437462398, 202.20232261638327
-51.77305209263045, 201.93671355981425
-51.782077877033544, 201.83090583462356
-51.78693892661761, 201.76467217695208
-51.79524311271075, 201.66876561202926
-51.819544236887054, 201.33329321591836
-51.86107113359242, 200.84742852446536
-51.86107113359253, 188.08683214865587
-51.86107113359242, 180.39447137114504
-65.82780074641994, 180.39447137114504
-90.26072933671753, 180.39447137114504
-90.26072933671753, 176.3775559151196
-90.26072933671753, 173.79264184233645
-96.06173444877606, 173.27845367167336
-96.66118099687378, 173.2253200649927
-101.10955748803633, 172.83293110576014
-103.18300564177162, 172.64995481441093
-109.47717188573404, 172.09482576194932
-109.47717188573404, 161.1523731188675
-109.47717188573404, 159.09876839983
-110.1690872904245, 159.03780930707046
-132.70942028515242, 157.08794368837155
-132.7093142180929, 151.57883982136104
-132.7093142180929, 147.38607381137882
-115.15544369218628, 148.8738567471216
-127.7975725110465, 143.5083080938077
-132.7093142180929, 141.42364362551768
-132.70942028515242, 134.11295053627856
-132.70942028515242, 124.63396649503561
-110.1690872904245, 134.2005745147115
-105.26989830947866, 136.27978033213137
-103.06071712968628, 137.2173626064966
-103.06071712968628, 113.09072336363622
-103.06071712968628, 101.20364495512942
-110.1690872904245, 103.06140643840574
-123.43989886388397, 106.53002603660758
-132.70942028515242, 108.95274369900271
-132.70932281900127, 101.61051569453188
-132.70932281900127, 94.50939560158747
-110.59367611406128, 88.7291271328638
-120.74899549579027, 87.82405849358271
-132.70932281900127, 86.8090853275934
-132.70938652562347, 75.89788638565572
-132.70938652562347, 64.08149102524767
-110.41350629161457, 65.98194828063644
-107.88829281328003, 66.20883294341067
-110.41350629161457, 64.33593067380544
-126.30907694714745, 52.54558274486961
-132.70938652562347, 47.79823755756954
-132.70942028515242, 37.82708025977855
-132.70942028515242, 24.89844795752504
-110.1690872904245, 41.6175136204116
-105.26989830947866, 45.25116514937941
-103.06071712968628, 46.88975640532474
-103.06071712968628, 11.176420201443394
-103.06071712968628, -12.503895106040835
-103.06071712968628, -41.76685980561276
-105.26989830947866, -40.12830346308136
-110.1690872904245, -36.49461702069962
-124.24314257791332, -26.055242210609826
-132.70942028515242, -19.775594431573616
-132.70938652562347, -30.756174305440663
-132.70938652562347, -42.675340957857564
-110.41350629161457, -59.213034074093464
-107.88829281328003, -61.0859363436987
-110.41350629161457, -60.859051680924466
-125.72248793857648, -59.5852627797119
-132.70938652562347, -58.95859442553569
-132.70932281900127, -70.52453675257769
-132.70932281900127, -81.68622623822205
-120.74899549579027, -82.70116189387075
-110.59367611406128, -83.60623053315183
-126.83505526998226, -87.85117738478527
-132.70932281900127, -89.38653651221613
-132.70942028515242, -95.67555348994208
-132.70942028515242, -103.82984709929075
-110.1690872904245, -97.93854583554477
-103.06071712968628, -96.08074835541746
-103.06071712968628, -120.20743870981576
-103.06071712968628, -132.09454230072996
-105.26989830947866, -131.15690765624382
-110.1690872904245, -129.07764621839183
-123.43989886388397, -123.44525357291673
-132.70942028515242, -119.5111031155084
-132.7093142180929, -129.00935166408803
-132.7093142180929, -136.30082331975103
-115.15544369218628, -143.75103644135496
-127.7975725110465, -142.68899144430935
-132.7093142180929, -142.26322037234857
-132.70942028515242, -146.51441896469453
-132.70942028515242, -151.96510184572463
-110.1690872904245, -153.91491700760182
-109.47717188573404, -153.97587782745677
-109.47717188573404, -164.91839470980642
-109.47717188573404, -166.9719934015052
-103.18300564177162, -167.52706832288524
-101.10955748803633, -167.71002107337665
-96.66118099687378, -168.10238531830808
-96.06173444877618, -168.15552607044418
-90.26072933671753, -168.66978338959714
-90.26072933671753, -171.25468252611964
-90.26072933671753, -175.27157477143308
-77.37353582866137, -175.27157477143308
-51.86107113359242, -175.27157477143308
-51.86107113359242, -186.92000266655418
-51.86107113359242, -195.7246082186987
-51.8324095726133, -196.05991732828386
-51.79719949307605, -196.5459404889306
-51.79146579196481, -196.61215695610744
-51.78442480740523, -196.70806511420616
-51.778192052196346, -196.78111095646508
-51.69011950220215, -197.16558186349047
-51.64135793356127, -197.35829046967527
-51.591447672566574, -197.55512471735838
-51.52596118018948, -197.84006597673798
-51.51173034849887, -197.89698807058795
-51.435638085144205, -198.08641191078073
-51.40404395334929, -198.16118380152477
-51.26805518924675, -198.48541218661407
-51.08030038273341, -198.95362052933137
-51.07967478748287, -198.95512193398045
-51.07877448043803, -198.9572826364183
-51.06163152316833, -198.9981059981668
-50.79863156350052, -199.45247285281985
-50.635108955871374, -199.72829917410456
-50.55644172083487, -199.86119883228272
-50.446098636479064, -200.0519158302337
-50.43090698563924, -200.0775906765769
-50.23452107899061, -200.33407117814275
-50.11512528131857, -200.48840677604935
-49.914829773033034, -200.7472123558705
-49.63210018174709, -201.11635434601743
-49.6227696212859, -201.1282381338647
-49.55669893579318, -201.1969054481151
-49.521129826223614, -201.23386219447914
-49.2319191664111, -201.53289794729378
-48.82347802777349, -201.9563609821955
-48.7487424530475, -202.03353503971977
-48.74848901212613, -202.03372514878635
-48.64317095518584, -202.1428809768314
-48.3921463710451, -202.3561184357213
-48.03882072865781, -202.65551895850126
-47.82115744181442, -202.8405331947472
-47.806756348452154, -202.8507310152812
-47.48426301353379, -203.1240391914456
-47.35998386244603, -203.21236736323075
-47.1861330925459, -203.3349417016011
-46.788380025783795, -203.61735482844472
-46.7573402506024, -203.63592813301392
-46.16538391711674, -204.0533577372218
-45.771569157976046, -204.28940553716245
-45.594918123200046, -204.39527867946902
-45.54466390749701, -204.4207421948373
-45.000810286180354, -204.74311980732406
-44.695610073041166, -204.92414206989304
-44.45869792450469, -205.04463586692043
-44.13480613424167, -205.20684506944696
-43.757555000096204, -205.39852537412898
-43.68641319328492, -205.42922069602974
-43.08535503621238, -205.73039910724574
-43.03942715934079, -205.75019844989941
-42.26603012406122, -206.07765206165365
-41.658264433356294, -206.33970716269246
-41.56476224867538, -206.37373830185487
-41.34570176962677, -206.46645815505332
-40.94758289624758, -206.6115111839758
-40.420559977540734, -206.7991600250618
-40.13574561506243, -206.90297071340692
-40.01447497275683, -206.9400326376608
-39.48933471664907, -207.1270875005609
-39.301849732217306, -207.1843607671365
-39.05713859411719, -207.25685997949122
-38.54286745018214, -207.4140213386156
-38.44299053650661, -207.4392379714073
-37.65260008967175, -207.6735198537514
-37.5969474365661, -207.6875668970046
-37.528688337202425, -207.70775270138716
-36.94505964889822, -207.85502983410427
-36.19886400571397, -208.03595760937498
-36.07158320040867, -208.06801596556198
-35.67283770984625, -208.16460943273225
-35.47788111928935, -208.20424041161903
-35.13947637050546, -208.27308958329715
-34.71402348870322, -208.35501201309148
-34.33872489581688, -208.43132571424104
-34.103632657870435, -208.4683522276043
-33.351358036959255, -208.61316463457072
-33.285334892946594, -208.62364213785278
-32.63999911317251, -208.72527548648716
-31.709933239017687, -208.86098930740692
-31.434961488512386, -208.89229013672195
-31.163804857057357, -208.9318141720468
-30.681223072885814, -208.98687311028604
-30.098932218930713, -209.04584825919417
-29.875996714204234, -209.07119336957658
-29.24275983277596, -209.13540924065444
-28.930595204338033, -209.15781967749544
-28.742429270125854, -209.17139603380915
-28.519611096366702, -209.18444260363253
-28.01187728459854, -209.2208600738939
-27.786025904447115, -209.2278235880205
-26.92682514002786, -209.2780008685557
-26.806442993204087, -209.28167368226545
-26.667634495039465, -209.28974177609123
-25.985093442714515, -209.31064809589077
-25.26524401777715, -209.32242834385826
-24.88775178478727, -209.31855381265743
-24.390348640544403, -209.32663172985312
-24.074065687832558, -209.32344005152817
-23.716558353564096, -209.31424296314472
-23.36764528594267, -209.31065321105172
-22.5205647387495, -209.28890032956593
-22.11521721702161, -209.2680612057469
-22.111606673700976, -209.2678805934015
-21.471366034032826, -209.23502057416272
-21.34882698491856, -209.22362202493156
-20.503372457220166, -209.1661837944528
-20.19638410598077, -209.13763029264817
-19.85765809500458, -209.1146577174959
-19.400402887560517, -209.07194808248883
-18.907029868509312, -209.01707782679196
-18.745403010407813, -209.00208320808662
-18.083237022178082, -208.92850471094556
-17.633830356135945, -208.86715032042204
-17.482489562848855, -208.846569416477
-17.04219066327971, -208.78647385860683
-16.71791241020685, -208.73269200732776
-16.557531321609304, -208.7081302847636
-15.748400235154918, -208.58433417084714
-15.691756336745584, -208.64794120041466
-15.633464409193948, -208.70727257763812
-15.451254654026457, -208.89212006548584
-15.256173280069788, -209.0852465646445
-15.046792868718171, -209.29768314473202
-15.01200731517531, -209.32654013659834
-14.756910233485996, -209.5791780466162
-14.7473530427975, -209.58727919832876
-14.738469762040154, -209.5960454780587
-14.47083597169194, -209.81859709709107
-14.188468263204754, -210.0491318397912
-14.005383475575172, -210.20142906802593
-13.946289223011831, -210.2426443883869
-13.698875512023847, -210.44447092512485
-13.652656645854904, -210.4765835644076
-13.27919207643913, -210.73166275157809
-12.967755887193675, -210.94886028768377
-12.824977851270546, -211.04841509765635
-12.745679230401151, -211.09515631842038
-12.523025806483474, -211.24727187372937
-12.416198884615596, -211.31030313152752
-12.305571071014924, -211.37410265086967
-11.961619445981, -211.57703258989898
-11.606680335865121, -211.78184021175625
-11.513669755345404, -211.83679212759012
-11.321641054357428, -211.94755832775974
-11.218997600692205, -211.9990304366236
-11.047921745618396, -212.08475605663907
-10.872914655969339, -212.17030353945748
-10.461096008646564, -212.37689660602967
-10.079028351021407, -212.5638449187699
-9.952108675198474, -212.61792671056222
-9.79579314533214, -212.6944029062114
-9.557285933013986, -212.79604386642043
-9.316819199221982, -212.89570447817306
-8.936261857881846, -213.05798440742453
-8.529785405216217, -213.22658415618884
-8.379455089798057, -213.28079063112827
-8.263174667815179, -213.32903654677483
-7.954839931767992, -213.4402717261833
-7.648267640810218, -213.54736717570853
-7.3031170508409105, -213.67195709242756
-7.132398870247243, -213.72362009824693
-6.631832500399355, -213.89854483824664
-6.480396844233269, -213.9443366128641
-6.332163895009671, -213.98755702388775
-6.102626075207468, -214.05691980892044
-5.878399811948157, -214.12228145274076
-5.572484089821046, -214.21484871346348
-5.34886460893415, -214.28008033729554
-5.187974304857107, -214.32026830378962
-5.160851887628041, -214.3270107013363
-4.912600535176807, -214.39930656559557
-4.698527922246399, -214.45278161038553
-4.492253798079332, -214.5021482410691
-4.250415777482317, -214.56241004224142
-4.018358731248668, -214.61785691308765
-3.754392670985908, -214.68373124369563
-3.553946751211811, -214.72388669222278
-3.1173899640656373, -214.82808355186813
-3.0889545053837537, -214.83377796324953
-2.5846509893809753, -214.92966513129193
-2.079597731643503, -215.0308984819862
-1.8634104350563803, -215.0742079834996
-1.6523700436196123, -215.10684671317992
-1.2575000379998755, -215.18194439250843
-1.1684897258743376, -215.19564281764627
-0.5985651061312183, -215.27802567317985
-0.07339053709915788, -215.35919544255896
0.08805501960796391, -215.38411413883483
0.4343912216966146, -215.43410106365872
0.6537929484948108, -215.45837369110467
0.8093395894742343, -215.47553885190524
0.951326710625267, -215.48986712682
1.5923686854096104, -215.56079852088934
2.0862872857770753, -215.6106552381996
2.3136087832316434, -215.62617573711097
Holes:
Exterior:
196.554603756905, -55.224232473964214
196.59146973459548, -55.2237635893156
191.20482228684602, -54.78663453609846
183.32206145547843, -54.14693629079199
183.32206145547843, -61.620125276232294
183.32191320196102, -76.8399821363184
197.13147932331782, -77.96058506008639
214.41278732160958, -79.36294474019311
214.4462898108058, -68.08015859990063
214.43723405372918, -67.6915356478792
214.3940445830421, -61.782624442502005
214.3717126319629, -58.73535992702322
214.3709505795203, -57.58449625616039
208.46381865691592, -57.268477091908856
205.46477500679276, -57.01150798337666
205.47554639399266, -56.81821153180876
205.52356790734547, -55.95276717363258
197.78044084483827, -55.323796498446086
196.554603756905, -55.224232473964214
Holes:
Exterior:
196.554603756905, 60.34711504224737
202.19957649106664, 60.80560175785725
205.52356790734547, 61.07561006480425
205.47554639399266, 61.941087022480595
205.46477500679276, 62.13440458308864
212.08102963497447, 62.549326159646895
214.3709505795203, 62.70732189631025
214.40401394305854, 75.22354306281281
214.42032641357662, 77.55766958755504
214.41278732160958, 84.48591763385039
199.5270398781708, 83.27792560227307
183.32191320196102, 81.96290708543643
183.32191320196102, 74.83252329156812
183.32206145547843, 59.269756596558665
188.23154122877202, 59.66819219385421
196.59146973459548, 60.34661861603466
196.57686080045573, 60.34887232751634
196.554603756905, 60.34711504224737
Holes:
Exterior:
199.45745135339985, 194.95072331415074
198.7898171611368, 194.85686109057448
198.7897742794458, 194.85685570850978
196.9445186181482, 194.61022121872958
194.62360404637462, 194.29995168815074
183.3220737220356, 192.8750875631761
183.3220737220356, 179.0367852470051
183.3220737220356, 173.7599974060336
183.32206145547843, 169.86136772998083
189.59840762675083, 170.65477808633037
195.4048226037853, 171.38880151572218
195.40812134949357, 171.38925260564815
208.14042741914812, 172.99882873444886
214.38905283705327, 173.7887593452475
214.4731001983332, 185.59664491029548
214.49999027423905, 196.86230043157752
199.45745135339985, 194.95072331415074
Holes:
Exterior:
-144.8612746003389, -141.233254821449
-147.47027855617785, -141.01212307709272
-157.87199985954237, -140.1676143456368
-157.871951500529, -146.5256012540949
-157.871951500529, -149.80665449036445
-147.47027855617785, -150.68112192620532
-144.86124506804867, -150.90994429837173
-144.8612746003389, -148.3285612424306
-144.8612746003389, -141.233254821449
Holes:
Exterior:
-144.8612746003389, 136.2661090202917
-147.47027855617785, 135.1587956515722
-157.87200329923292, 130.74417981403116
-157.87200329923292, 125.00489983980076
-157.87194760253726, 115.52932112144842
-157.87194788834574, 113.95457272726773
-157.8719991530064, 101.08598712102702
-153.2683451870996, 99.88276743495501
-144.8612687057937, 97.68549578894361
-144.86124506804867, 100.63231609423816
-144.86124506804867, 112.12879122010816
-147.47027855617785, 112.8106754831435
-155.57567074296753, 114.92915459868411
-144.86124506804867, 119.47653266332819
-144.8612746003389, 123.92705026376711
-144.8612746003389, 136.2661090202917
Holes:
Exterior:
-144.8612746003389, -131.14328871452506
-144.86124506804867, -127.71775513425942
-144.86124506804867, -114.35365162957888
-147.47027855617785, -113.24634827061023
-155.57567074296753, -109.80625799897214
-144.86124506804867, -107.00589462039619
-144.8612687057937, -103.56559148407732
-144.8612687057937, -92.56265731048343
-147.47027855617785, -93.24455679724066
-157.8719991530064, -95.96317003362157
-157.8719991530064, -100.37141694055492
-157.87194788834574, -108.83168860497204
-157.87194760253726, -110.40643167756532
-157.87200329923292, -125.6213595082645
-152.30936591063085, -127.98224296140307
-144.8612746003389, -131.14328871452506
Holes:
Exterior:
-144.8612746003389, 146.356131197535
-144.86124506804867, 148.34812422202725
-144.86124506804867, 156.0327949681297
-147.47027855617785, 155.80399567802613
-157.871951500529, 154.92951339887676
-157.8719515005289, 151.64842155986156
-157.87199985954237, 145.29048542031515
-152.41261319512853, 145.74845795814255
-144.8612746003389, 146.356131197535
Holes:
Exterior:
-173.18597857749762, -78.28806933960966
-173.18444426502163, -65.08216778252503
-173.18409646537998, -55.5983183650302
-177.4591412966837, -55.271113888110214
-196.95073837009363, -53.72597820752477
-196.94772333969775, -62.87962584755255
-196.94682695133747, -64.85942446847362
-196.9517059206098, -74.15919803107475
-196.95119462383923, -76.39152375143958
-196.17973090421435, -76.44987114190323
-195.22358584026063, -76.5201212615894
-193.1809744861722, -76.68399480869347
-191.9199976985908, -76.7881988550984
-186.2603373903488, -77.24130527697346
-173.18597857749762, -78.28806933960966
Holes:
Exterior:
-173.18597857749762, 83.41096593932163
-175.81497422050438, 83.21286006052483
-186.2603373903488, 82.36415992583078
-191.9199976985908, 81.91103534414023
-194.5661465835991, 81.69915458438155
-195.22358584026063, 81.64301229759813
-195.80207757635912, 81.6013316310622
-196.17973090421435, 81.5727677416152
-196.95119462383923, 81.51442035115154
-196.94682695133747, 69.98228227083148
-196.95073837009363, 58.848798513291435
-186.58483489515424, 59.66177116827988
-173.18409646537998, 60.7211705672691
-173.18444426502163, 70.20501998634856
-173.18597857749762, 83.41096593932163
Holes:
Exterior:
163.65698707219047, -83.43569362532965
156.5707400927662, -77.60866362080549
156.5707400927662, -79.66622280035047
156.570690603002, -96.08649688563811
161.03595654981376, -99.75827801278835
166.84528511350663, -104.5351740120343
166.8453254707627, -98.25883530168522
166.84522123781636, -86.05740372837015
163.65698707219047, -83.43569362532965
Holes:
Exterior:
163.65698707219047, 80.36712586508152
156.5707400927662, 79.79209270560376
156.5707400927662, 77.26514476743323
156.57077708703451, 57.09894254809662
158.25965303347942, 57.23599456831153
166.8453254707627, 57.932697509866564
166.8453254707627, 65.64091068118798
166.84522123781636, 80.62585068864975
163.65698707219047, 80.36712586508152
Holes:
Exterior:
-144.8612687057937, 85.7540746182383
-147.47027855617785, 85.52390902672973
-157.87197961450067, 84.64778608128206
-157.87197961450067, 82.72468006537736
-157.87205807526573, 62.00286712735284
-154.8569928230297, 62.26417816961613
-144.86125666023747, 63.03999047651956
-144.8612687057937, 68.45939869745787
-144.8612687057937, 85.7540746182383
Holes:
Exterior:
-144.8612687057937, -80.63123613977812
-144.86125666023747, -75.51859974706429
-144.86125666023747, -57.917093876807584
-147.47027855617785, -57.688154713046806
-157.87205807526573, -56.879970527640864
-157.87205807526573, -61.5910017264818
-157.87197961450067, -79.52496577551541
-156.52929342488665, -79.64256173785887
-144.8612687057937, -80.63123613977812
Holes:
Exterior:
196.54876819853615, 2.56144829985599
196.54766204231987, 8.219264993447316
196.55105243128878, 15.279934263043867
196.55045246474208, 16.725300960585763
187.02666080991764, 24.930885278796442
183.32203410653, 28.12273885096542
183.32205916111917, 12.5334698769953
183.32205916111917, 8.996513425538325
190.79090640547008, 2.56144829985599
184.8815091767599, -2.529995697022731
183.32205916111917, -3.8736168258263413
183.32203410653, -16.278032058573174
183.32203410653, -22.999918545198756
194.91276911820358, -13.013486042716565
196.55045246474208, -11.60248065481909
196.54766204231987, -3.096410747735019
196.54876819853615, 2.56144829985599
Holes:
Exterior:
-144.86125666023747, -33.66191202428846
-144.86124506804867, -28.989752981350456
-144.86124506804867, -10.762248985122667
-147.47027855617785, -8.827096483346926
-157.87195382042285, -1.111802509825885
-157.87195382042285, -3.4908339596155735
-157.87204181163008, -24.01164338876161
-153.0705759390844, -27.572971848442936
-144.86125666023747, -33.66191202428846
Holes:
Exterior:
-144.86125666023747, 21.03021686204275
-144.86125666023747, 38.78480862400044
-147.47027855617785, 36.849636067687285
-157.87204181163008, 29.134463694528275
-157.87204181163008, 21.43798789710017
-157.87195382042285, 6.234699109537864
-156.49379100432122, 7.256900116241155
-144.86124506804867, 15.88508485685198
-144.86125666023747, 21.03021686204275
Holes:
Exterior:
158.23269113583132, -155.7637795544941
166.8453254707627, -150.4692759498086
166.84528511350663, -143.85482884657412
166.84528511350663, -135.25515023373345
163.33266714178535, -137.4144844959847
156.570690603002, -141.5711811397184
156.570690603002, -146.77031574004857
156.570782941895, -156.78539332689303
158.23269113583132, -155.7637795544941
Holes:
Exterior:
158.23269113583132, 166.68965593528938
166.8453254707627, 167.77843518540263
166.8453254707627, 171.1000030104804
166.84524985026383, 177.6126480089765
163.33754575332523, 177.17382536802796
161.38637043683804, 176.93213283425752
159.62432050149715, 176.7139579613243
156.570690603002, 176.33386403188584
156.570690603002, 172.9873283480173
156.570782941895, 166.47955790519424
158.23269113583132, 166.68965593528938
Holes:
Exterior:
-179.5709733920604, 13.137939362761584
-183.2908412291639, 15.300590116087504
-183.29100620056636, 14.27329890635365
-183.28473392786213, 10.657259866506987
-183.29000818053385, 2.5614482998559893
-183.29755957695681, 0.894594038363024
-183.29100620056636, -9.150402306641668
-183.2908412291639, -10.177693516375522
-182.80592231235437, -9.895777323528081
-179.5709733920604, -8.015070815435141
-179.49687435624878, -7.971846377878384
-179.43971819772685, -8.014161684263732
-173.18415009772457, -12.653998272341715
-173.18415009772457, -10.45554284728822
-173.1731045977955, -4.105717053235503
-173.1731045977955, 9.228613652947482
-173.18415009772457, 17.77688754758001
-173.9584344783658, 17.2025669896958
-179.43971819772685, 13.137011032793879
-179.49687435624878, 13.094666683645054
-179.5709733920604, 13.137939362761584
Holes:
Exterior:
-183.28960897417085, 106.03169448468998
-183.29465604758923, 103.16469420941186
-179.52269747747482, 104.76559781821761
-178.0852183410965, 105.37568275881044
-176.63676693437378, 105.99044152495364
-173.17802202486075, 105.08644650081249
-173.17802202486075, 105.89897995323135
-173.1727826554287, 107.46061958596252
-173.17578027215745, 119.88905555838686
-173.18538584792827, 124.24500840732607
-179.5160828850469, 121.5580224192779
-179.8146247796201, 121.43137568595897
-180.05809261796753, 121.3280040859888
-183.28909312432575, 122.17246909065086
-183.28983265208683, 121.504041771122
-183.28493869101442, 119.95847180153775
-183.28576483841334, 119.9580374373484
-183.28960897417085, 106.03169448468998
Holes:
Exterior:
-183.28960897417085, -100.90885465158831
-183.28493869101442, -114.83563396186767
-183.28909312432575, -117.04964878488421
-182.8609716827467, -116.93775354548467
-180.05809261796753, -116.20518378022214
-179.8146247796201, -116.30854227361186
-179.5160828850469, -116.43514005602896
-173.18538584792827, -119.1221536175647
-173.18538584792827, -117.5099671303668
-173.17578027215745, -114.76618719946063
-173.1727826554287, -102.33781860471326
-173.17802202486075, -99.96365790393418
-173.64293685919426, -100.0851735052021
-176.63676693437378, -100.86765936615964
-178.0479747393531, -100.26869166434918
-179.52269747747482, -99.64276328399112
-182.79384660348478, -98.25442244121363
-183.29465604758923, -98.041869440073
-183.28960897417085, -100.90885465158831
Holes:
Exterior:
196.54887160284295, -132.20940397978708
196.5475951915842, -128.9594598932856
196.54787834354238, -116.99583400745692
196.55103719844033, -111.85801622956234
196.55032144661897, -110.48402817616495
187.15184420573223, -102.75566093562382
183.32193829452893, -99.60626994758516
183.32199797986578, -115.54174929321061
183.3220274098279, -118.08405461116618
188.22254703047008, -122.1137683749487
184.38799004637968, -124.47099371433605
183.3220274098279, -125.12629635404517
183.32200591377824, -135.47270464266524
183.32200591377824, -140.34045350056303
195.69203557483837, -132.73614057101952
196.54887160284295, -132.20940397978708
Holes:
Exterior:
196.54887160284295, 137.3322659984088
186.66890622157638, 143.40582565640713
183.32200591377824, 145.46328754315837
183.3220274098279, 132.22050047270756
183.3220274098279, 130.24911665981182
188.22254703047008, 127.23658868071536
184.38799004637968, 124.08344462053383
183.3220274098279, 123.20689468865267
183.32201638511816, 111.20426785200375
183.32193829452893, 104.72919449681524
194.8376810349627, 114.19860954731853
196.55032144661897, 115.606917645668
196.55103719844033, 116.9809128292743
196.54787834354238, 122.11870371175036
196.5475951915842, 134.08231019533443
196.54887160284295, 137.3322659984088
Holes:
Exterior:
158.25965303347942, -44.593376631404226
166.8453254707627, -37.19605316541992
166.84527721179325, -29.40957226465158
166.84527721179325, -18.069805532962388
163.33266714178535, -21.096265961027118
156.570690603002, -26.922195464058518
156.570690603002, -33.458260074146
156.57077708703451, -46.04849389160169
158.25965303347942, -44.593376631404226
Holes:
Exterior:
195.40812134949357, -166.2664078971733
189.59840762675083, -165.53195961829812
183.32206145547843, -164.73854788402164
183.3220737220356, -168.63720000006523
183.3220737220356, -182.47541071704302
183.3220737220356, -187.75215281649147
194.62360404637462, -189.1770307420709
196.9445186181482, -189.4873030515323
198.7898171611368, -189.73402256541803
214.49999027423905, -191.73942627845122
214.39514459222852, -172.68881172595303
214.38905283705327, -168.66588825648788
203.23781560314092, -167.25620113220913
195.40812134949357, -166.2664078971733
Holes:
Exterior:
-188.47693712464877, -160.248941472776
-173.19219951287675, -161.47727551561755
-173.19219951287675, -160.23077623855335
-173.18807145809183, -139.81881395567626
-173.18807145809183, -138.8854636199303
-174.03550500533572, -138.8144130782925
-176.99501790058832, -138.56161612996362
-177.97312581977963, -138.47830182160732
-196.97978344627347, -136.9737301176184
-196.9762953001432, -148.18253101545866
-197.0396657352378, -159.54142413318363
-188.47693712464877, -160.248941472776
Holes:
Exterior:
160.75190982235694, 28.44257676458311
166.84527721179325, 23.192702132674363
166.8453254707627, 29.68933251834956
166.84532547076276, 42.318899386112044
163.33266714178535, 45.34536800507504
156.57077708703451, 51.1713268415189
156.57077708703451, 48.001539453824314
156.57069060300188, 32.045065991575605
160.75190982235694, 28.44257676458311
Holes:
Exterior:
-174.5006919581998, 166.4903921562074
-197.0396657352378, 164.6643704904649
-197.0345142150128, 159.13081514407526
-196.9762953001432, 153.30542764728486
-196.97978344627347, 142.09657454788803
-177.97312581977963, 143.6012135410168
-176.99501790058832, 143.68443643573028
-173.18807145809183, 144.00828392569696
-173.19219951287675, 164.42057907618045
-173.19219951287675, 165.35360752159878
-173.19219951287675, 166.6000958213842
-174.5006919581998, 166.4903921562074
Holes:
Exterior:
163.33266714178535, 157.7514237592709
156.570782941895, 161.90820037083174
156.570782941895, 159.42697102587024
156.570690603002, 146.69407677811068
161.03595654981376, 143.94912375423692
166.84528511350663, 140.3779705395001
166.8453254707627, 145.5457769676249
166.8453254707627, 155.59208402352806
163.33266714178535, 157.7514237592709
Holes:
Exterior:
163.33266714178535, 106.7696571683686
156.570690603002, 101.20936741315519
156.570690603002, 94.8949294957613
156.5707400927662, 82.73163226667758
157.7048870662539, 83.66423351373658
166.84522123781636, 91.18031783658785
166.84519792717379, 98.56798522900237
166.84528511350663, 109.6580805668656
163.33266714178535, 106.7696571683686
Holes:
Exterior:
163.33266714178535, -162.21157066567233
156.570782941895, -161.35676952511406
156.570782941895, -162.95383589978857
156.57069060300188, -171.21097950695165
161.38637043683804, -171.80926961968143
163.33754575332523, -172.05091574501955
166.84524985026383, -172.48977728751913
166.84524985026383, -169.17288375848463
166.8453254707627, -162.65561415422044
163.33266714178535, -162.21157066567233
Holes:
Exterior:
163.33266714178535, -52.52479952103932
156.57077708703451, -51.97610959817941
156.57077708703451, -55.73702366786668
156.5707400927662, -74.66912830751686
157.7048870662539, -74.761164141975
166.84522123781636, -75.50290130916831
166.84522123781636, -68.5087743086433
166.8453254707627, -52.809851289174446
163.33266714178535, -52.52479952103932
Holes:
