Exterior:
89.45117844155106, 108.64161051208436
72.54789672034366, 107.12416690567429
60.174996691397666, 106.01340124102362
60.16018356677989, 98.38263144254466
60.25576961030646, 91.17367448076267
60.23919637703392, 83.34329194931712
72.7205723427702, 84.46091414233439
89.45124981614316, 86.07080918728576
89.4512155654935, 100.9359678795492
89.45117746001586, 104.07953310306863
89.45117844155106, 108.64161051208436
Holes:
Exterior:
89.45117844155106, -108.00607128588956
89.4512155654935, -100.3004286533544
89.45124981614316, -85.43533800353504
72.7205723427702, -83.8253749161396
68.09210947949771, -83.44553192237332
60.23919637703392, -82.70775272312233
60.16018356677989, -97.74711747067155
60.174996691397666, -105.37791307078757
72.54789672034366, -106.48864961307935
81.67367213402531, -107.30785448299719
89.45117844155106, -108.00607128588956
Holes:
Exterior:
89.45117480504274, -227.98984680231942
89.45120127728222, -221.98155711879292
89.4512207102265, -218.48923192825995
89.45121473098254, -212.750381363027
74.20269070224799, -210.56067816814954
60.170279427227456, -208.55703084087216
60.169504858723656, -227.89331705211865
60.174684083490206, -230.82522756598323
62.83597734246098, -231.20039772309238
74.18141825503847, -232.79975662107256
76.85308742557152, -233.19670709705093
89.45117480504274, -234.9888492082054
89.45117480504274, -231.4891275314153
89.45117480504274, -227.98984680231942
Holes:
Exterior:
89.45118022578043, 130.56887302868452
89.45120432476386, 134.34576481519156
71.40447736587407, 140.42936798487744
60.17531732565823, 144.21467128753662
60.172930599020845, 139.27450769871157
60.18305211975627, 128.77477048310024
73.77524108711407, 124.19283453659177
89.45118022578043, 118.90846591787945
89.45118022578043, 130.56887302868452
Holes:
Exterior:
89.45118022578043, -118.27293602461971
69.68038822508174, -124.93771225244278
60.18305211975627, -128.1392694038781
60.18586419392943, -133.96163951581053
60.17531732565823, -143.5791183360951
71.96542178329781, -139.60467223567989
89.45120432476386, -133.71025670102082
89.45120432476386, -122.84399478056233
89.45118022578043, -118.27293602461971
Holes:
Exterior:
89.45117480504274, 232.12464477535173
89.45117480504274, 235.62436645214183
77.79965447249947, 233.97280515829016
76.85308742557152, 233.83221829850908
74.04530652290515, 233.41514879528145
62.83694760391393, 231.83503964737747
61.54729171392273, 231.65141883566375
60.1733008428817, 231.45953080706462
60.16818780662538, 228.52519826508234
60.170279427227456, 209.1924939691759
74.20269070224799, 211.19619475320917
89.45121473098254, 213.38597345109372
89.45120127728222, 222.61715681120663
89.45117480504274, 228.62536404625584
89.45117480504274, 232.12464477535173
Holes:
Exterior:
89.45120432476386, -185.38600741379682
71.38923238101393, -175.14981468421735
60.17487421549782, -168.79441912931526
60.16930982588485, -174.95000028728455
60.18902141753426, -188.14974072660073
77.07031038219935, -197.7165637382821
89.4512448360008, -204.7330005245823
89.45121538806308, -189.92004641055271
89.45120432476386, -185.38600741379682
Holes:
Exterior:
89.45120432476386, 186.02156923095225
89.4512335681905, 200.56515158611487
89.4512448360008, 205.36860126332422
69.31188874597245, 193.95528921106697
60.18902141753426, 188.7852036588502
60.196492001820104, 180.5050021688186
60.17487421549782, 169.4299202085374
71.90012093143116, 176.0749308116433
89.45120432476386, 186.02156923095225
Holes:
Exterior:
-231.49123991605484, 116.72121818901141
-231.49123991605484, 116.90568065388231
-231.4912396684498, 117.5799144407952
-231.4912336734876, 131.9353729134094
-231.49123351763353, 136.05756360311312
-231.95056201347086, 135.6798569143284
-234.35975381949072, 133.6987739465935
-240.1631665908011, 137.26633642105418
-241.35668807841193, 138.0000337187409
-241.3538001450396, 127.94754074307943
-241.3538984198483, 122.78415341486225
-241.35865343476382, 112.27659548681822
-241.35754423962157, 109.46684002659907
-232.08878824331885, 117.08855208380052
-231.49123991605484, 116.72121818901141
Holes:
Exterior:
-231.4912396684498, -116.94438167374706
-231.49123991605484, -116.08567988783693
-231.5868350872655, -116.14444345343023
-232.08878824331885, -116.45301285760573
-239.77907104898645, -110.12926798393015
-241.35754423962157, -108.8313153882785
-241.35865343476382, -111.64105626062343
-241.3538984198483, -122.1486691633917
-241.3538001450396, -127.31206486435859
-241.35668807841193, -137.36452160365818
-234.35975381949072, -133.06327286737135
-231.49123351763353, -135.42206040141943
-231.49123351763353, -134.39396914141588
-231.4912336734876, -131.2998888546113
-231.4912396684498, -116.94438167374706
Holes:
Exterior:
193.82579800582187, 96.47253630374608
197.94858847823502, 96.88349266834878
197.948604104288, 108.39032108503292
197.94866057107572, 119.44066456780796
190.533321227275, 118.65651662126324
185.06310140440166, 118.07803522549717
185.06306123541742, 106.38174468415708
185.06302787651396, 95.55768379642201
193.82579800582187, 96.47253630374608
Holes:
Exterior:
-231.49122990551064, 81.20881227245427
-240.7041506751109, 80.46122448027094
-254.69214477384935, 79.32611370442106
-254.70261711943795, 74.605621427254
-254.69979945569264, 74.44242005194187
-254.68633164713663, 71.96423785854515
-254.6793462496853, 70.68382343448198
-254.67321972978812, 58.16324602235754
-253.227294626426, 58.27654358901349
-250.94115167401003, 58.378222533184505
-249.36782438109447, 58.497416370668724
-248.01487709138848, 58.57962510710409
-248.01487709138848, 58.16479202387454
-248.0556388398894, 57.17416894415564
-243.04026951886897, 57.58154728093053
-241.3606017962951, 57.717961951675775
-241.38529122539853, 57.71282806256505
-236.8588465525445, 58.08010555188719
-231.49123483375035, 58.51566647736566
-231.49123483375035, 70.15600203650908
-231.49122990551064, 81.20881227245427
Holes:
Exterior:
-231.49123778379374, 176.0107622331158
-231.49123778379374, 184.71131638273843
-231.49123778379374, 192.9305056526797
-240.30132478764756, 191.83683197396215
-242.90290716748143, 191.52983613667175
-244.71938173541844, 191.3154455945282
-254.745302552785, 190.0768251484132
-254.6993117779515, 178.9012744000092
-254.6858887171619, 167.00602801470828
-242.73626169549368, 168.51666044036054
-240.04191281425108, 168.8572711371333
-236.9578349987322, 169.24711539579297
-231.49123483375035, 169.93821176240553
-231.49123778379374, 176.0107622331158
Holes:
Exterior:
-231.49123778379374, -183.59443172103934
-231.49123778379374, -175.37531369865374
-231.49123483375035, -169.30272827511408
-236.9578349987322, -168.61164817504775
-240.04044040951226, -168.22196055830145
-240.04191281425108, -168.22178697178936
-252.21508353917613, -166.68291180730208
-254.6858887171619, -166.37056420201435
-254.7134244850846, -171.532537747145
-254.745302552785, -189.44129907819757
-245.32927520933742, -190.61182039415695
-244.71938173541844, -190.67995603885566
-244.71936176783447, -190.67995854499574
-242.90290716748143, -190.89427741217762
-240.30132478764756, -191.20126903660062
-231.49123778379374, -192.29492827951225
-231.49123778379374, -183.59443172103934
Holes:
Exterior:
-241.37553718755734, -57.08123018168394
-241.3852912253989, -57.07733401376822
-241.385291225399, -57.07733401376818
-241.38529122539907, -57.07733401376813
-241.38529122539916, -57.07733401376807
-241.38529122539924, -57.07733401376801
-241.3852912253993, -57.07733401376794
-241.38529122539936, -57.07733401376786
-241.3852912253994, -57.077334013767775
-241.38529122539944, -57.07733401376769
-241.3852912253995, -57.0773340137676
-241.3852912253995, -57.0773340137675
-241.38529122539953, -57.077334013767405
-241.38529122539953, -57.077334013767306
-241.38529122539953, -57.07733401376721
-241.38529122539953, -57.07733401376711
-241.3852912253995, -57.077334013767015
-241.38529122539947, -57.07733401376692
-241.3852912253994, -57.07733401376683
-241.38529122539938, -57.077334013766745
-241.3852912253993, -57.07733401376667
-241.38529122539924, -57.077334013766595
-241.3852912253992, -57.077334013766524
-241.3852912253991, -57.07733401376647
-241.38529122539902, -57.07733401376642
-241.38529122539893, -57.077334013766375
-241.38529122539884, -57.07733401376634
-241.38529122539873, -57.07733401376631
-241.38529122539865, -57.0773340137663
-241.38529122539853, -57.07733401376629
-241.38529122539845, -57.0773340137663
-236.0131635735062, -57.51326073343228
-231.49123483375027, -57.88020354511517
-231.49123483375018, -57.88020354511519
-231.49123483375007, -57.88020354511521
-231.49123483374999, -57.880203545115236
-231.4912348337499, -57.88020354511528
-231.49123483374981, -57.88020354511533
-231.49123483374973, -57.88020354511539
-231.49123483374964, -57.88020354511546
-231.4912348337496, -57.88020354511553
-231.49123483374953, -57.880203545115606
-231.49123483374947, -57.88020354511569
-231.49123483374944, -57.88020354511578
-231.4912348337494, -57.880203545115876
-231.4912348337494, -57.88020354511597
-231.49123483374936, -57.88020354511607
-231.49123483374936, -57.88020354511617
-231.49122990550964, -69.18185824865466
-231.49122990550964, -80.57327334793146
-231.49122990550964, -80.57327334793156
-231.49122990550964, -80.57327334793166
-231.49122990550967, -80.57327334793175
-231.4912299055097, -80.57327334793185
-231.49122990550975, -80.57327334793193
-231.4912299055098, -80.57327334793202
-231.49122990550987, -80.57327334793209
-231.49122990550993, -80.57327334793216
-231.49122990550998, -80.57327334793223
-231.49122990551007, -80.57327334793229
-231.49122990551015, -80.57327334793234
-231.49122990551024, -80.57327334793239
-231.49122990551032, -80.57327334793241
-231.49122990551044, -80.57327334793244
-231.49122990551052, -80.57327334793246
-231.49122990551064, -80.57327334793246
-231.49122990551072, -80.57327334793246
-246.6602952017174, -79.34230577674266
-254.69214477384944, -78.69049818428195
-254.69214477384952, -78.69049818428194
-254.69214477384963, -78.69049818428192
-254.69214477384972, -78.69049818428188
-254.6921447738498, -78.69049818428184
-254.6921447738499, -78.6904981842818
-254.69214477384998, -78.69049818428174
-254.69214477385006, -78.69049818428167
-254.69214477385012, -78.6904981842816
-254.69214477385017, -78.69049818428151
-254.69214477385023, -78.69049818428142
-254.69214477385026, -78.69049818428134
-254.69214477385032, -78.69049818428125
-254.69214477385032, -78.69049818428115
-254.69214477385034, -78.69049818428105
-254.69214477385034, -78.69049818428095
-254.70305762781024, -65.25472082626641
-254.67955431025402, -60.74664070797613
-254.67955431025402, -60.746640707976134
-254.6732197297891, -57.527725072862445
-254.6732197297891, -57.52772507286235
-254.6732197297891, -57.52772507286225
-254.67321972978908, -57.52772507286216
-254.67321972978905, -57.52772507286207
-254.673219729789, -57.52772507286198
-254.67321972978897, -57.527725072861905
-254.6732197297889, -57.52772507286183
-254.67321972978883, -57.52772507286175
-254.67321972978877, -57.527725072861685
-254.67321972978868, -57.52772507286163
-254.6732197297886, -57.52772507286158
-254.6732197297885, -57.527725072861536
-254.67321972978843, -57.5277250728615
-254.67321972978834, -57.52772507286147
-254.67321972978826, -57.52772507286146
-254.67321972978814, -57.52772507286144
-254.67321972978806, -57.52772507286144
-250.94115167400997, -57.742683306988695
-250.94115167400997, -57.7426833069887
-248.01487709138948, -57.944099503879
-248.01487709138948, -57.529252797679774
-248.0556388398904, -56.5386666614435
-248.0556388398904, -56.5386666614434
-248.0556388398904, -56.5386666614433
-248.05563883989038, -56.5386666614432
-248.05563883989035, -56.53866666144311
-248.05563883989032, -56.53866666144302
-248.05563883989026, -56.53866666144293
-248.0556388398902, -56.538666661442846
-248.05563883989015, -56.53866666144277
-248.05563883989007, -56.538666661442704
-248.05563883988998, -56.53866666144264
-248.0556388398899, -56.53866666144258
-248.0556388398898, -56.53866666144254
-248.05563883988972, -56.538666661442505
-248.0556388398896, -56.53866666144248
-248.05563883988953, -56.53866666144246
-248.05563883988944, -56.538666661442456
-248.05563883988933, -56.53866666144246
-244.48446216715095, -56.82874232483348
-241.37553718755734, -57.08123018168394
Holes:
Exterior:
235.09794547056583, -242.4764686971378
235.1237877293865, -256.45096317287437
244.0656470686272, -257.7883631403528
266.4843957188854, -261.32133476175136
266.3992440109728, -244.54276351500576
266.35779587303495, -238.87673987475944
265.2186737247391, -238.70174885422355
264.5004475490691, -238.5907985213384
264.0239539653778, -238.51596929524226
257.75218794817874, -237.59872851423805
240.1964497703728, -234.92793742169616
237.6267224714838, -234.54196704266968
235.1153902581292, -234.15497914128366
235.09794547056583, -242.4764686971378
Holes:
Exterior:
-231.49122186805926, 11.039236212552487
-231.635444490473, 10.891568314877354
-232.0086796007406, 10.509420003722397
-239.82484503832382, 17.243730510523307
-241.3578173856182, 18.564524648679704
-241.35362953511833, 1.3250778021780396
-241.35378049316273, 0.3177696130973976
-241.35362953511833, -0.689546116618269
-241.35872913491096, -14.999202833761391
-241.3578173856182, -17.929061716430223
-232.0086796007406, -9.873957071472915
-231.49122186805926, -10.403772477960853
-231.49122186805926, -10.17370006387799
-231.49122292581012, -9.411876707818024
-231.49122292581012, 10.047343099141234
-231.49122186805926, 11.039236212552487
Holes:
Exterior:
-208.92187387802608, 12.270275041822638
-200.47927038089472, 20.91452295852832
-200.47925950691206, 32.06607172880402
-200.4792627915374, 42.79193532543576
-205.11400015914717, 38.04646515909079
-211.42368910084974, 31.58604314923267
-211.42368910084963, 22.43353047222348
-211.42366879811334, 9.708712513421437
-208.92187387802608, 12.270275041822638
Holes:
Exterior:
238.89058699687092, 190.3981108242247
235.88728597543127, 188.51189192755052
235.53732713279328, 188.6418728187673
235.27337068968455, 188.73991344767157
235.19114662337824, 188.7704535327143
235.0946011267385, 188.80631267285472
235.0946011267385, 188.66462088834786
235.0926312061265, 188.0127862399449
235.105022743757, 188.02047192404493
235.09555730667364, 172.64624397647964
235.10842107562365, 168.59174927929814
235.10772926696546, 167.47046244418465
236.17298181944437, 168.1395400189625
237.87098963418146, 169.20604555634702
240.3297817917993, 170.7503861024112
240.49605062386877, 170.8548789880974
247.58583821407797, 168.22158312110034
247.5963010992432, 193.5594250469845
247.5979947048511, 195.86710545807406
238.89058699687092, 190.3981108242247
Holes:
Exterior:
235.88728597543127, -187.87635270135573
247.5979947048511, -195.2314953601141
247.6000889431363, -195.23280747477594
247.5963010992432, -192.92381808969674
247.58583821407797, -167.58604389490554
240.49605062386877, -170.2193397619026
237.99014956958723, -168.64545013042024
237.87098963418146, -168.57052336097524
236.17298181944437, -167.50399750941145
235.10772926696546, -166.83492973881147
235.09555730667364, -172.0107143714101
235.0926312061265, -187.3772489139107
235.0946011267385, -188.02908200113268
235.0946011267385, -188.17077344665992
235.27337068968455, -188.10437532382883
235.53732713279328, -188.0063335925725
235.88728597543127, -187.87635270135573
Holes:
Exterior:
105.58535238129718, -86.97449341977106
100.13477611766655, -86.45378282528638
97.98471637219825, -86.24838625573247
97.98472672091594, -89.65345578848809
97.98468465924094, -104.01904595166222
97.98467634199648, -108.77215616343553
110.41236600358855, -109.88783557311756
110.81569323882388, -109.92404583221972
110.81569562958089, -106.61423075173865
110.81567784034502, -105.39981404639758
110.81565036151073, -87.4777506594694
105.58535238129718, -86.97449341977106
Holes:
Exterior:
235.10402027882742, -117.72097538581909
235.0998144690825, -120.3342535456346
235.10699735917257, -122.73472868883826
237.61794903482775, -123.0002545108183
247.3015759184047, -124.02428007751607
266.3665840254112, -126.04039778049003
266.3665840254112, -117.8280291480574
266.4010234589061, -103.45871014802533
248.91385499821808, -101.55096030384476
239.09594219452197, -100.53151109996178
238.0427483222407, -100.42504200085165
235.13257573114123, -100.11995623785413
235.10402027882742, -117.72097538581909
Holes:
Exterior:
235.10402027882742, 118.3564636981295
235.13257573114123, 100.7554741054023
239.0852485938799, 101.16591630437769
266.4009295064916, 104.09418209324718
266.3664423155907, 118.46370670076264
266.3665840254112, 126.67588497179703
263.98816058079706, 126.42435077246218
247.3015759184047, 124.65975792935967
237.61794903482775, 123.63572361892322
236.80783176690545, 123.55005374525942
235.10699735917257, 123.37018944710736
235.10402027882742, 118.3564636981295
Holes:
Exterior:
-200.4792747539219, -142.44562629718914
-205.11400015914717, -138.63440754034872
-211.42365692786905, -133.44599813604745
-211.42365692786905, -138.2581579733163
-211.42365111900688, -151.92365642279546
-205.24254963650537, -157.0063832608
-200.47925563435103, -160.9232557840487
-200.4792747539219, -153.4494385557078
-200.4792747539219, -142.44562629718914
Holes:
Exterior:
-200.4792747539219, -33.30743336695044
-200.47927038089472, -20.278983732333515
-204.99669171342146, -15.653643202927304
-211.42366879811334, -9.073173287226641
-211.42366879811334, -14.382758372327928
-211.42368910084963, -30.950548299003202
-205.7820357990521, -36.72698121918219
-200.4792627915374, -42.15639609924096
-200.4792747539219, -33.30743336695044
Holes:
Exterior:
-200.4792747539219, 112.8711514734489
-205.11400015914717, 115.72030390805455
-211.42365692786905, 119.59906544053341
-211.42365692786905, 115.63686005030975
-211.42367373995114, 104.38498209550694
-205.86468909281928, 100.96769867484963
-200.4792387384224, 97.6570757343409
-200.4792747539219, 103.81085080983674
-200.4792747539219, 112.8711514734489
Holes:
Exterior:
-200.4792747539219, -182.98765111213856
-200.47925563435103, -177.68350871950736
-200.47925563435103, -173.22311713923108
-205.11400015914717, -172.63721326606873
-211.42365111900688, -171.83954641526594
-211.42365111900688, -177.26796095751405
-211.42365111900688, -181.60784834129794
-206.76541579128707, -182.2005750321316
-200.4792747539219, -182.98765111213856
Holes:
Exterior:
-200.4792747539219, 183.62319762598747
-205.11400015914717, 183.03386903052635
-211.42365111900688, 182.24332824439662
-211.42365111900688, 176.81495605439542
-211.42365111900688, 172.47508564146074
-205.24254963650537, 173.25647931551796
-200.47925563435103, 173.85863894174904
-200.4792747539219, 177.80761083347696
-200.4792747539219, 183.62319762598747
Holes:
Exterior:
-200.4792747539219, -112.23571125851281
-200.4792387384224, -104.44282143484278
-200.4792387384224, -97.02155325265576
-205.11400015914717, -99.87076600325423
-211.42367373995114, -103.74947485944581
-211.42367373995114, -110.12872338334124
-211.42365692786905, -118.96360091686856
-208.7354185955736, -117.3110621018661
-200.4792747539219, -112.23571125851281
Holes:
Exterior:
-200.4792747539219, 143.08106651212523
-200.47925563435103, 153.11906214399184
-200.47925563435103, 161.55877758656663
-205.11400015914717, 157.74762000724678
-211.42365111900688, 152.5591744728668
-211.42365111900688, 144.33878362242768
-211.42365692786905, 134.08146265971232
-208.7354185955736, 136.29202214397938
-200.4792747539219, 143.08106651212523
Holes:
Exterior:
-200.4792627915374, -60.39678108822355
-205.11400015914717, -60.020660353878135
-211.42365111900688, -59.5086554871761
-211.42365111900688, -72.10603486262886
-211.42365111900688, -82.20175546276204
-205.5799514826757, -82.67592096452445
-200.4792387384224, -83.08986336224557
-200.4792627915374, -71.27289104755549
-200.4792627915374, -60.39678108822355
Holes:
Exterior:
-200.4792627915374, 61.03232031441836
-200.4792387384224, 72.65594958930384
-200.4792387384224, 83.7254416670037
-205.11400015914717, 83.34931123165096
-211.42365111900688, 82.83726074725843
-211.42365111900688, 70.23988137180568
-211.42365111900688, 60.144160771672496
-205.4871561524708, 60.62594947259364
-200.4792627915374, 61.03232031441836
Holes:
Exterior:
-113.86154709359937, -207.28226957334783
-113.86204899477104, -206.28592678668394
-113.86446608106996, -203.94841817445356
-113.86791089134204, -200.65894317862598
-113.86085705022208, -200.65985873333253
-108.41179428865814, -201.36712091472046
-107.4302799425376, -201.49451676385573
-107.4302799425376, -79.85085105484448
-107.4302799425376, -67.94745865838698
-107.4302799425376, 62.49827320885994
-107.4302799425376, 68.58292159063646
-107.4302799425376, 80.48632078736935
-107.4302799425376, 202.13005599005052
-108.41179428865814, 202.00265429062827
-113.86085705022208, 201.29535963026436
-113.86791089134204, 201.29444403351357
-113.86446608106996, 204.58390007828845
-113.86204899477104, 206.9214335855762
-113.86154709359937, 207.91777065256997
-122.00115643890615, 206.86008934302887
-137.8253609699234, 204.81103437793493
-137.8253609699234, 199.31882394088825
-137.8253609699234, 191.593701195687
-148.67045677967724, 190.19829499430625
-150.32655069449072, 189.9852043054802
-150.3265506944906, 190.83025674539923
-150.32655069449072, 196.59187849981615
-152.53689042771487, 196.30928678397788
-159.30741719030186, 195.44368941900117
-160.44149263716304, 195.2991050253348
-166.34784954296003, 194.54407098329668
-169.52775308706885, 194.13876112921068
-169.52775308706885, 191.72856988824498
-169.52775308706885, 187.53452834112474
-169.52775308706885, 174.23966524726004
-169.52775308706885, 168.5325675867302
-169.52775308706885, 116.27626246284595
-169.52775308706885, 93.84415205938646
-169.52775308706885, 64.99107635078192
-169.52775308706885, 52.60529097540209
-169.52775308706873, 5.4662094693122185
-169.52775308706885, -20.56141503082947
-169.52775308706885, -51.96975174920728
-169.52775308706885, -64.35556003890648
-169.52775308706885, -93.20868912713698
-169.52775308706885, -115.64079953059647
-169.52775308706885, -167.89710465448073
-169.52775308706885, -173.60419085785088
-169.52775308706885, -186.8990272619026
-169.52775308706885, -191.09302035828122
-169.52775308706885, -193.50318375604323
-166.34784954296003, -193.90852058223638
-160.44149263716304, -194.6635569441648
-159.30741719030186, -194.80815019280638
-152.53689042771487, -195.6737475577831
-150.32655069449072, -195.95633927362135
-150.32655069449072, -195.12073690768747
-150.3265506944906, -189.34974137323073
-148.67045677967724, -189.56282366571773
-137.8253609699234, -190.95819072774583
-137.8253609699234, -196.45043285525364
-137.8253609699234, -204.1755332987128
-122.00115643890615, -206.22458826380674
-113.86154709359937, -207.28226957334783
Holes:
Exterior:
191.1893088700242, -118.09041777696004
197.94866057107572, -118.80521862018375
197.9486242891404, -102.748771489002
197.94858847823502, -96.2479790007175
190.87388863674084, -95.50220153583705
185.06302787651396, -94.92214457022722
185.06306123541742, -105.7462607669544
185.06310140440166, -117.44259150061097
191.1893088700242, -118.09041777696004
Holes:
Exterior:
191.1893088700242, 139.88614102739376
197.94866057107572, 144.1315794324131
197.9486444983147, 158.15912619853952
197.94861735126563, 164.6832954574571
190.2795504829354, 159.86647334923745
185.0630700744822, 156.59010173025644
185.0630700744822, 145.48530280413058
185.06310140440166, 136.03840998680886
191.1893088700242, 139.88614102739376
Holes:
Exterior:
235.13086036238633, 238.32761290557664
235.1153902581292, 234.7904802205058
237.6267224714838, 235.17747118627454
240.1964497703728, 235.56344470680966
250.11706636337772, 237.05353590333024
264.0239539653778, 239.1514731914205
265.2186737247391, 239.33725453268605
266.35779587303495, 239.51224095398157
266.3903733332179, 245.92132724792995
266.4843957188854, 261.95685488322414
251.4467428074522, 259.5886193729003
244.0656470686272, 258.4238532320272
242.04047462235548, 258.13308706035355
235.1237877293865, 257.08647880222634
235.13086036238633, 238.32761290557664
Holes:
Exterior:
100.13477611766655, 87.08925854209761
110.81565036151073, 88.11328988566419
110.81567784034502, 106.03535327259237
110.81569562958089, 107.24976997793344
110.81569083311916, 109.68159623816018
110.81569323882388, 110.55958253475248
100.10158712893121, 109.59773609278871
97.98467634199648, 109.40770141120453
97.98472672091594, 90.2889302958537
97.98471637219825, 86.88384918798195
99.53823193655228, 87.03205557465635
100.13477611766655, 87.08925854209761
Holes:
Exterior:
190.533321227275, -138.838659451635
185.06310140440166, -135.4029094430945
185.06310140440166, -145.60666187867764
185.0630700744822, -155.95458311621744
193.4501892786842, -161.22240244011067
197.94861735126563, -164.04778292890984
197.94862268101195, -152.23664615425625
197.94866057107572, -143.49609116009412
190.533321227275, -138.838659451635
Holes:
Exterior:
137.22126668684484, 90.69427968028323
144.07225301644684, 91.37077864630052
144.07225301644684, 104.43787577866641
144.07225301644684, 130.84442671758958
144.07225301644684, 155.94482342010195
144.07225301644684, 206.66878279669115
144.07225301644684, 214.43873132521378
144.07225301644684, 230.14060244415856
142.4756525535994, 229.91030351533976
138.04422263643016, 229.27213430838
131.1301982047471, 228.26804260671247
118.47220526061597, 226.42868124017437
118.47220526061597, 223.59553028998968
118.47220526061597, 133.77452334494976
118.47222223598789, 131.6077794536625
118.47227743050934, 124.56272658331224
118.47220526061597, 124.56274913640391
118.47220526061597, 93.06650785831101
118.47220526061597, 88.84285506231615
137.22126668684484, 90.69427968028323
Holes:
Exterior:
99.47863687211947, -210.4156626086122
108.33418538949371, -215.43425980584792
99.47863687211947, -214.17203545488064
97.98468552338204, -213.96349354804246
97.98472023974574, -217.53433342464936
97.98467414398857, -220.03083044281806
97.98466952541656, -222.8554775700701
98.98834663012371, -223.00434074024693
102.93483728108276, -223.56584727212064
106.56825597425495, -224.09857203802488
110.81566564303165, -224.71073532041535
110.81564844400219, -217.9697659518191
110.81563762854262, -212.10487751681353
110.81563593905713, -199.21233021358023
110.81563593905713, -197.49385117550304
100.10158712893121, -191.42185323682696
97.98468272659562, -190.22214907318013
97.98469150479156, -206.93632764733968
97.98468726389592, -209.5690445761673
99.47863687211947, -210.4156626086122
Holes:
Exterior:
99.47863687211947, 211.05127368720926
97.98468726389592, 210.20465161850467
97.98467634199648, 193.91177034948558
97.98468272659562, 190.85770287498542
109.47663235838684, 197.37054939051166
110.81563593905713, 198.12939717830193
110.81563762854262, 212.7404743617257
110.81564844400219, 218.6053627977742
110.81566564303165, 225.34625830101965
102.93483728108276, 224.2013396383871
97.98466952541656, 223.49094050231957
97.98467414398857, 220.66634178548324
97.98472023974574, 218.16988778858106
97.98468931361259, 215.7445827967018
97.98468552338204, 214.59909622553
108.33418538949371, 216.06987532598802
99.47863687211947, 211.05127368720926
Holes:
Exterior:
193.39806582862246, 237.45646918085797
185.0630686229391, 236.21652150425936
185.0630700744822, 231.41164612339864
185.0630583466085, 227.3285612794457
191.54312808880195, 228.30567875973483
197.94862268101195, 229.25681818952134
197.94866564818108, 237.1838197142643
197.94866548359562, 238.1346970109176
193.39806582862246, 237.45646918085797
Holes:
Exterior:
193.39806582862246, -236.82096810163583
197.94866548359562, -237.49919062454043
197.94866564818108, -236.54831046403922
197.94862268101195, -232.39665409084515
197.94862268101195, -228.62125704024604
191.54312808880195, -227.67012034967186
185.0630583466085, -226.69304204050857
185.06306424389197, -233.99610058240228
185.0630686229391, -235.58100753313485
193.39806582862246, -236.82096810163583
Holes:
Exterior:
190.2795504829354, -188.87086656419294
185.0630700744822, -190.80839834389272
185.0630700744822, -199.42415578672714
185.0630583466085, -206.75359387573278
191.54312808880195, -204.34675709523125
197.94862268101195, -201.9676142429483
197.94861735126563, -190.80815314363886
197.94861735126563, -186.02240393877602
190.2795504829354, -188.87086656419294
Holes:
Exterior:
190.2795504829354, 205.45156607118207
185.0630583466085, 207.3890931274122
185.0630583466085, 199.03455932581963
185.0630700744822, 191.443881888298
193.45018927868426, 188.3287193237151
197.94861735126563, 186.65790501799816
197.94862268101195, 195.82164766282452
197.94862268101195, 202.60315346914308
190.2795504829354, 205.45156607118207
Holes:
Exterior:
109.47658324816427, -126.95967789698193
110.81567620078374, -126.50826908448082
110.81569323882388, -111.58160472106178
110.81569323882388, -111.07096694532507
100.10158712893121, -114.68269394452804
97.98467634199648, -115.39629725081642
97.98467634199648, -128.39680349796834
97.98468272659562, -130.8336196745727
109.47658324816427, -126.95967789698193
Holes:
Exterior:
110.81567620078374, 127.14378032929405
100.10158712893121, 130.75549894578563
97.98468272659562, 131.46911175804317
97.98468272659562, 118.98108560895645
97.98467634199648, 116.03183045543702
110.41236600358855, 111.84246512264801
110.81569323882388, 111.70650743335088
110.81567620078374, 125.77250647192751
110.81567620078374, 127.14378032929405
Holes:
Exterior:
118.47220526061597, -225.79314652459792
127.66879893556018, -227.13061112697034
131.1301982047471, -227.63256619914216
138.04422263643016, -228.63664466937686
142.4756525535994, -229.27476428914497
144.07225301644684, -229.50505059004055
144.07225301644684, -221.73513994528756
144.07225301644684, -206.03331986444167
144.07225301644684, -180.93289790608284
144.07225301644684, -130.2088874913948
144.07225301644684, -117.1417903590289
144.07225301644684, -90.73523942010573
122.40687078452413, -88.59584555559756
118.47220526061597, -88.20731583612135
118.47220526061597, -119.70359075056857
118.47220526061597, -123.92724354656345
118.47227743050934, -123.9272255040901
118.47220526061597, -133.13901775510928
118.47220526061597, -135.9721732159123
118.47220526061597, -225.79314652459792
Holes:
