Exterior:
70.02587202520124, -23.14133795023566
54.59163160861078, -22.302037340275742
78.62415266633593, -17.029676610257475
78.62446054544989, -6.024380745596801
78.62448565115005, -3.051641700838737
62.39319971887835, -6.612553264994382
50.95083987164378, -9.122836571864042
41.77363844454828, -11.136189561955428
41.77363844454828, 0.5413235202849971
41.77363844454828, 7.881220716364885
50.95083987164378, 5.8678677262735
78.62448565115005, -0.20326227791989893
78.62415366205119, 9.692591929420066
78.62415266633593, 13.774784058612244
70.01756190643721, 15.66294309418803
54.59163160861078, 19.047144788630508
78.62415266633593, 20.34768660603268
78.62415266633593, 34.15018844233517
78.6241621380384, 42.8794753248087
69.83357348490745, 42.407435261417774
53.08803053439203, 41.49534119976332
78.6241621380384, 51.45836177885526
78.6241621380384, 61.635683547026346
78.62415366205119, 67.69414148340049
64.03364834359888, 62.00157410590944
50.95083987164378, 56.89723841441326
41.77363844454828, 53.31670655620863
41.77363844454828, 74.7119961862531
41.77363844454828, 78.67995575241498
41.77363844454828, 88.15999879253675
50.95083987164378, 85.59737513577713
78.62415366205119, 77.86992387180774
78.62415366205119, 88.24917382452489
78.62424945596172, 92.53076235378491
52.60178545982035, 99.7972357159326
52.177387012218674, 99.9157625557203
51.03877516329828, 100.2336682261305
52.177387012218674, 100.29448889642318
52.60178545982035, 100.31711412208034
78.62424945596172, 101.72591225332245
78.62424945596172, 107.0037463488698
78.62415366205119, 109.89847554518764
50.95083987164378, 108.3690329526356
48.061437813776024, 108.21310757653136
48.061437813776024, 110.03964770896866
48.061437813776024, 119.26168161513658
48.061658624032816, 119.55969107083548
48.0632310003017, 121.09113081009514
38.52926907780545, 120.58044727060236
20.965424482776825, 119.65143847799715
20.626960017025795, 119.6334564487682
20.50716527406803, 119.62735855386457
20.356266826217734, 119.61921757130995
20.356266826217734, 119.4652223893218
20.342784289088286, 106.72577249965155
11.087165206360623, 106.23655974396458
7.313893407310388, 106.04107539871292
7.313922741492547, 99.75456653561446
7.313922741492547, 95.15935050069218
7.313893407310388, 85.92627634061762
7.313893407310388, 82.6210723643953
11.087165206360623, 84.07726319433942
14.849282141570598, 85.52913547661039
16.173662858610783, 86.04024781597425
16.173662858610783, 55.817541383861005
16.173662858610783, 51.21282472027113
14.849282141570598, 51.58979628963801
11.087165206360623, 52.66068186193801
9.917661771289204, 52.993576528116954
7.313893407310388, 53.7347477236162
7.313812758897939, 39.24836524640073
7.313812758897939, 38.53486734074428
7.313903661422955, 10.18748699957362
7.313893407310388, 8.79478599481538
7.313893407310388, 5.937529841070974
11.087165206360623, 6.765333137602887
14.849282141570598, 7.590662767874058
16.173662858610783, 7.881220716364885
16.173662858610783, -8.621797791818665
16.173662858610783, -11.136189561955428
14.849282141570598, -10.845631613464601
11.087165206360623, -10.020288665523319
10.262150455834671, -9.839288443674848
7.313893407310388, -9.19248309122154
7.313903661422955, -13.442432648190856
7.313812758897939, -41.78976114864512
7.313812758897939, -42.50325654179037
7.313893407310388, -53.97881750731174
7.313893407310388, -56.98957957675611
11.087165206360623, -55.915511437308055
14.849282141570598, -54.84463498078053
16.173662858610783, -54.46764097797106
16.173662858610783, -59.07236772878446
16.173662858610783, -68.29080173707257
16.173662858610783, -89.2951403676195
14.849282141570598, -88.78402802825563
11.087165206360623, -87.33216906365479
9.917661771289204, -86.88082269884029
7.313893407310388, -85.87594932060057
7.313922741492547, -98.41424305233743
7.313922741492547, -103.0094590872597
7.313893407310388, -107.64456681112527
7.313893407310388, -109.29596795035816
20.040116154062844, -109.96503382041537
20.342784289088286, -109.98073992287432
20.342784289088286, -110.14068518029828
20.356266826217734, -122.87418550392799
20.626960017025795, -122.8884249214732
20.965424482776825, -122.90640816247053
38.52926907780545, -123.83542802207819
48.0632310003017, -124.34604838564245
48.061437813776024, -122.51658499155725
48.061437813776024, -120.6900556838954
48.061437813776024, -111.4680490999247
50.95083987164378, -111.62394203435537
78.62415366205119, -113.15337282199597
78.62415366205119, -107.35780593385127
78.62424945596172, -104.98078021091696
69.12650188587304, -104.47480298716815
52.60178545982035, -103.57200667372558
52.177387012218674, -103.5494181238495
51.03877516329828, -103.48856077777575
52.177387012218674, -103.17065510736555
52.60178545982035, -103.0521864585792
78.62424945596172, -95.78570409353158
78.62424945596172, -86.33347258185992
78.62415366205119, -81.12478469192041
64.03364834359888, -85.19905524467423
50.95083987164378, -88.8522820986878
41.77363844454828, -91.41496763812731
41.77363844454828, -77.96693558568316
41.77363844454828, -56.57159910785387
50.95083987164378, -60.1521309660585
78.62415366205119, -70.94898002230678
78.62415366205119, -59.454799112412715
78.6241621380384, -54.71325433050051
69.83357348490745, -51.28362176057716
53.08803053439203, -44.75023375140856
78.6241621380384, -46.13436787645394
78.6241621380384, -32.00961916193341
78.62415266633593, -23.602579157677916
70.02587202520124, -23.14133795023566
Holes:
Exterior:
-29.7993591212678, -15.028308134403387
-20.696989670607536, -17.025233382882256
-20.696989670607536, -5.3319249514104765
-20.694173694521396, -3.047924423250672
-23.3928834355562, -2.455850401375473
-27.168927473420467, -1.627446275822616
-20.694173694521396, -0.2069681283945599
-20.694173694521396, 6.16508078861346
-20.696989670607536, 13.770328361562262
-29.7993591212678, 11.77341558275816
-45.23163506246942, 8.387821993062602
-45.23460625172561, 5.591192221025015
-45.229470692803034, 2.5100098315678543
-45.229470692803034, -5.764902383213087
-45.23163506246942, -11.642714544707832
-29.7993591212678, -15.028308134403387
Holes:
Exterior:
146.82068084816603, 126.75399345657938
132.76384601561813, 125.88967956277665
120.61150964819888, 125.1645010718172
120.61151116811811, 124.24449114557791
120.61150964819888, 123.65126444052675
120.6062534672476, 121.79736882266751
120.60310924934765, 120.6943036720116
120.60603546793743, 104.0513953801965
137.56181894596284, 104.981576841334
139.5041971049252, 105.09279810904992
144.91676918466237, 105.40894380718608
145.94869573764072, 105.46829419373739
146.15485901285763, 105.48005666804427
146.2998141137491, 105.48896324893741
146.47910727113492, 105.49927514971556
146.71342093128555, 105.5138762377057
146.71281515493138, 106.05162741727618
146.82068084816603, 126.75399345657938
Holes:
Exterior:
146.82068084816615, -130.0089050153584
146.83258286555463, -119.41588133304604
146.71342093128555, -108.76873064237829
146.47910727113492, -108.75413066520312
146.15485901285763, -108.73491240036225
144.91676918466237, -108.66380604742243
139.5041971049252, -108.34773928786258
137.56181894596284, -108.2365075399519
120.60603546793743, -107.30635616488001
120.60310924934765, -123.94929455471114
120.6062534672476, -125.05236974953914
120.61151116811811, -127.49949541571488
120.61150964819888, -128.41950534196795
122.26251337703889, -128.52122689723765
146.82068084816615, -130.0089050153584
Holes:
Exterior:
-100.92446123689206, 92.52037541404798
-78.93948434440347, 93.57908088266667
-74.78461682144518, 93.78493835513936
-67.54269111938879, 94.14877529595837
-66.02274040634575, 94.22270366023133
-66.02277712965258, 99.70237613303807
-66.02276755550531, 102.28245015094284
-67.71915970514465, 102.19882319063306
-68.9021503333463, 102.14076002465444
-79.72599651135408, 101.59462493140875
-100.9243552754283, 100.5690186314485
-100.92446123689206, 97.59970353863967
-100.92446123689206, 92.52037541404798
Holes:
Exterior:
-100.92446123689206, -95.77529606752653
-100.9243552754283, -99.22043459391048
-100.9243552754283, -103.82393302173597
-79.72599651135408, -104.84954940206295
-68.9021503333463, -105.3957484441693
-66.02276755550531, -105.5374276318514
-66.02277712965258, -102.95734649991049
-66.02274040634575, -98.25847367475122
-66.02274040634575, -97.47759621187657
-74.78461682144518, -97.0398309067846
-78.93948434440347, -96.83398352157451
-89.41203667462435, -96.33625867719664
-100.92446123689206, -95.77529606752653
Holes:
Exterior:
-100.92445610950722, 33.46554305373364
-100.92437669784704, 25.518392511468612
-100.9243170196936, 10.944834732929312
-78.98427177470671, 12.056777322803724
-74.48008110082048, 12.287633435130344
-68.10506265644665, 12.616391904162734
-66.02264978330777, 12.7224438330658
-66.02264357008858, 14.708735621948797
-66.02269663672212, 35.241299623266045
-75.58986564147426, 34.74731195402639
-78.93803059475385, 34.57555697470319
-89.16297582905531, 34.06351426727047
-100.92445610950722, 33.46554305373364
Holes:
Exterior:
-100.92445610950722, -44.104430961292
-100.92443467629903, -52.769673341196835
-100.92441321709362, -60.27380360638208
-81.84086350857672, -67.63856993304918
-94.70371524845962, -71.29994957967718
-100.92441321709362, -73.07068134140778
-100.92442671564527, -78.49416489061186
-100.92442671564527, -87.79954434985581
-78.93803059475385, -81.54120208696688
-74.79508493080834, -80.36190679574943
-66.02269767602195, -77.86481218894276
-66.02270444817498, -73.7431235302021
-66.02270521967932, -63.13594127604855
-66.02269663672212, -59.62976543334618
-66.02269663672212, -57.57375946548082
-75.58986564147426, -53.881601926298664
-78.93803059475385, -52.58948576563675
-89.16297582905531, -48.643459055844296
-100.92445610950722, -44.104430961292
Holes:
Exterior:
-100.92445610950722, 40.84951175906998
-78.93803059475385, 49.3345831310695
-75.58986564147426, 50.62670937465342
-68.0703540080334, 53.52863095389434
-66.02269663672212, 54.31886691383558
-66.02270521967932, 59.88102247968499
-66.02270444817498, 70.48820962861583
-66.02269767602195, 73.17483818192837
-66.02269767602195, 74.60992707087287
-74.79508493080834, 77.10696242350544
-78.93803059475385, 78.28624332429833
-89.40887039182053, 81.26676514977365
-100.92442671564538, 84.54465179821057
-100.92441321709362, 76.35127442988595
-100.92441321709362, 69.81574634918509
-81.84086350857672, 64.38360108745863
-94.70371524845962, 59.419559560691404
-100.92441321709362, 57.01883476079153
-100.92443467629903, 49.514739903220786
-100.92445610950722, 40.84951175906998
Holes:
Exterior:
-100.92445610950722, -36.72046225595565
-89.16297582905531, -37.31844769369415
-78.93803059475385, -37.830525820293744
-78.9380326282195, -37.831540973265646
-75.58986564147426, -38.00226102123279
-68.0703540080334, -38.392039501198006
-66.02269663672212, -38.496192174911286
-66.02264357008858, -17.963628173594024
-66.02264978330777, -15.977336384711034
-74.48008110082048, -15.542575946692041
-78.98427177470671, -15.31174616839427
-86.78622729166614, -14.919444377755775
-100.9243170196936, -14.199738084728335
-100.92437669784704, -28.773311988885
-100.92445610950722, -36.72046225595565
Holes:
Exterior:
100.31050634733424, -114.36937773060687
100.31050634733424, -112.520673693724
100.31067991148257, -106.17301396008564
88.96383291433835, -105.54009368160392
87.50923117469142, -105.46140788630623
87.50923117469142, -112.43924006303172
87.50925031075792, -113.64203907271333
88.96383291433835, -113.72113715268199
100.31050634733424, -114.36937773060687
Holes:
Exterior:
100.31050634733424, 109.26581062506527
100.31050634733424, 111.11452332593429
88.96383291433835, 110.46621512323095
87.50925031075792, 110.38712226123623
87.50925031075792, 103.19424243660674
87.50923117469142, 102.20654785018837
88.96383291433835, 102.2852349423479
100.31067991148257, 102.91815046410858
100.31050634733424, 109.26581062506527
Holes:
Exterior:
-100.92440311431187, -3.3904298091743468
-100.92434700794252, -13.083812002019208
-78.96602121658236, -10.523851270726134
-74.60740196420932, -10.015703313991434
-68.18294236107795, -9.266701921336287
-66.02268303497203, -9.014851161128975
-66.02267960981953, -7.642867347535997
-66.02267960981953, 4.387906466009786
-66.02268303497203, 5.7598915935808
-74.60740196420932, 6.760734468400887
-78.96602121658236, 7.268882425135587
-86.74739426734368, 8.176085983584155
-100.92434700794252, 9.828908707872515
-100.92440311431187, 0.13551723159018758
-100.92440311431187, -3.3904298091743468
Holes:
Exterior:
120.58301044661312, -69.40821230555139
120.58301044661312, -69.99621213832985
120.58067998594913, -71.08294741105327
120.58189970468982, -84.22529263076062
120.58619795993718, -87.3207711507007
121.452492747326, -87.65876080686942
130.7654233160083, -91.29225787695823
130.74911248739318, -81.23032346786191
130.74850651160193, -75.04997521874913
130.76314922870222, -66.56552151081726
128.96686064548146, -67.06710008611437
120.58301044661312, -69.40821230555139
Holes:
Exterior:
120.58301044661312, 66.15331975390613
121.05265139651237, 66.0221811769594
130.76314922870222, 63.31062895917202
130.74850651160193, 71.7951267985143
130.74911248739318, 77.97544912756624
130.7654233160083, 88.03730674580487
121.452492747326, 84.40386825522418
120.58619795993718, 84.06587859905545
120.58619947959437, 82.91485373998718
120.58189970468982, 80.97041461736126
120.58067998594913, 67.82806357124355
120.58301044661312, 66.15331975390613
Holes:
Exterior:
-128.27056464924704, 32.079469424406255
-129.78286615757406, 32.003790341480396
-132.49911239753408, 31.86753046699177
-132.49859790566234, 19.320024607348646
-132.50060958184633, 11.295154513028312
-132.50247069697878, 10.467623059144398
-132.50396358401986, 9.358342764851356
-131.73374143735896, 9.394284637272678
-131.20569376443427, 9.420283626267297
-121.3672848212766, 9.915219491238679
-118.43355372616952, 10.062213610424445
-118.43027812351897, -0.3546077153337104
-118.42991471842834, -1.2735051374930444
-115.39402512967047, -1.627446275822617
-116.96639943673517, -1.8107529122624018
-118.42991471842834, -1.9813874141521894
-118.43225160668408, -9.774163867882692
-118.43355372616952, -13.31710616206968
-130.6230152017, -12.70424847954869
-131.20569376443427, -12.675176177912531
-131.73374143735896, -12.649177188917912
-132.50396358401986, -12.61323531649659
-132.50060958184633, -14.550053635398708
-132.49859790566234, -22.57491715899388
-132.49911239753408, -35.12242301863701
-129.78286615757406, -35.25871235624078
-122.96085862576422, -35.600072008244496
-119.34817959808402, -35.78498108519678
-116.03706310563894, -35.94952408404983
-109.63353600810171, -36.272717602721166
-109.631372001964, -16.751404776511134
-109.631436499693, -12.54225952456705
-109.63111201884249, -10.657594563841418
-109.63561186385118, -2.329053253192015
-109.63561186385118, -0.9258472680900378
-109.63111201884249, 7.402702012196183
-109.631436499693, 9.287366972921816
-109.631372001964, 13.4965122248659
-109.63353600810171, 33.01778510537876
-113.52326037537341, 32.82821458646674
-119.34817959808402, 32.53008358548954
-122.96085862576422, 32.345179456599254
-128.27056464924704, 32.079469424406255
Holes:
Exterior:
100.31066746085844, 1.9773834428323953
100.31067991148257, 5.685885683592193
100.31070460752471, 9.01715657303988
89.06315918006203, 11.484628653310601
87.50924773072506, 11.825532617723304
87.50924735981516, 1.688182891923303
87.50924735981516, -4.943075443568533
87.50925031075792, -13.384236840298653
87.50924773072506, -15.080425169368532
96.2275708957959, -13.167819321344469
100.31070460752471, -12.272049124685108
100.31066746085844, -5.232275994477625
100.31066746085844, 1.9773834428323953
Holes:
Exterior:
100.31068523044894, -74.60275473681028
100.31070095705445, -63.17438441515037
89.01951709812545, -58.76904230190666
87.50924487158011, -58.17980374742828
87.50924487158011, -71.8981747686834
87.50925031075792, -74.41553722581396
93.82564039767328, -76.87990294086168
88.96383291433835, -78.23750314074495
87.50925031075792, -78.64369943516678
87.50925031075792, -91.52564382886966
87.50923117469142, -93.30469760093314
96.507114912529, -90.79215560708386
100.31067991148257, -89.73006267415253
100.31068523044894, -79.41010777257706
100.31068523044894, -74.60275473681028
Holes:
Exterior:
100.31067991148257, 86.47511201117096
88.96383291433835, 89.64356029613096
87.50923117469142, 90.04974001823314
87.50923117469142, 77.55317744063667
87.50925031075792, 75.38886466127911
93.82564039767328, 73.62508668316175
88.96383291433835, 71.72823829691097
87.50925031075792, 71.16071171002017
87.50925031075792, 56.89508030655786
87.50924487158011, 54.92491119578303
96.35075212429342, 58.37444619828751
100.31070095705445, 59.91943434698874
100.31068523044894, 71.34789329849481
100.31068523044894, 76.15524633426159
100.31067991148257, 82.9810873235362
100.31067991148257, 86.47511201117096
Holes:
Exterior:
100.31070095705445, 44.06621444958204
89.01951709812545, 43.4429344174209
87.50924487158011, 43.361073180201586
87.50924487158011, 24.321736662527574
87.50924773072506, 20.828511637042787
89.06315918006203, 20.912602973758926
100.31070460752471, 21.532105235636323
100.31070460752471, 38.38475165055198
100.31070095705445, 44.06621444958204
Holes:
Exterior:
100.31070095705445, -30.33210845457072
100.31070460752471, -24.78705484198255
89.06315918006203, -24.16749552540416
87.50924773072506, -24.08340418868802
87.50924773072506, -42.988847187400644
87.50924487158011, -46.61596573184683
96.35075212429342, -47.105521426890284
100.31070095705445, -47.32110700122728
100.31070095705445, -30.33210845457072
Holes:
Exterior:
146.69684178035118, -49.8803979844839
146.69628116481863, -31.17759686517873
146.69702082890035, -27.341505506293213
145.71301140140895, -27.285952112835314
145.62813212698848, -27.281019678712333
145.24265942511272, -27.259419294342536
120.62902602704128, -25.919618132255856
120.62955439778341, -28.146814075442776
120.62713862746557, -48.45480374852413
144.47170325848288, -49.75622809286985
146.69684178035118, -49.8803979844839
Holes:
Exterior:
146.69684178035118, 46.62549048868522
144.47170325848288, 46.501335541224606
120.62713862746557, 45.19991119687889
120.62955439778341, 24.891852767201854
120.62902602704128, 22.66465508199625
121.56596823591724, 22.71650164466264
145.62813212698848, 24.026127127067106
146.69702082890035, 24.086612954647986
146.69628116481863, 27.92269132834421
146.69684178035118, 46.62549048868522
Holes:
Exterior:
-45.253177345311656, -21.567325624843036
-45.270626190936696, -39.60200034852408
-29.83352085742274, -40.383230646128354
-20.700941693883692, -40.84577272023691
-20.700941693883692, -22.162785759570607
-20.700942148577383, -18.32396873466607
-29.816662565620618, -17.855684300223917
-45.248149708226265, -17.062952792282722
-45.253177345311656, -21.567325624843036
Holes:
Exterior:
130.76386554249746, 10.582149198270438
121.5130078099454, 7.533486852064364
120.58572623549878, 7.227907167840167
120.58181843445061, 4.33583392472462
120.58181843445061, -7.5907264763698485
120.58572623549878, -10.482799719485394
121.5130078099454, -10.78837940370959
130.76386554249746, -13.837041749915665
130.7491457560891, -4.438550306411814
130.7567585496139, -1.6274462758226147
130.7491457560891, 1.1836577547665845
130.76386554249746, 10.582149198270438
Holes:
Exterior:
-29.816662565620618, 14.60079174857869
-20.700942148577383, 15.069076183020844
-20.700941693883692, 18.907880201730567
-20.700941693883692, 37.590867162396854
-30.970151547302862, 37.072024675889985
-45.270626190936696, 36.34704672666112
-45.263670929256136, 29.849586247129224
-45.248149708226265, 13.808060240637491
-29.816662565620618, 14.60079174857869
Holes:
Exterior:
-16.263243289821844, 0.7650853755948384
-6.625560328950655, 2.8794379592584574
-6.625594071612795, 13.816049910941347
-6.625569886490439, 22.893287022286415
-6.6255223586641705, 29.278444967077256
-6.6255223586641705, 38.32447590427622
-16.394624201084298, 37.80973465783262
-19.50359297882528, 37.64941677445973
-19.50359297882528, 18.372342185899296
-19.503592240221565, 15.127518945315597
-12.965741438264217, 15.466441053278949
-16.394624201084298, 14.714188040886125
-19.503592240221565, 14.032140745165714
-19.503573335915462, 7.5979979054928375
-19.503573335915462, 0.054234358907941926
-16.263243289821844, 0.7650853755948384
Holes:
Exterior:
-31.48375499255212, 83.81753223225289
-45.234293918789376, 78.51087516908152
-45.2346560153112, 75.27680913538325
-45.22811141837019, 69.12403073429303
-45.22763923616378, 62.34418643453847
-45.23352686600015, 53.963419099916784
-30.07234903898552, 49.64775836935906
-20.696773406808916, 46.97899169223365
-20.696773406808916, 59.164039935776685
-20.69492171708987, 61.70735953532918
-26.176138764353823, 63.26755351840228
-35.76359300076422, 65.9966076792555
-20.69492171708987, 71.81190573478814
-20.69492171708987, 82.4992979086819
-20.696942305777725, 87.98039651122775
-31.48375499255212, 83.81753223225289
Holes:
Exterior:
-132.51801046526975, -94.25986359511109
-132.51355306985283, -97.5746403281134
-132.60779761458627, -115.23818657283589
-113.96371591769298, -116.04280886491051
-109.63695214745758, -116.24988045152763
-109.63695214745758, -108.36398065937449
-109.65079357079787, -101.51630791900615
-109.65079357079787, -95.35680865594259
-113.96802517952005, -95.14272191734976
-119.69566622395587, -94.86205576180281
-126.80914804132203, -94.53259281259395
-132.51801046526975, -94.25986359511109
Holes:
Exterior:
-132.51801046526975, 91.00494684958211
-126.80914804132203, 91.27760960033368
-122.02333551260722, 91.51058348847212
-119.69566622395587, 91.6071495588603
-117.43400610549475, 91.71922088833934
-109.65079357079787, 92.10190717751513
-109.65079357079787, 98.26137722038825
-109.65079357079787, 108.11100667299293
-109.63695214745758, 112.99495586346048
-113.96371591769298, 112.78784722721542
-118.11180494867176, 112.61062947288771
-132.60779761458627, 111.98325587421799
-132.62407728305652, 99.89119444751172
-132.51801046526975, 91.00494684958211
Holes:
Exterior:
-117.69926116615693, 34.37575056015578
-109.64236821076315, 37.48509028925249
-109.63699312752738, 42.72639714324593
-109.63785949219437, 53.6561220214816
-112.22302619237144, 52.65844868747978
-118.43996052920079, 50.259249728479574
-118.43217254074443, 35.87368070792901
-118.43427185687426, 34.09209874349505
-117.69926116615693, 34.37575056015578
Holes:
Exterior:
-20.696942305777725, -77.7308957457629
-20.69492171708987, -75.06684871435988
-26.176138764353823, -72.95148263649942
-35.76359300076422, -69.25150023090075
-20.69492171708987, -64.96225208697442
-20.69492171708987, -55.2268887373889
-20.696773406808916, -50.23388424387889
-30.8619921564416, -53.12745969992856
-45.23352686600015, -57.218311651562026
-45.23352686600015, -60.054194264448974
-45.22763923616378, -65.59907898618371
-45.22811141837019, -72.37895527709054
-45.234293918789376, -81.76582817043759
-29.80020979451774, -87.72215706963225
-20.696942305777725, -91.235289062873
-20.696942305777725, -77.7308957457629
Holes:
Exterior:
-109.64397774007989, -53.123492076498565
-109.64236821076315, -40.73998284089773
-111.50868341912337, -40.019743333863886
-118.43427185687426, -37.346991295140285
-118.43217254074443, -39.1285816620881
-118.43996052920079, -53.5141119687554
-115.25041922780031, -54.7450314641633
-109.63785949219437, -56.911090867072154
-109.64397774007989, -53.123492076498565
Holes:
Exterior:
-18.125030819109497, 88.97295145794767
-19.50359582457395, 88.44093411495538
-19.50359582457395, 74.52514921800488
-19.503601710447015, 72.27165966980517
-14.142608130383906, 74.34058413647755
-6.625560328950655, 77.24153757114526
-6.625562908580946, 87.6488536136852
-6.625562908580946, 93.41082048169463
-16.394624201084298, 89.64074487800596
-18.125030819109497, 88.97295145794767
Holes:
Exterior:
-9.454978920704662, 97.07944438788691
-6.625562908580946, 97.2169963459765
-6.625560328950655, 101.06433462126711
-6.625560328950655, 105.31399584737883
-9.468295018983667, 105.16766639428884
-16.394624201084298, 104.79866816505552
-19.022447210927453, 104.67132734825117
-19.503592240221565, 104.64209910994344
-19.503591416632503, 103.51909714253537
-19.503591416632503, 96.55794042726545
-9.454978920704662, 97.07944438788691
Holes:
Exterior:
-117.42997009555825, -92.49781006124394
-109.64344726078389, -90.28137316988246
-109.63785949219437, -85.07056931953133
-109.63785949219437, -75.55095422774451
-112.22302619237144, -76.28681908197933
-118.43996052920079, -78.0564144068981
-118.43349475100194, -90.58647141649237
-118.43620142546354, -92.78423485915242
-117.42997009555825, -92.49781006124394
Holes:
Exterior:
-109.63785949219437, 72.29603469278773
-109.64344726078389, 75.74567334224486
-109.64344726078389, 87.02648061823722
-111.7115243138436, 87.61516090490015
-118.43620142546354, 89.52934230750718
-118.43349475100194, 87.33156748460108
-118.43996052920079, 74.80149886396491
-115.25041922780031, 73.89359899929853
-109.63785949219437, 72.29603469278773
Holes:
Exterior:
-10.039907768581088, 43.94556865601358
-6.6255223586641705, 42.97365590883034
-6.625560328950655, 49.95483413756157
-6.625560328950655, 57.7025969125566
-16.394624201084298, 60.4833127391762
-19.5036017104469, 61.368254180177445
-19.503601710447015, 50.863218912480306
-19.503596224168632, 46.63935265247075
-10.039907768581088, 43.94556865601358
Holes:
Exterior:
-6.625594071612795, -17.07095906261215
-6.625560328950655, -13.487106117322728
-6.625560328950655, -6.134366672437125
-16.394624201084298, -3.9911905778829158
-19.503573335915462, -3.309126910553174
-19.503573335915462, -10.852890457138066
-19.503592240221565, -17.28704384166356
-12.965741438264217, -18.721333604924176
-16.394624201084298, -18.542452030653592
-19.503592240221565, -18.382411496960824
-19.50359297882528, -21.627234737544523
-19.50359297882528, -40.90430932610497
-10.00039813773867, -41.40790179745863
-6.6255223586641705, -41.57936845592146
-6.625569886490439, -26.148179573931642
-6.625594071612795, -17.07095906261215
Holes:
Exterior:
-6.625562908580946, -103.35080607759467
-6.625562908580946, -100.47191608517478
-16.394624201084298, -99.96793662073985
-19.503591416632503, -99.81287643999882
-19.503591416632503, -106.77396748955437
-19.503592240221565, -107.89696933189497
-16.394624201084298, -108.05353177903486
-6.625560328950655, -108.56888839902408
-6.625562908580946, -103.35080607759467
Holes:
Exterior:
-6.625562908580946, -96.66568584578681
-6.625560328950655, -89.00181256920744
-6.625560328950655, -80.49638999037862
-16.394624201084298, -76.72639588051014
-19.5036017104469, -75.52660663617817
-19.503601710447015, -87.05888313452765
-19.50359582457395, -91.69582666660062
-9.456138977879618, -95.57334262791606
-6.625562908580946, -96.66568584578681
Holes:
Exterior:
-6.625560328950655, -60.95745330266841
-6.6255223586641705, -52.144675370536724
-6.6255223586641705, -46.22857910524992
-16.394624201084298, -49.00929609713025
-19.503596224168632, -49.89424520411599
-19.5036017104469, -54.11811146412555
-19.5036017104469, -64.62314673182269
-14.142608130383906, -63.097120451982825
-6.625560328950655, -60.95745330266841
Holes:
Exterior:
-29.818576301024336, -99.30633004482573
-45.254773858511726, -98.5470801061361
-45.24522383468434, -106.92404015040435
-45.2428099917189, -119.46795841253123
-29.815586126156973, -120.25150093405455
-20.700944928029685, -120.71059084061282
-20.700944928029685, -109.93480540783128
-20.70094878253485, -106.51314612731625
-20.70094878253485, -99.75818080413426
-29.818576301024336, -99.30633004482573
Holes:
Exterior:
-29.818576301024336, 96.05138517797056
-20.70094878253485, 96.5032438191831
-20.70094878253485, 103.2582728636439
-20.700944928029685, 106.67993859411294
-20.700944928029685, 117.4556920844447
-29.815586126156973, 116.99662254832327
-45.2428099917189, 116.21305816194759
-45.25158417425769, 111.87644852941857
-45.254773858511726, 95.29212708556926
-29.818576301024336, 96.05138517797056
Holes:
