Exterior:
-7.911965011680877, -199.4040058443057
-3.1919769755576226, -199.4040058443057
-3.1919769755576226, -199.42022185922835
-3.1919769755576226, -199.56480060033286
-3.1919769755576226, -199.8912089663255
-3.1919769755576226, -200.45986893115054
-3.1919769755576226, -201.37142034080352
-3.1919769755576226, -202.800281149011
-3.1919769755576226, -205.0611067652542
-3.1919769755576226, -208.27481287123425
1.4833082588775142, -206.77475585111173
3.6695084767130766, -206.0733173677432
6.337339388493774, -205.3626944672975
11.178968925931827, -204.07304270954006
11.315450801986003, -204.04379880547526
11.5881758202313, -203.98536215073244
11.5881758202313, -202.1297073215658
11.5881758202313, -200.86682294803268
11.5881758202313, -200.0789883006102
11.5881758202313, -199.62677461256428
11.5881758202313, -199.42647188585855
11.5881758202313, -199.4040058443057
16.063063387454463, -199.4040058443057
18.92054890600423, -199.4040058443057
18.92054890600423, -199.42957249839495
18.92054890600423, -199.65751966544576
18.92054890600423, -200.17214485695956
18.92054890600423, -201.0687111640587
18.92054890600423, -202.4307423936193
23.696096973701742, -201.63564223466648
25.940321464994327, -201.261992294501
28.72390263480338, -200.92265102620664
33.37394573257245, -200.35577281207912
33.77190789573535, -200.32406045182708
34.592327994894276, -200.25868373979054
34.592327994894276, -199.72323231688873
34.592327994894276, -199.4361995636223
34.592327994894276, -199.4040058443057
41.004734795666536, -199.4040058443057
41.92461298400758, -199.4040058443057
41.92461298400758, -199.4393001389056
41.92461298400758, -199.71292140986486
46.44338165734007, -199.53632424232092
48.85108806655683, -199.44222911090725
50.52217147044621, -199.42624017264384
52.84599163100995, -199.4040058443057
52.84599163100995, -197.47665016601974
52.84599163100995, -194.91372651708156
52.84599163100995, -191.94179084124622
52.84599163100995, -191.01635954045042
52.84599163100995, -189.70702782826163
52.84599163100995, -189.2337013175879
52.84599163100995, -188.4987090043249
52.84599163100995, -188.21190334840665
52.84599163100995, -184.445586044501
57.308232270897406, -184.99915049171494
59.712522140767874, -185.29741530981102
65.6459794239787, -186.03349192829006
65.6459794239787, -175.8555116282846
65.6459794239787, -162.35523149310265
65.6459794239787, -155.35172923297756
65.6459794239787, -150.00664879452648
65.6459794239787, -147.46551840169573
65.6459794239787, -86.25405772418847
65.6459794239787, -81.5181620594297
65.6459794239787, -44.75892527789941
65.6459794239787, 32.56141924581398
65.6459794239787, 69.32065602734428
65.6459794239787, 79.28226340792776
65.6459794239787, 140.49375787864196
65.6459794239787, 155.9905115731979
65.6459794239787, 160.72640723795664
65.6459794239787, 168.6126224230041
65.6459794239787, 173.6195661222786
65.6459794239787, 183.79751698284275
59.71252214076776, 183.06147573055878
57.308232270897406, 182.76322524316075
52.84599163100995, 182.209687392999
52.84599163100995, 185.9759854871746
52.84599163100995, 186.26278968026887
52.84599163100995, 186.99777824477604
52.84599163100995, 187.47110234129457
52.84599163100995, 188.7804273753661
52.84599163100995, 189.70585395609075
52.84599163100995, 192.67777447386123
52.84599163100995, 195.24068505086004
52.84599163100995, 197.16803089885838
51.41668478137137, 197.18174746224295
48.85108806655683, 197.2063686063779
41.92461298400758, 197.47696025128286
41.92461298400758, 197.20343086499898
41.92461298400758, 197.16803089885838
35.908131566051, 197.16803089885838
34.592327994894276, 197.16803089885838
34.592327994894276, 197.20032100655615
34.592327994894276, 197.48725737144142
34.592327994894276, 198.02270879434323
33.37394573257245, 198.1197978666318
32.27454955116639, 198.25383451953454
25.940321464994327, 199.026093642999
18.92054890600423, 200.1947710224745
18.92054890600423, 198.8328045759111
18.92054890600423, 197.93616991151225
18.92054890600423, 197.42154471999845
18.92054890600423, 197.19367409981615
18.92054890600423, 197.16803089885838
14.562252022205598, 197.16803089885838
11.5881758202313, 197.16803089885838
11.5881758202313, 197.1905642040087
11.5881758202313, 197.39079966711697
11.5881758202313, 197.8430133551629
11.5881758202313, 198.63090806980927
11.5881758202313, 199.8937323761185
11.5881758202313, 201.7494592783399
11.178968925931827, 201.83714405803806
10.75632375793225, 201.94972076072457
3.6695084767130766, 203.83738056926853
-3.1919769755576226, 206.0388760727596
-3.1919769755576226, 202.82516417716093
-3.1919769755576226, 200.5643617000718
-3.1919769755576226, 199.13544539535621
-3.1919769755576226, 198.2239373422953
-3.1919769755576226, 197.6552340208782
-3.1919769755576226, 197.32882565488555
-3.1919769755576226, 197.18429546472393
-3.1919769755576226, 197.16803089885838
-5.956288921047644, 197.16803089885838
-10.524350061330551, 197.16803089885838
-10.524350061330551, 197.18118556891648
-10.524350061330551, 197.29808060200403
-10.524350061330551, 197.56207746452884
-10.524350061330551, 198.0220408361935
-10.524350061330551, 198.7592623392096
-10.524350061330551, 199.91496011095086
-10.524350061330551, 201.7434817510892
-10.524350061330551, 204.36499300287994
-10.524350061330551, 208.6591540414544
-10.524350061330551, 208.82242874053796
-17.658311347505673, 211.98050038128025
-25.304502857119473, 215.92890306386906
-25.304502857119473, 207.23796609723607
-25.304502857119473, 203.18316302443205
-25.304502857119473, 200.93534567055062
-25.304502857119473, 199.56309194456392
-25.304502857119473, 198.60593578816247
-25.304502857119473, 198.0009753584473
-25.304502857119473, 197.61507010867953
-25.304502857119473, 197.37429813024414
-25.304502857119473, 197.23610658977262
-25.304502857119473, 197.1749168296317
-25.304502857119473, 197.16803089885838
-26.474816816701377, 197.16803089885838
-32.636787846232664, 197.16803089885838
-32.636787846232664, 197.1718069711889
-32.636787846232664, 197.20536190628536
-32.636787846232664, 197.2811426931479
-32.636787846232664, 197.41317602831458
-32.636787846232664, 197.62479682204764
-32.636787846232664, 197.95654200144193
-32.636787846232664, 198.48142251464057
-32.636787846232664, 199.23393216013307
-32.636787846232664, 200.4665790154987
-32.636787846232664, 202.69013167567726
-32.636787846232664, 207.4862929816862
-32.636787846232664, 220.34510171231219
-33.46519611313067, 220.84436909465916
-34.46274986935737, 221.54483683460222
-41.53984210922442, 226.51426808147556
-42.74482493053745, 226.51426808147556
-43.634383811557655, 226.51426808147556
-45.196278820335465, 226.51426808147556
-45.87530052770035, 226.51426808147556
-47.08768077314858, 226.51426808147556
-47.62294045888518, 226.51426808147556
-48.64546026338178, 226.51426808147556
-49.07471306019795, 226.51426808147556
-49.85982737944437, 226.51426808147556
-50.214308361424855, 226.51426808147556
-50.86827911806506, 226.51426808147556
-51.16595122250715, 226.51426808147556
-51.719093320414686, 226.51426808147556
-61.75407550766192, 226.51426808147556
-61.75407550766192, 219.80217269055348
-61.75407550766192, 216.83271900920994
-61.93634574361249, 216.8559261806572
-62.01664500273773, 216.86655928767655
-62.269094876384656, 216.89370834303534
-62.58290118807531, 216.93363251083719
-62.91180730541896, 216.96903525427925
-62.92318825692735, 216.97026144342598
-63.18077923699525, 216.99546584264633
-63.93752387705479, 217.0694604465837
-63.963939710155046, 217.07204303920082
-64.28050572465781, 217.0926853295613
-64.55727311199053, 217.1107226859842
-64.87851201722913, 217.14214200171963
-65.28833354320034, 217.16500499945727
-65.93675668611286, 217.20112360034727
-66.30591188961944, 217.20991498211927
-66.41810121550634, 217.21615883298958
-66.62877426283569, 217.22793484719196
-67.1795805322472, 217.2358845896652
-67.3986092193552, 217.24108456475335
-67.92402996357976, 217.24861454836207
-68.02177074134454, 217.24691422543515
-68.34181364786264, 217.251557388925
-68.65500516099871, 217.2461326611518
-69.33076318065241, 217.22802739578827
-69.49941719398362, 217.2250976547188
-69.91251599620944, 217.21406586237435
-70.05210860826708, 217.2058954592794
-70.36688156104697, 217.19746275463734
-70.67102946246439, 217.17960928857323
-71.45495947502172, 217.126123291321
-71.57874967007626, 217.11885367355657
-71.88848191233205, 217.09769147665608
-72.06289757998798, 217.08010428994652
-72.37165448292762, 217.0590965570386
-72.66557469588804, 217.02943752920743
-73.54117475258045, 216.9325353687389
-73.62480798751972, 216.9241048369267
-73.83858567152095, 216.90045198763963
-74.14106945145897, 216.8670057661147
-74.34363044646295, 216.8377440527757
-74.56667548425446, 216.80332129588848
-75.2964219310528, 216.69060048504156
-75.62538129514087, 216.64308238191978
-75.74948024612763, 216.62389672874787
-75.97526615854258, 216.58093736649127
-76.26988154871503, 216.5354833309297
-76.57277136714072, 216.47475184078326
-77.28470764288193, 216.3320570581025
-77.56880559073534, 216.27805010806674
-77.60900769152795, 216.2700255828834
-77.852815314277, 216.21177259903195
-78.1363781887128, 216.1549983991131
-78.51127765609942, 216.06138524686156
-78.63965836206751, 216.03072102922883
-78.98437001029231, 215.9447904959562
-79.09783424906072, 215.91765399077283
-79.4039680527701, 215.8412541324431
-79.53974982806119, 215.80168589429746
-79.66154211037781, 215.76616750234786
-79.78317411351668, 215.7307094458759
-79.86331580376122, 215.70733995162192
-79.90208803703297, 215.6976801521991
-80.13245492697729, 215.64023185194924
-80.57221025603906, 215.50715735480608
-80.90367998737611, 215.40692643092967
-81.12307757105373, 215.34063203559725
-81.39038286020309, 215.24721098175456
-81.55292440890366, 215.19040659393858
-81.80036609799345, 215.1155271205422
-82.30286415718842, 214.93415752074046
-82.75429563733496, 214.77125486279013
-82.81532120456075, 214.7459524166432
-83.03622139652293, 214.66633251753035
-83.24831309970511, 214.57838750001324
-83.80944482971347, 214.33907504561532
-83.9338222827821, 214.28750698826923
-84.28715888579416, 214.13692072853632
-84.36757332154616, 214.0975761037033
-84.5561151644115, 214.01721892496494
-84.75153992935407, 213.92162349837236
-85.36553199017567, 213.61368986521293
-85.4543090628539, 213.57026394866114
-85.71055107728512, 213.44177039265435
-85.80751390520095, 213.38584098103064
-85.96154154562998, 213.30863592365188
-86.13976257135846, 213.20581465564445
-86.19508913946356, 213.17390854599492
-86.33471788145755, 213.09147142064302
-86.85306753276609, 212.7855540172906
-87.01470318857491, 212.690266027286
-87.12521666348448, 212.61475167588952
-87.30964813103378, 212.48879920274987
-87.42962748925288, 212.41808793502756
-87.64607612787574, 212.2671080463873
-88.12010990044689, 211.93660059865812
-88.19068614410878, 211.8875917967057
-88.31159750857444, 211.78893725424416
-88.44897123192436, 211.6767894039878
-88.53915908655006, 211.61383564792584
-88.81917966305161, 211.38095937295427
-89.23018044665673, 211.03909496008637
-89.2344717823612, 211.03485062213124
-89.2491845639097, 211.02246535928253
-89.37212872152963, 210.90072348126216
-89.46579237705407, 210.80797856088535
-89.5192975239828, 210.76361764733284
-89.84205766053981, 210.4361367389931
-90.12393109103539, 210.1501110071962
-90.21430152535686, 210.05821098494
-90.24131916000567, 210.02790943889747
-90.62442717245983, 210.08650592837995
-90.69974269659838, 210.09803099988258
-91.20284682304532, 210.18149579957853
-91.89066832119124, 210.27525380447352
-92.12835307800674, 210.30765143110187
-92.4345824217479, 210.34167939834788
-93.14288199920315, 210.4383054820035
-93.3678567959629, 210.46332571929813
-93.62369852068502, 210.48714502458182
-94.35171288362915, 210.55499314053603
-94.50416521606235, 210.56535214943628
-94.99593844687422, 210.61116245809436
-95.37157469625527, 210.63668200373817
-95.56823698268522, 210.654985560508
-96.60298919666445, 210.7081034164233
-96.60885920507064, 210.70839677835932
-96.97716990193464, 210.71784661094594
-97.63705662241398, 210.75174108097852
-97.79031366576851, 210.75567873819352
-98.36195707346724, 210.7615761834385
-98.88345439540012, 210.76684396464222
-99.09365943991315, 210.76342043458573
-99.71939532463557, 210.76988155997563
-100.01936153254508, 210.7650123505883
-101.16016762008007, 210.73001809423906
-101.21717195567703, 210.7266853857426
-101.41984086062087, 210.7204695393299
-101.76936853232985, 210.7000440265239
-101.85926837988268, 210.69479538763
-102.2397684981878, 210.68317108537124
-103.10113132077402, 210.62130321001493
-103.42251947134002, 210.59816061293083
-103.95824740155365, 210.55967728361566
-104.20822636422315, 210.5343546199785
-104.59225523962675, 210.4906120175939
-104.81927976318332, 210.4676065008904
-105.65518715179712, 210.3723212109084
-105.75956776804037, 210.3570941640224
-106.23907364054946, 210.3024937816668
-106.5924800386299, 210.25094829771595
-107.72574117148622, 210.07239893264517
-107.84248588316632, 210.05395854490789
-108.12199936524337, 210.00013357978548
-108.53829336112665, 209.93454804606208
-109.20683523860521, 209.79860680890982
-109.36219948511678, 209.76869883689903
-109.9687444004137, 209.64530507078484
-110.32001442691069, 209.57385569821957
-110.46364474325173, 209.53904480372017
-110.69352941516013, 209.48111915084874
-110.95945014281222, 209.41667963800762
-112.0194996831583, 209.1491458037204
-112.04347393225544, 209.14204026191624
-112.14518573988425, 209.11636680564624
-112.42072620932993, 209.03470575185816
-112.60328044135633, 208.98872422986335
-113.54904085051601, 208.69965779846416
-113.63291819031417, 208.67479956268767
-113.97998287374264, 208.56879824505714
-114.15841762655543, 208.50523437862248
-114.33613206521136, 208.44194174959154
-114.56076343224095, 208.3733540569875
-115.0904866682663, 208.18021093727623
-115.83653246389599, 207.9084655250625
-115.90905225458368, 207.8777687193329
-116.08507568342202, 207.8136231717142
-117.23741723402918, 207.31681635396026
-117.4887145485194, 207.21041311462113
-117.57626232391203, 207.17273176259704
-117.7693809936012, 207.0759590801187
-117.90502077989345, 207.01741297104658
-118.62760532745006, 206.65023781669606
-118.73018758727017, 206.59887014380905
-119.18660135120831, 206.3667907828041
-119.28242515536374, 206.30995997735144
-119.45208691328094, 206.2093729832006
-119.54906023529077, 206.16025778383096
-119.89073554857487, 205.95544335389351
-120.65695603138215, 205.4962622918217
-120.83812218498531, 205.36851317282643
-120.89105618945302, 205.3312048466244
-120.9516296222339, 205.29492886117785
-121.73130838862403, 204.7413042796001
-121.97631256959198, 204.56723436007047
-122.07313079838957, 204.4851612676239
-122.17870698853983, 204.39571793543038
-122.2070955304655, 204.37562972265204
-122.63721328494091, 204.01006049788248
-123.1359641393226, 203.58635510252802
-123.16704145386734, 203.55414528033947
-123.2871175464237, 203.42965295041898
-123.30648265501202, 203.40950047781357
-123.30698675637814, 203.40909113981624
-123.45575522644094, 203.25547014378137
-124.03403359356287, 202.6575217967092
-124.10539833691405, 202.58346863584296
-124.12412969834713, 202.5595796901252
-124.2061033231231, 202.45257025414386
-124.60893812941526, 201.93203369639744
-124.84988189908597, 201.62058380455383
-124.90627457676283, 201.54693655185773
-124.93696728126554, 201.49512615831298
-124.96857127099156, 201.4405005517266
-125.12764269410104, 201.17167049820256
-125.4591510202207, 200.6125188204686
-125.533918360455, 200.48335957663568
-125.56872674638942, 200.40043425227634
-125.56898210602174, 200.399808611141
-125.57025260190721, 200.3967593722664
-125.62343173857016, 200.26414752490518
-125.8999395996824, 199.60494218619013
-125.96429531645435, 199.45264032166776
-125.98573473737622, 199.3992589821295
-126.0147335314067, 199.2832930960798
-126.03316023962373, 199.20312503176535
-126.1349255455666, 198.80172582372097
-126.23445358463039, 198.40848318054563
-126.25915912678272, 198.30063992926063
-126.27188692207551, 198.15143416425926
-126.2738603819987, 198.12454501887623
-126.28557045896457, 197.98930319695737
-126.29543500094508, 197.853125071586
-126.35399005844317, 197.1680308988584
-126.35399005844317, 179.17493452576758
-126.35399005844317, 176.7150737455381
-130.82026658867403, 176.7150737455381
-164.75364826156817, 176.7150737455381
-164.75364826156817, 176.27031404833667
-164.75364826156817, 170.1132442167295
-165.0607446701522, 170.08602387516856
-165.13911189551413, 170.07907757888535
-165.94676449570932, 170.00748905155197
-166.98759847084182, 169.91592938225173
-167.63455542990698, 169.8590260109325
-169.21318406279113, 169.7266741982801
-170.40636313545008, 169.6300073819761
-170.38771025349388, 149.59383355984926
-170.38771025349388, 96.37665535316904
-170.38771025349388, 76.31486280544085
-170.38771025349388, 55.81165075453654
-170.38771025349388, -1.1179493257509747
-170.38771025349388, -58.04761656455171
-170.38771025349388, -78.55083318317206
-170.38771025349388, -98.61255857238703
-170.38771025349388, -151.82977035832386
-170.39674485621742, -170.14190203816764
-170.40636313545008, -171.86593952691763
-167.63455542990698, -172.09496722391393
-166.98759847084182, -172.1518607325988
-165.94676449570932, -172.24341162797637
-165.13911189551413, -172.31500978259962
-165.0607446701522, -172.32195701302703
-164.75364826156817, -172.3491810152041
-164.75364826156817, -178.50621526976803
-164.75364826156817, -178.95097239704003
-163.32675632292364, -178.95097239704003
-126.35399005844317, -178.95097239704003
-126.35399005844317, -195.83192086918862
-126.35399005844317, -199.40400584430566
-126.34236187922147, -199.5400429018746
-126.29271011742503, -200.22541216309466
-126.29038283382306, -200.2522891305632
-126.28045378616275, -200.38753678871564
-126.27792370309987, -200.417188530541
-126.15372361885056, -200.95937016428593
-126.13390662549625, -201.03768809528222
-126.1136227966939, -201.11768271167716
-126.02124965412963, -201.51961169916302
-126.01546116250711, -201.54276516415703
-125.90812384334811, -201.80997034763683
-125.89525982721693, -201.84041482431817
-125.83988999884366, -201.97242918708278
-125.57492241077671, -202.63318476285934
-125.57466706225978, -202.63379758952385
-125.57339650848144, -202.63684686994628
-125.5663992042322, -202.65350989244232
-125.19522509737408, -203.29476174538823
-125.12825002165584, -203.4077338232005
-125.09602974276277, -203.46216644752363
-124.94020232324101, -203.73149857488932
-124.93397125247282, -203.7420294767787
-124.65662235368018, -204.10424785530148
-124.6075258807781, -204.16771184355073
-124.52516282289241, -204.27413469413992
-124.12553743682508, -204.79590006597505
-124.12168666314415, -204.80080457065753
-124.02829646592818, -204.89786507445453
-124.01360447187153, -204.91313023865195
-123.89414459934403, -205.0366484137273
-123.31632290584366, -205.63572158441215
-123.28529208710768, -205.66776488104753
-123.28518685637493, -205.66784381587885
-123.13616392691563, -205.82229711415815
-123.03179749401966, -205.91095310385074
-122.53151751346309, -206.3348795607673
-122.44061826019129, -206.41214411081293
-122.43460416083667, -206.41640286425263
-121.97770026861178, -206.80362193499087
-121.92559024858883, -206.84065777535528
-121.67920011125375, -207.01437635067236
-121.51206287676757, -207.13304733764286
-121.4990198543087, -207.14085190540203
-120.65911736306725, -207.73312559969233
-120.49242660098969, -207.833038024876
-120.41765516359396, -207.87785116192842
-120.39638396103305, -207.88862915509245
-119.62346246649156, -208.34679027838646
-119.18971375980323, -208.60405802883622
-119.08840143739644, -208.6555855950157
-118.6277991059718, -208.88626120677372
-118.4658485497439, -208.96854785657126
-118.4353080048885, -208.9817250852274
-117.5795327714327, -209.4105372095408
-117.55967608527772, -209.4190973555769
-116.45839367630151, -209.88537649285118
-116.19325788429876, -209.99969717239082
-116.15246786247224, -210.0145431453909
-115.83995355340437, -210.14681840099632
-115.66583811667556, -210.21025666822865
-114.91318271586147, -210.47824295248063
-114.78787088227205, -210.523917291336
-114.73451456127884, -210.5402236940195
-113.98373459783693, -210.80765137928327
-113.90075663075686, -210.8329996451344
-113.55072394443403, -210.9367018887423
-113.32249315131492, -211.00644926240628
-113.27816830927145, -211.01764026965938
-112.14574115545611, -211.3533062259925
-112.12082656090479, -211.35959481005398
-112.02301416963564, -211.38852021069297
-111.76154012519862, -211.45450248386828
-110.6905981939193, -211.7141704983365
-110.63311183015696, -211.72864965189754
-110.06063563962505, -211.86732823616921
-109.9722069517228, -211.88530411199486
-109.8187128439863, -211.9165328173044
-109.20701646043324, -212.03431708009938
-109.03601807465793, -212.0690881129688
-108.92890231680781, -212.08595861058328
-107.8455357721798, -212.2945060114839
-107.81521547757518, -212.29931767247007
-107.51885317532185, -212.3459915035686
-106.17686780481506, -212.5418120011386
-106.04937587571203, -212.55632477601296
-105.65783449545961, -212.61339620097203
-105.43346546338887, -212.63899501361846
-104.59155495725145, -212.7242647669205
-104.48729441676812, -212.73611794800226
-103.57116850032526, -212.82902129186417
-103.42425460242237, -212.83956830561937
-103.33569815390365, -212.84595774005126
-103.01290025660046, -212.86485837654314
-102.773419561428, -212.88203525326963
-102.66689318033877, -212.88531970501427
-101.41967001809815, -212.95815747366322
-101.36241152807406, -212.95990440850952
-101.16084960799935, -212.9716199771121
-100.83577014428135, -212.9815772026967
-99.78853044046355, -212.99871515261376
-99.60749397465486, -212.9968570178656
-98.88311947193267, -213.00862099105194
-98.7307209496663, -213.00708310525664
-98.20962537227194, -212.99367761221598
-98.0409384467705, -212.99194209612307
-96.8050632981658, -212.9602050367278
-96.60754377039143, -212.9500504565828
-96.6057844089213, -212.94996244700272
-96.29380512687203, -212.93395027193125
-96.23409375868164, -212.9283959365998
-94.99658757018005, -212.84432262059596
-94.84583610680602, -212.83030097396306
-94.34961441940641, -212.79664695969612
-94.1243831582517, -212.77560937543356
-93.40068926659376, -212.6951240887474
-93.32072307569581, -212.68770538027337
-92.34900134654163, -212.57972969782912
-92.12534240903301, -212.54919508667874
-92.05002371977889, -212.53895246355555
-91.83089749957571, -212.5090443432764
-91.66951197724211, -212.4822784035981
-91.43325386243987, -212.44609641780383
-90.24131916000567, -212.2637317964541
-90.15787677430865, -212.35743160249234
-90.12860478335494, -212.38722556557266
-90.0371059681853, -212.48004894986198
-89.74953648767644, -212.76473674915894
-89.64421602373864, -212.8715944968715
-89.62671853859274, -212.8861098555509
-89.25042153613401, -213.258779302091
-89.24560359522991, -213.26286322920706
-89.2324994004424, -213.27579482962366
-89.09757039348847, -213.38799541876816
-88.68072077058366, -213.72832583783728
-88.58819387219569, -213.8052934021231
-88.55832897750383, -213.82612269006364
-88.19283110216509, -214.124275812096
-88.16942376757413, -214.14053911222868
-87.61764222281306, -214.51741017165338
-87.45941603019753, -214.62775810285152
-87.38687717378525, -214.67833725544352
-87.34658924549353, -214.70208428823892
-87.01712949324553, -214.92716932076766
-86.96275359356468, -214.95925281892394
-86.79900832609292, -215.05368539441494
-86.62377060629785, -215.1570748748111
-86.09789620973277, -215.46051589183776
-86.05036759959421, -215.48859644105536
-85.76578453958007, -215.65274994533996
-85.71324938446969, -215.67909449169395
-85.62568903589408, -215.72297073108015
-85.36612976892923, -215.849849259119
-85.15504491112983, -215.9557421524186
-84.58772148980313, -216.233337374831
-84.52246046353503, -216.26114577578932
-84.2902670753731, -216.37474464211243
-84.16747057625014, -216.42707494256695
-83.81003431218176, -216.57521317432094
-83.61371527091421, -216.65892891612066
-83.00885929829474, -216.90981322775414
-82.93105007417387, -216.9378698691949
-82.75794479425576, -217.00969298946296
-82.59820330532182, -217.067321505174
-82.1414087065948, -217.22689438352685
-81.96214885080269, -217.29160228539132
-81.87348344699444, -217.3184343501251
-81.12652857759201, -217.5794604481457
-81.0475602708201, -217.60333922938634
-80.82626758177173, -217.66786173283307
-80.70642960826785, -217.70407491810278
-80.37146683065612, -217.80171610181202
-80.21146703399927, -217.85013055658314
-79.87711510319855, -217.94766373790986
-79.79281657340016, -217.9687202366869
-79.77860577362515, -217.97225291818538
-79.40722256322022, -218.08040729439526
-79.2948382956082, -218.108480730142
-78.9860612919947, -218.18237890017429
-78.85889377301532, -218.21406681973883
-78.51127765609942, -218.2971249567423
-78.37222077034494, -218.3318274456016
-78.26662618997261, -218.3529812697436
-77.61178984525338, -218.5092768370338
-77.59675883699754, -218.5122869078557
-76.84023952444522, -218.65612983606886
-76.57222046996412, -218.70985182779816
-76.45749531190529, -218.73283509039044
-76.3455014868905, -218.75015564289527
-75.75152967640224, -218.86311915979803
-75.70415010710292, -218.87041073610655
-74.84663360595732, -218.9943651251333
-74.56586518274707, -219.0377600446606
-74.47955328368744, -219.05108205885242
-73.95739781787415, -219.1264450900879
-73.83979240182202, -219.1394558921956
-73.75641508435581, -219.14865689488147
-73.54211054445273, -219.17028290108766
-73.19812477799235, -219.2083449795705
-72.45122572157402, -219.28373783800396
-72.3287893813399, -219.2920972457441
-71.88913932002606, -219.33641667850105
-71.76569949166185, -219.34484708013295
-71.45535218561861, -219.36306912122848
-71.14055734958629, -219.38453277429298
-70.38461824163596, -219.42887868520629
-70.25710149973065, -219.43231108582424
-69.91277369133309, -219.4525101028623
-69.74451911604012, -219.4569879591972
-69.33089125272545, -219.4641993893779
-69.05350022235086, -219.4716529465524
-68.29226580581178, -219.48481252952303
-68.15982058327813, -219.48287145069494
-67.92390376667197, -219.4870233727103
-67.70519393901668, -219.48388329724008
-67.17970573706623, -219.4713831712732
-66.94858799573285, -219.4680485501703
-66.85977089255925, -219.46310819088168
-66.81237818610987, -219.46046616906085
-65.93626249459089, -219.43955089167932
-65.66044851167896, -219.42416851973508
-65.0127733869457, -219.38192539115042
-64.83682004070931, -219.37213081914697
-64.69826716104205, -219.35860490171802
-63.96285144841477, -219.31065514787758
-63.951426543615526, -219.30952630356995
-63.92522289866963, -219.30664991606693
-63.5962823960441, -219.2744762741255
-62.84168220841093, -219.1934046635295
-62.72865231333208, -219.18234430531237
-62.15472955397945, -219.12060453822036
-62.01640835665137, -219.10301063737083
-61.83461998976861, -219.0788845096216
-61.75407550766192, -219.06861766071194
-61.75407550766192, -225.78071305163402
-61.75407550766192, -228.75016673297756
-41.907250680297466, -228.75016673297756
-41.53984210922442, -228.75016673297756
-38.39437528134738, -226.54145081167158
-33.46519611313067, -223.0802295991885
-33.171275996372856, -222.9030890114173
-32.636787846232664, -222.58096221684153
-32.636787846232664, -209.72220504298244
-32.636787846232664, -204.92607817867918
-32.636787846232664, -202.70254308121952
-32.636787846232664, -201.46989823764315
-32.636787846232664, -200.71738994782407
-32.636787846232664, -200.19250406251038
-32.636787846232664, -199.86077176749495
-32.636787846232664, -199.64914090785365
-32.636787846232664, -199.5171176385952
-32.636787846232664, -199.44133685173267
-32.636787846232664, -199.40777064477848
-32.636787846232664, -199.4040058443057
-31.886907662526255, -199.4040058443057
-25.304502857119473, -199.4040058443057
-25.304502857119473, -199.41087122006178
-25.304502857119473, -199.47208153521993
-25.304502857119473, -199.61027307569145
-25.304502857119473, -199.85102669824238
-25.304502857119473, -200.23695030389462
-25.304502857119473, -200.84188723804795
-25.304502857119473, -201.7990531908752
-25.304502857119473, -203.17130444469703
-25.304502857119473, -205.4191181299407
-25.304502857119473, -209.4738891759041
-25.304502857119473, -218.16476373206467
-20.272648604832625, -215.5663988236415
-17.658311347505673, -214.21639903278225
-15.292223184125191, -213.1689882268871
-10.524350061330551, -211.05836449475316
-10.524350061330551, -210.89509108529396
-10.524350061330551, -206.6009370551721
-10.524350061330551, -203.97943052612902
-10.524350061330551, -202.1508901712005
-10.524350061330551, -200.99523728465692
-10.524350061330551, -200.25798071512452
-10.524350061330551, -199.79805240997615
-10.524350061330551, -199.53405554745135
-10.524350061330551, -199.41712124669198
-10.524350061330551, -199.4040058443057
-7.911965011680877, -199.4040058443057
Holes:
Exterior:
262.87555610316815, -188.43762002073714
261.3173549490225, -188.22828208514193
261.3173549490225, -187.5248376639427
261.3173549490225, -183.30571594240604
261.3174278974637, -134.3521468262156
261.3174897449838, -95.78155738020268
261.3174897449838, -92.89638495574917
261.51706609229115, -92.91235312860623
262.04095018534963, -92.95487542669419
270.3218661571177, -93.62695626261062
270.3340706346603, -78.90702695833818
270.3383328917814, -73.7654609501108
270.3383328917814, -73.76351560872051
270.33403625863, -70.97738342643126
260.83268599075257, -70.17301837987907
257.1711263546521, -69.86840270221657
255.32045743703247, -69.71616139500175
251.24626018569745, -69.38317759723535
251.2462601856975, -4.899767675228489
251.24626018569745, 2.6638647971261378
251.24626018569745, 67.14720265178809
252.99177231090033, 67.28986805276693
255.32045743703247, 67.48019775169955
257.1711263546521, 67.63244231017518
267.57195231526583, 68.51033060809606
270.33505200718093, 68.74235257291565
270.3394307624869, 71.5275255464679
270.33488553462956, 76.66966990905591
270.3218661571177, 91.39105761110868
262.04095018534963, 90.71897677519225
261.3174897449838, 90.66048630424723
261.3174897449838, 93.54565755905679
261.3174278974637, 132.1162481747136
261.3173549490225, 181.06981338987967
261.3173549490225, 185.2889390124407
261.3173549490225, 185.99238343363993
262.87555610316815, 186.20172136923514
270.3176587391945, 187.20111177212365
270.4034771928052, 203.0686807634534
270.4258937328696, 207.21523282201008
270.43467215333806, 209.91355612438588
251.9066499360403, 207.43369800876027
239.45628346563808, 205.79868855643278
239.44543330844863, 203.94216519519134
239.42600659836205, 199.16075138476774
238.59738103488348, 199.052604881761
238.4462723927287, 199.0328838041318
238.4462723927287, 198.98250357427892
238.4462723927287, 192.42189900188572
225.0810780518533, 190.7022748960564
221.22781786463838, 190.20648398632184
208.34998943374433, 188.5494853666318
208.34998943374433, 190.17940872244762
208.34998943374433, 195.15615956096775
198.43323363182378, 193.88830331448662
196.17740552631767, 193.5999020231482
193.48642821920612, 193.256972544028
190.89825695227194, 192.92602926671927
189.14878704116626, 192.70304219036228
189.14878704116626, 188.31226874934458
189.1487870411662, 186.09880940227634
189.14878704116626, 174.11338357069712
189.1487870411662, 167.0968486478818
189.1487870411662, 119.98736998136457
189.1487870411662, 92.40843312053809
189.1487870411662, 66.39715369051476
189.1487870411662, 51.16957203655372
189.14878704116626, -1.4129657401677351
189.1487870411662, -14.790800927597795
189.1487870411662, -28.5272307538025
189.1487870411662, -53.40547068805566
189.14878704116626, -79.41679824024042
189.1487870411662, -94.64440806598535
189.1487870411662, -141.75388673250265
189.1487870411662, -169.33282359332912
189.14878704116626, -181.31822536382762
189.1487870411662, -188.334746200751
189.14878704116626, -190.54817997731746
189.14878704116626, -194.93890269489162
190.89825695227194, -195.16190461034336
193.48642821920612, -195.49284703210702
196.17740552631767, -195.8358006746502
198.43323363182378, -196.12420196598862
208.34998943374433, -197.39205821246975
208.34998943374433, -195.76481857218653
208.34998943374433, -190.78546031207912
221.22781786463844, -192.44239364162297
225.0810780518533, -192.93816928146654
238.4462723927287, -194.65775950641506
238.44627239272876, -194.70814910494158
238.4462723927287, -201.26885874957912
238.59738103488348, -201.2885790993948
239.42600659836205, -201.396725402879
239.4270325193035, -201.57627322567703
239.45628346563808, -208.03461018283136
263.59771291007934, -211.2443288461237
270.43467215333806, -212.14952820874677
270.4034771928052, -205.3046442232347
270.3176587391945, -189.43702229067364
262.87555610316815, -188.43762002073714
Holes:
Exterior:
104.01240637372939, 28.593346414832613
90.52220304384832, 40.216364719110366
90.52219248808706, 33.26049005915931
90.52219248808706, 21.090167346268828
116.29798748061933, -1.1179493257509716
101.62889960221503, -13.756642431480502
90.52219248808706, -23.326065997770765
90.52220304384832, -28.86422099884736
90.52220304384832, -42.45233966455761
109.91432167344328, -25.7443235412441
119.43504387552082, -17.541376993651006
119.43516191968558, -4.201229545311505
119.43516191968558, 1.9653078127733703
119.43504387552082, 12.45640852913836
119.43504387552082, 15.305402048203751
104.01240637372939, 28.593346414832613
Holes:
Exterior:
78.11164714858808, 75.79084889202247
82.48310153219904, 79.38550334599954
82.48310359603113, 81.65329473564
82.48312799331427, 97.86321562793859
80.97126465135784, 96.62001144769926
71.41210941892643, 88.75962950049305
71.41210081098257, 86.65616833581377
71.41212659360906, 80.21251605700975
71.41212659360917, 57.91146497037807
71.41215037419124, 48.42680125604483
71.41210081098257, 37.55502684826408
73.02489547867185, 36.16546825011973
82.4831167995219, 28.016538807501217
82.48312436522076, 30.532581264752427
82.48312436522076, 47.142738198184915
81.0465409217644, 48.38048084582739
75.79017498061933, 52.909302871514654
82.48312436522076, 53.452435577579294
82.48312436522076, 56.43770835254391
82.48310020358576, 76.14558694027619
81.50058437445887, 76.06585523420925
78.11164714858808, 75.79084889202247
Holes:
Exterior:
78.11164714858808, -78.0266712495791
82.48310020358576, -78.38140929783282
82.48310020358576, -76.33838574230705
82.48312436522076, -55.68840048657326
81.0465409217644, -55.57182096760347
75.79017498061933, -55.14527781696191
82.48312436522076, -49.378713143632204
82.48311679952178, -46.2185611194752
82.48311679952178, -30.252437459003133
81.04654092176429, -31.490174052993375
71.41210081098257, -39.79092549976602
71.41210081098257, -41.96821375537655
71.41215037419124, -50.662743274606164
71.41212659360906, -60.14732833118178
71.41212659360906, -82.44837941781356
71.41210941892643, -90.99553730106787
73.1368237970305, -92.41376720689664
82.48312799331427, -100.09912773856416
82.48312630066914, -97.66455637734175
82.48310153219904, -81.62133258355412
81.50058437445887, -80.81340579487826
78.11164714858808, -78.0266712495791
Holes:
Exterior:
112.1947068359932, -141.95088062082553
119.43510304048016, -137.49991877473983
119.43510343331513, -130.48478138859934
119.43512474409113, -122.28575515628172
119.43514382516423, -114.73349984634535
119.43514382516423, -112.00711863680112
108.8641216634229, -103.31453230492316
90.52219472011768, -88.23190538311799
90.52217378448404, -94.67015691277622
90.52218356141952, -106.70965373714887
113.72962810561933, -125.79316600055566
100.92019933306005, -133.6675629474185
90.52218356141952, -140.05962145298432
90.52219335158429, -144.67841958664422
90.52216605034278, -155.27378983188203
112.1947068359932, -141.95088062082553
Holes:
Exterior:
73.1368237970305, 148.51098826710478
82.48312799331427, 142.7655761129858
82.48312622366086, 144.86396788652291
82.48311448263053, 157.97968824699078
81.06895759780878, 158.84900928946672
75.90995647475995, 162.02044026165134
82.48311256769489, 162.85139427602724
82.48311256769489, 164.1173927905221
82.48312436522076, 172.70296668115583
81.0465409217644, 172.5232174690661
71.41210081098257, 171.32703439445396
71.41210081098257, 170.21265617527175
71.41214203989557, 165.78413189033768
71.41214203989557, 158.118335825898
71.41210941892643, 149.57122969592174
73.1368237970305, 148.51098826710478
Holes:
Exterior:
111.56530241590394, 189.56882297189273
109.32120599944449, 189.26012239161778
90.5235984467347, 186.91371667499305
90.52359989510455, 181.99072133813453
90.52361871786457, 173.70665005803374
90.52221483302549, 173.7151584948028
90.52221143102884, 172.27885481497628
90.52217791602664, 163.86766684535547
96.46849322556545, 164.61937949623592
119.43510130634911, 167.52273312456703
119.43505226468244, 177.00152371830126
119.43505226468244, 190.53513089904274
111.56530241590394, 189.56882297189273
Holes:
Exterior:
75.90995647475995, -164.2564533540713
82.48311448263053, -160.21569097946445
82.48311674255058, -157.57143094910552
82.48312799331427, -145.00151964102224
80.97126465135784, -145.93091671346173
71.41210941892643, -151.8071039240604
71.41210081098257, -153.5390347748399
71.41214203989557, -160.3542820522276
71.41214203989557, -168.02011154971245
71.41210081098257, -173.56296250778132
72.69008103749866, -173.72285436238954
82.48312436522076, -174.93889846140385
82.48312436522076, -173.6528674830555
82.48311256769489, -165.08739748837
81.06895759780878, -164.90863029165334
75.90995647475995, -164.2564533540713
Holes:
Exterior:
152.14608550606022, 99.94124864708482
157.33442035807252, 96.75179928849165
157.3344307047323, 102.6529732422695
157.3344307047323, 111.96584764404987
153.29814268483761, 114.44713306856163
147.05991641291553, 118.2819783957392
147.05991641291553, 114.6176856823156
147.05985166628852, 103.06793108006534
152.14608550606022, 99.94124864708482
Holes:
Exterior:
152.14608550606022, -84.03452939130791
157.33442035807252, -84.45556240028763
157.3344166384652, -73.1236179544624
157.3344166384652, -61.76247783811383
153.2446248848222, -61.43058629228321
147.05986959508812, -60.92874028288413
147.05985166628852, -69.92692612070113
147.05985166628852, -83.6217952544755
152.14608550606022, -84.03452939130791
Holes:
Exterior:
110.12609061171429, -57.93159613975617
90.52221483302549, -56.34076971207244
90.52221483302549, -59.62623783364081
90.52219738780298, -79.03377828570721
95.56236374429409, -79.44277825636391
119.43505226468244, -81.38002142337699
119.43506984522651, -71.94912846786644
119.43506984522651, -58.687012966934155
110.12609061171429, -57.93159613975617
Holes:
Exterior:
110.12609061171429, 78.38877289973802
90.52219738780298, 76.79794640576034
90.52219738780298, 73.96558760921698
90.52221483302549, 54.104805812368966
96.36968829605962, 54.5793274530692
119.43506984522651, 56.451114315432214
119.43505226468244, 65.81875504786777
119.43505226468244, 79.14419906582036
110.12609061171429, 78.38877289973802
Holes:
Exterior:
152.22000054203693, -37.472086954873205
157.3344166384652, -42.70864605350931
157.3344307047323, -34.22290339886991
157.33441810992832, -20.831242554683573
153.41025711660183, -16.813330699152424
147.0598219683717, -10.311231405052954
147.0598322674615, -15.288714261349813
147.05988414267233, -32.18872964370216
152.22000054203693, -37.472086954873205
Holes:
Exterior:
113.72962810561933, 123.5571910551084
100.92019933306005, 113.0240087396094
90.52218356141952, 104.4737254604688
90.52220884845929, 99.11497891101048
90.52219472011768, 85.99606349326514
103.99644844230045, 97.07596549065315
119.43514382516423, 109.77123124240597
119.43512474409113, 120.04981406451763
119.43510343331513, 128.24882700075656
119.43510304048016, 133.65659010556618
119.43510304048016, 135.26399003690267
103.52969174039765, 145.0415817610271
90.52216605034278, 153.0377997697477
90.52215961358354, 147.15958117564594
90.52218356141952, 137.8236698419206
113.72962810561933, 123.5571910551084
Holes:
Exterior:
90.52361872171636, -175.94783925695654
90.52221483302641, -175.95109529327786
90.52221483302637, -175.95109529327794
90.52221483302631, -175.95109529327803
90.52221483302625, -175.95109529327812
90.52221483302618, -175.95109529327817
90.52221483302611, -175.95109529327823
90.52221483302603, -175.95109529327829
90.52221483302596, -175.95109529327834
90.52221483302586, -175.9510952932784
90.52221483302577, -175.95109529327843
90.52221483302567, -175.95109529327846
90.52221483302557, -175.95109529327846
90.52221483302547, -175.95109529327846
90.52221483302539, -175.95109529327846
90.52221483302529, -175.95109529327843
90.52221483302519, -175.95109529327843
90.5222148330251, -175.95109529327837
90.522214833025, -175.95109529327834
90.52221483302493, -175.95109529327829
90.52221483302485, -175.95109529327823
90.52221483302478, -175.95109529327817
90.5222148330247, -175.9510952932781
90.52221483302465, -175.951095293278
90.5222148330246, -175.95109529327794
90.52221483302456, -175.95109529327783
90.52221483302453, -175.95109529327775
90.5222148330245, -175.95109529327766
90.52221483302449, -175.95109529327755
90.52221483302449, -175.95109529327746
90.52218119986665, -167.50626276501347
90.52217791602564, -166.1036632091357
90.52217791602564, -166.1036632091356
90.52217791602565, -166.1036632091355
90.52217791602568, -166.10366320913542
90.52217791602571, -166.1036632091353
90.52217791602575, -166.10366320913522
90.52217791602581, -166.10366320913514
90.52217791602587, -166.10366320913505
90.52217791602594, -166.103663209135
90.52217791602601, -166.1036632091349
90.5221779160261, -166.10366320913485
90.52217791602618, -166.10366320913482
90.52217791602627, -166.10366320913477
90.52217791602637, -166.10366320913474
90.52217791602646, -166.1036632091347
90.52217791602656, -166.1036632091347
90.52217791602666, -166.1036632091347
90.52217791602676, -166.1036632091347
110.0031191441807, -168.56624650626895
119.43510130634924, -169.75860975381119
119.43510130634934, -169.7586097538112
119.43510130634942, -169.75860975381124
119.43510130634951, -169.75860975381127
119.43510130634961, -169.7586097538113
119.43510130634968, -169.75860975381136
119.43510130634976, -169.7586097538114
119.43510130634984, -169.7586097538115
119.43510130634989, -169.75860975381156
119.43510130634995, -169.75860975381164
119.43510130634999, -169.75860975381173
119.43510130635003, -169.7586097538118
119.43510130635006, -169.7586097538119
119.43510130635009, -169.75860975381198
119.4351013063501, -169.7586097538121
119.4351013063501, -169.75860975381218
119.4351013063501, -183.06406094845352
119.43505226468343, -192.7711215914667
119.43505226468343, -192.77112159146682
119.43505226468342, -192.7711215914669
119.43505226468339, -192.771121591467
119.43505226468336, -192.7711215914671
119.43505226468332, -192.7711215914672
119.43505226468326, -192.77112159146728
119.43505226468321, -192.77112159146736
119.43505226468314, -192.77112159146742
119.43505226468307, -192.7711215914675
119.43505226468298, -192.77112159146756
119.4350522646829, -192.7711215914676
119.43505226468281, -192.77112159146765
119.43505226468271, -192.77112159146768
119.43505226468261, -192.7711215914677
119.43505226468251, -192.7711215914677
119.43505226468241, -192.7711215914677
119.43505226468231, -192.7711215914677
99.11862340255298, -190.23161486735634
90.52359844673457, -189.14968228521965
90.52359844673447, -189.14968228521963
90.52359844673438, -189.1496822852196
90.5235984467343, -189.14968228521957
90.5235984467342, -189.14968228521954
90.52359844673413, -189.14968228521948
90.52359844673404, -189.14968228521943
90.52359844673397, -189.14968228521934
90.52359844673391, -189.14968228521928
90.52359844673386, -189.1496822852192
90.52359844673381, -189.14968228521911
90.52359844673377, -189.14968228521903
90.52359844673374, -189.14968228521894
90.52359844673371, -189.14968228521886
90.5235984467337, -189.14968228521874
90.5235984467337, -189.14968228521866
90.52362027903987, -178.07490170787776
90.52361872171636, -175.94783925695654
Holes:
Exterior:
157.33440542068024, -174.54975472777937
153.10489434055472, -174.01507867170534
147.05988336132555, -173.25086999921106
147.05982861070436, -177.12024353037228
147.05982861070436, -183.01907178319243
151.0827283682749, -183.5304846420727
157.3344307047323, -184.3143327317846
157.33440542068024, -179.22789731672242
157.33440542068024, -174.54975472777937
Holes:
Exterior:
157.33440542068024, -161.64942877922007
157.3344307047323, -154.4824003267915
157.3344307047323, -143.17183511388174
153.29814268483761, -139.85271022738766
147.05991641291553, -134.7230391401115
147.0599346591427, -139.44308443604717
147.05988336132555, -153.2007283287279
152.45181075666335, -157.63450485722433
157.33440542068024, -161.64942877922007
Holes:
Exterior:
157.33440542068024, 159.41351185343805
153.10489434055472, 155.93557836139794
147.05988336132555, 150.9647850746715
147.05985166628852, 143.63797172275514
147.05991641291553, 132.48705361057722
149.49554913062434, 134.48990808597267
157.3344307047323, 140.93583681783116
157.33440542068024, 150.5617795470059
157.33440542068024, 159.41351185343805
Holes:
Exterior:
157.33440542068024, 172.31383780199735
157.3344307047323, 176.1007348980813
157.3344307047323, 182.07844263451648
151.0827283682749, 181.29452463258667
147.0598286107043, 180.78311196723564
147.05988336132555, 176.73020885903915
147.05988336132555, 171.01497134770906
152.45181075666335, 171.69659963399087
157.33440542068024, 172.31383780199735
Holes:
Exterior:
157.3344166384652, 59.52657918661189
157.33442035807252, 70.67310563899633
157.33442035807252, 82.21970122333782
153.29814268483761, 81.89216332860485
147.05985166628852, 81.38588081292878
147.05986959508812, 72.26904877329487
147.05986959508812, 58.69284163138219
152.2300560101785, 59.11239929115425
157.3344166384652, 59.52657918661189
Holes:
Exterior:
157.3344166384652, 40.47274740200737
153.2446248848222, 36.28527638248313
147.05988414267233, 29.95278527714725
147.0598663830662, 21.29846215214223
147.0598219683717, 8.075332753551008
149.32131811566865, 10.390857816008426
157.33441810992832, 18.59534390318164
157.3344066084337, 29.268532778637674
157.3344166384652, 40.47274740200737
Holes:
Exterior:
157.33442035807252, -98.98771869453122
153.29814268483761, -101.46897543591108
147.05985166628852, -105.303799479617
147.05985166628852, -111.33649214113484
147.05991641291553, -120.51795473764484
149.49554913062434, -119.02069054493658
157.3344307047323, -114.2018459401004
157.33442035807252, -106.72884916566487
157.33442035807252, -98.98771869453122
Holes:
