Exterior:
-104.89347822680975, -50.05442820861375
-104.9037297430582, -37.64516989327866
-107.1030534356214, -38.303491016174874
-113.91332537419953, -40.34205790443093
-113.90699961052269, -46.60404960681373
-113.9073137978055, -55.258704864157494
-113.91448171272395, -62.72180262388372
-112.15920933329812, -63.39371486990221
-104.90477808195715, -66.17068626921854
-104.90477808195715, -61.20871937488025
-104.89355936265451, -52.560538117634245
-104.89347822680975, -50.05442820861375
Holes:
Exterior:
-104.89347822680975, 49.53749279187807
-104.89355936265451, 52.04360270089857
-104.90477808195715, 65.65375085248284
-107.32585405098189, 64.72697127616374
-113.91448171272395, 62.20486720714804
-113.9073137978055, 54.74176944742182
-113.90699961052269, 46.087114190078054
-113.91332537419953, 39.82512248769525
-112.39241255290972, 39.36985453323198
-104.9037297430582, 37.128212467903666
-104.9037297430582, 41.43178180024571
-104.89347822680975, 49.53749279187807
Holes:
Exterior:
52.38230955590711, -88.19045259203504
50.791402917275946, -88.12088704710045
47.66776642182947, -87.98265265996454
45.54483180309319, -87.89180645648189
42.84264293920046, -87.77343478568326
42.84264254576033, -92.26063136639647
42.84270948785456, -95.82965663811855
52.44475088721367, -96.24456488769415
61.57446571031005, -96.65238187233358
76.32898443625959, -97.32752178599922
76.32898443625959, -94.18288998644874
76.32898443625959, -89.28082104138682
67.70049088180849, -88.88834176515275
61.57446571031005, -88.60370771401182
52.44475088721367, -88.19316611863361
52.38230955590711, -88.19045259203504
Holes:
Exterior:
67.70049088180849, 72.12942791143779
61.57446571031005, 69.77682406912761
52.44475088721367, 66.27059355293358
51.04753555078901, 65.73404022620247
47.800376047695636, 66.68061636310844
42.84273059106465, 68.12583782501734
42.842858730056605, 62.58319659991313
42.84291700834308, 53.30920519694581
42.84279043402398, 48.947030416125486
42.84279043402398, 46.443229616899735
48.774387338644146, 48.721215068084135
52.44475088721367, 50.13074013319262
53.00645889063276, 50.346466984014974
62.23652835503492, 47.655744022038505
76.3288323877266, 43.54769976534012
76.3288323877266, 49.061739276121116
76.32908093221556, 58.36412296388747
75.78362348149199, 58.52313131744907
74.93883193750776, 58.769394840460286
76.32908093221556, 59.30330523743529
76.32908093221556, 59.854124419988516
76.32898443625959, 75.44310769519848
67.70049088180849, 72.12942791143779
Holes:
Exterior:
-114.59208541388898, 80.60800013099298
-104.91603520676449, 81.00265531069766
-104.91434433602558, 91.55273386005472
-104.92719182593487, 98.02155001593754
-104.92718809224448, 102.01747840432685
-114.61431099694005, 101.62096401625676
-120.39201033264567, 101.38441311464248
-122.33421142659836, 101.31789638839602
-128.15201774187244, 101.12560646799254
-128.1046311556936, 91.35625112914664
-128.10602728000003, 90.64239504907859
-128.1266159810291, 80.07564089021443
-114.59208541388898, 80.60800013099298
Holes:
Exterior:
46.33437774116919, 27.965485371204753
42.84277634820114, 27.800574555580194
42.84277634820114, -20.211152263897944
42.84277634820114, -28.317574147190886
48.774387338644146, -28.595867818042453
56.394377195875904, -28.965718603482365
61.57446571031005, -29.210896809157394
76.32898443625959, -29.93228125452383
76.32898443625959, -17.92788476317858
76.32882929654284, -16.069990097332667
76.32882929654284, 15.55301227215154
76.32898443625959, 29.415299388969775
67.88990557189038, 29.005590799213387
61.57446571031005, 28.693918714945806
56.394377195875904, 28.448783186746688
48.774387338644146, 28.078869621621294
46.33437774116919, 27.965485371204753
Holes:
Exterior:
102.36304248502529, -51.29198847846974
102.35808577631303, -41.83219229430041
102.36487539693667, -36.47496541658178
95.69127977187554, -38.42026090085287
92.56226604851054, -39.33241183497718
92.56226604851054, -48.68452201731645
92.55365875759003, -54.15150341648383
96.66311439837432, -52.95357169997746
102.36304248502529, -51.29198847846974
Holes:
Exterior:
102.36304248502529, -69.81825356557074
97.04037289368819, -67.77422780013492
92.55365875759003, -66.05116117514089
92.55365875759003, -73.03018762780371
92.56305165867866, -82.19461591051014
95.60973112035094, -83.36465306806046
102.36321311905385, -85.95823896402881
102.35687963807754, -80.67904634232588
102.36304248502529, -69.81825356557074
Holes:
Exterior:
102.36304248502529, 69.30124185488974
102.35687963807754, 80.1620859820732
102.36321311905385, 85.44127211724576
99.98081443113688, 84.52633762500918
92.56305165867866, 81.67762592525396
92.56305165867866, 71.30972506773757
92.55365875759003, 65.53418245473374
96.66311439837432, 67.11227198471452
102.36304248502529, 69.30124185488974
Holes:
Exterior:
102.36304248502529, 50.775017111036995
97.04037289368819, 52.326568402492484
92.55365875759003, 53.63449170580284
92.55365875759003, 47.22764856281434
92.56226604851054, 38.81544828016335
99.6008293528231, 36.76370308001143
102.36487539693667, 35.95795370590079
102.35808577631303, 41.31518058361943
102.36304248502529, 50.775017111036995
Holes:
Exterior:
102.3926203991374, 8.189965071319804
108.19901557987964, 8.471499564794495
112.55547404125389, 8.675884680254924
118.07249375901642, 8.958478997490053
118.02933250811589, 31.357337145818086
118.02930841813532, 31.443224976341195
117.9962797987497, 31.441581277817395
117.97802679568474, 31.440663590628535
117.95271768217083, 31.439411895658637
117.87797988672651, 31.435715641241533
107.72414557769923, 30.938198569493824
103.68577955124283, 30.740012061699588
92.57915104221456, 30.215120637355785
92.57915104221456, 10.45029822643837
92.56976258473719, 7.4058973836597985
92.56976258473719, -7.922832800395483
92.57915104221456, -30.73205605409147
103.68577955124283, -31.25698082579113
107.72414557769923, -31.45521028017482
117.87797988672651, -31.95272735192253
117.97802679568474, -31.957674803177106
118.02930841813532, -31.96023632568377
118.02933250811589, -31.874348565378128
118.0532725811629, -22.289830245052563
118.07249375901642, -9.475414414225733
112.55547404125389, -9.192820096990605
108.08254563460298, -8.974458089711977
102.3926203991374, -8.706900488055489
102.3575426279699, -0.6712073326659107
102.36412542202766, -0.2584677083678421
102.41935443469333, 6.518430122410965
102.3926203991374, 8.189965071319804
Holes:
Exterior:
92.57564883403313, 94.58242041944996
92.54935859799446, 91.32315005305989
92.54935859799446, 89.49045667578629
95.87129204481289, 89.64317349352488
105.47347574030289, 90.09221212292486
108.09109516241074, 90.22649326490132
112.5637030539367, 90.43039698088876
118.06521304355533, 90.68985320647207
118.0552407748761, 97.0844898635627
118.1418551287436, 111.65417067070754
106.92302091257011, 111.08122034675294
104.34432065796784, 110.951055817299
100.21750674430973, 110.74275350770833
92.57516165847699, 110.41107760079316
92.57564883403313, 102.68870739493647
92.57564883403313, 94.58242041944996
Holes:
Exterior:
92.57564883403313, -95.09935583618565
92.57516165847699, -103.84764577355627
92.57516165847699, -110.92807217554174
100.21750674430973, -111.25975374865554
104.34432065796784, -111.4680088516113
118.1418551287436, -112.17114423441589
118.15272899191223, -104.9108812798969
118.0552407748761, -97.60143696627779
118.06521304355533, -91.20681198232171
112.5637030539367, -90.94740869156976
105.47347574030289, -90.60916267623041
100.22304511691095, -90.37170996868477
92.54935859799446, -90.00739209252198
92.54935859799446, -91.84008546979558
92.57564883403313, -95.09935583618565
Holes:
Exterior:
-128.12179130593563, 20.011807410305796
-128.15408405709104, 5.348284731351852
-128.12251999460136, -0.25894885348418717
-128.10250145106056, -9.361151829241187
-128.12179130593563, -20.528742827041473
-124.24141151613685, -20.69535307539193
-119.92233768315828, -20.868864138902033
-114.61485548310043, -21.108201692776223
-113.63933472553367, -21.15008280968871
-104.9242068338292, -21.54514752546495
-104.9242068338292, 6.551557716599049
-104.9242068338292, 21.028159556259027
-113.63933472553367, 20.63307109900772
-114.61485548310043, 20.591221935455938
-119.92233768315828, 20.351928722166356
-122.26342921419314, 20.263345459647805
-124.24141151613685, 20.178417658656254
-128.12179130593563, 20.011807410305796
Holes:
Exterior:
47.66776642182947, 87.46571724322885
50.791402917275946, 87.60393371180335
50.852505705964745, 87.60660941952156
52.44475088721367, 87.67623070189792
61.57446571031005, 88.08677229727613
76.32898443625959, 88.76388562465112
76.32898443625959, 91.9085174242016
76.32898443625959, 96.81053992044517
61.57446571031005, 96.13542058635667
52.44475088721367, 95.72755317701315
50.625155109534376, 95.64922929397548
42.84270948785456, 95.31269194787373
42.84264254576033, 91.74369594966078
42.84264293920046, 88.271497896155
42.84264293920046, 87.25650894892424
47.66776642182947, 87.46571724322885
Holes:
Exterior:
52.44475088721367, -66.7876271403868
61.57446571031005, -70.29387845728452
76.32898443625959, -75.96013600957092
76.32898443625959, -69.64645909663679
76.32908093221556, -59.820314344361186
75.78362348149199, -59.6108357734487
74.93883193750776, -59.286406551141276
76.32908093221556, -58.88113467456846
76.32908093221556, -58.37547241660455
76.3288323877266, -44.06468308299362
62.23652835503492, -48.172755732719494
53.00645889063276, -50.863478694695964
52.44475088721367, -50.64775184387361
48.774387338644146, -49.238226778765124
46.28049392077139, -48.28045093140837
42.84279043402398, -46.960241327580725
42.84291700834308, -53.8262169076268
42.842858730056605, -63.10025606454771
42.84273059106465, -66.73021066345805
42.84273059106465, -68.64291598069453
47.800376047695636, -67.19769307248116
51.04753555078901, -66.25112823082878
52.44475088721367, -66.7876271403868
Holes:
Exterior:
-79.71331873012866, 90.15606993050082
-84.84661022668683, 89.94619857319903
-92.62187801625464, 89.64459861133832
-92.62187801625464, 85.53223858282315
-92.62187801625464, 81.49459803650944
-84.60495589308493, 81.82204702020788
-79.71324184735806, 82.01609359906183
-79.71331873012866, 85.37170678673887
-79.71331873012866, 90.15606993050082
Holes:
Exterior:
-79.71331873012866, 44.506222605727686
-84.84661022668683, 46.04283293237442
-92.62190052624806, 48.37025048060978
-92.62190052624806, 45.25493785116152
-92.62182748465341, 33.4517810521583
-84.84661022668683, 31.124314865968167
-79.71326682609413, 29.587729796882417
-79.71331873012866, 35.75530480678832
-79.71331873012866, 44.506222605727686
Holes:
Exterior:
-79.71331873012866, -59.69336647291606
-84.84661022668683, -57.728360733755814
-92.62190052624806, -54.75198417149516
-92.62190052624806, -58.118287059531575
-92.62187801625464, -70.87253828233261
-84.60495589308493, -73.94138857193636
-79.71324184735806, -75.81393690060754
-79.71331873012866, -69.14940578581722
-79.71331873012866, -59.69336647291606
Holes:
Exterior:
-79.71331873012866, 59.176462597554355
-79.71324184735806, 67.5969652128895
-79.71324184735806, 75.29700148387185
-84.84661022668683, 73.33197010635546
-92.62187801625464, 70.35560286559692
-92.62187801625464, 62.3381487083382
-92.62190052624806, 54.23501689107298
-89.78432908782304, 55.32127810746306
-79.71331873012866, 59.176462597554355
Holes:
Exterior:
-79.71331873012866, -90.67308164118182
-79.71324184735806, -86.42896399638485
-79.71324184735806, -82.53306545773808
-84.84661022668683, -82.32190196719462
-92.62187801625464, -82.01153345324514
-92.62187801625464, -86.12393183152231
-92.62187801625464, -90.16157237783602
-84.84661022668683, -90.4631799441727
-79.71331873012866, -90.67308164118182
Holes:
Exterior:
-79.71331873012866, -45.02315802246336
-79.71326682609413, -37.59627807847159
-79.71326682609413, -30.1046652136181
-84.84661022668683, -31.641280622411184
-92.62182748465341, -33.96875334105006
-92.62182748465341, -41.17869786787486
-92.62190052624806, -48.88718589734546
-89.78432908782304, -48.0377820200578
-79.71331873012866, -45.02315802246336
Holes:
Exterior:
-79.71326682609413, 22.12163301143975
-84.84661022668683, 21.89108663539454
-92.62187801625464, 21.553636527302015
-92.62187801625464, -1.5832086895032387
-92.62187801625464, -22.070610293799696
-84.90643544553143, -22.414769347597225
-79.71326682609413, -22.638568428175436
-79.71326682609413, 0.6126508161988924
-79.71326682609413, 22.12163301143975
Holes:
Exterior:
-114.62669507620672, -81.13982258270845
-128.1266159810291, -80.59257630695012
-128.10602728000003, -91.15936891915494
-128.1046311556936, -91.87326283982765
-128.14954096095676, -98.05281447571906
-128.15201774187244, -101.64261817867354
-120.39201033264567, -101.90141218416638
-114.61431099694005, -102.13795355672707
-104.92718809224448, -102.5345131925282
-104.92719182593487, -98.53851171028684
-104.92719182593487, -96.01247471963259
-104.91434433602558, -92.06968842100216
-104.91603520676449, -81.51955243584186
-114.62669507620672, -81.13982258270845
Holes:
