Exterior:
69.26540211175393, 11.141490095089233
69.26540211175393, 3.122700027162615
69.26540211175393, -11.258564836551392
77.51218467981937, -11.258564836551392
81.80527992106533, -11.258564836551392
89.26793350396576, -11.258564836551392
95.41824468267032, -11.258564836551392
95.33235296479882, -3.751658508848522
95.33997055282862, -0.05840993579047537
95.33235296479882, 3.6347883110626555
95.41824468267032, 11.141490095089233
89.26793350396576, 11.141490095089233
81.80527992106533, 11.141490095089233
74.5249085555347, 11.141490095089233
69.26540211175393, 11.141490095089233
Holes:
Exterior:
8.486403070895904, 11.141490095089233
2.059720186208324, 11.141490095089233
-17.37895241839442, 11.141490095089233
-17.37895241839442, -9.357578761286467
-17.37895241839442, -11.258564836551392
-14.57306870726893, -11.258564836551392
8.486403070895904, -11.258564836551392
8.486403070895904, 4.364226150631197
8.486403070895904, 11.141490095089233
Holes:
Exterior:
8.486403070895904, 83.71761146166715
8.486403070895904, 83.76163235347765
8.486403070895904, 83.82720236183239
8.486403070895904, 83.95294107460606
-4.392001085716174, 83.6126221847068
-4.446888228963417, 83.61091860883326
-15.325511965975466, 83.36113885478613
-17.37895241839442, 83.3220340353321
-17.37895241839442, 81.57099282025972
-17.37895241839442, 80.65786284963202
-17.37895241839442, 80.04482654455087
-17.37895241839442, 76.80847504786543
-17.37895241839442, 73.86518881109208
-17.37895241839442, 68.8967950772001
-17.37895241839442, 61.275770208287824
-9.391577114032543, 61.5024019281942
8.486403070895904, 62.009667111482855
8.486403070895904, 82.78836292520461
8.486403070895904, 83.27386422869263
8.486403070895904, 83.71761146166715
Holes:
Exterior:
8.486403070895904, 44.974651475792015
8.486403070895904, 50.28479826691886
-2.8742785176370944, 53.61667775089424
-17.37895241839442, 57.870632499566
-17.37895241839442, 53.175959881001766
-17.37895241839442, 43.03111527700804
4.410466162839157, 36.64075767321423
-7.617808677847961, 32.764601449359795
-17.37895241839442, 29.619036639527394
-17.37895241839442, 26.906699154292035
-17.37895241839442, 14.390910039668604
-8.896490572919902, 17.12440838126782
8.486403070895904, 22.72609711422881
8.486403070895904, 35.445358337387056
8.486403070895904, 36.68358855991246
8.486403070895904, 37.95426532333832
8.486403070895904, 44.974651475792015
Holes:
Exterior:
8.486403070895904, -83.94435264895574
8.486403070895904, -83.87878114305188
8.486403070895904, -83.8347624970746
8.486403070895904, -83.6023639032336
8.486403070895904, -83.39101124125317
8.486403070895904, -65.67801247579618
8.486403070895904, -62.12678872157377
-2.5326469427823213, -61.814122681801656
-17.37895241839442, -61.3928580961482
-17.37895241839442, -67.22117760937772
-17.37895241839442, -73.98228382420851
-17.37895241839442, -80.16197757995833
-17.37895241839442, -80.77498260949625
-17.37895241839442, -81.68813343503955
-17.37895241839442, -83.43917483790449
-4.508220153716593, -83.72695381788914
-4.4455735366505, -83.728101191942
8.313462049748523, -84.06494673724012
8.486403070895904, -84.07009137521442
8.486403070895904, -83.94435264895574
Holes:
Exterior:
8.486403070895904, -38.07134006480048
8.486403070895904, -36.80066966743982
8.486403070895904, -35.56243307884922
8.486403070895904, -28.40148039676588
8.486403070895904, -22.84317185569097
-2.7872649088458274, -19.210199107006535
-17.37895241839442, -14.507984781130762
-17.37895241839442, -19.325629936975567
-17.37895241839442, -29.73611138098955
4.410466162839157, -36.75783241467639
-7.617808677847961, -40.28546108003724
-17.37895241839442, -43.1481900184702
-17.37895241839442, -45.82110081579551
-17.37895241839442, -57.98770724102816
-8.718559194449881, -55.447772794212405
8.486403070895904, -50.401873008381024
8.486403070895904, -38.07134006480048
Holes:
Exterior:
29.790553816889997, 11.141490095089233
29.450528494500077, 11.141490095089233
29.450528494500077, -11.150398101044823
29.450528494500077, -11.258564836551392
29.52835347097448, -11.258564836551392
29.790553816889997, -11.258564836551392
38.34220523958129, -11.258564836551393
42.25087799433868, -11.258564836551393
57.79555286595087, -11.258564836551392
57.79555286595087, 0.5727900522187229
57.79555286595087, 11.141490095089233
48.7699382200185, 11.141490095089233
42.25087799433868, 11.141490095089232
38.34220523958129, 11.141490095089232
29.790553816889997, 11.141490095089233
Holes:
Exterior:
29.790553816889997, 29.19723388399277
42.401912072265304, 25.498580073267664
57.79553255756582, 20.983914854007804
57.79553255756582, 27.90476007817067
57.79539665014818, 35.82344568524287
56.17889624053032, 36.297539091652844
53.25842758862041, 37.15406333727673
57.79539665014818, 38.61612670234302
57.79539665014818, 40.46781449409073
57.79555286595087, 53.84446645661925
48.691264574446905, 50.910564197118816
42.25087799433868, 48.8350638579426
29.790553816889997, 44.819693278264914
29.450529153885782, 44.71012075690425
29.450528494500077, 44.63658616527791
29.45052943174801, 44.520383379548086
29.45052943174801, 29.48184926440682
29.450528494500077, 29.29695528005381
29.52835347097448, 29.27413052238021
29.790553816889997, 29.19723388399277
Holes:
Exterior:
29.790553816889997, -44.936768019727076
42.25087799433868, -48.95213859940476
57.79555286595087, -53.96154119808142
57.79555286595087, -46.77660196552526
57.79539665014818, -38.73326846075755
56.17889624053032, -38.212349100432
53.25842758862041, -37.271214372684206
57.79539665014818, -35.94058744365741
57.79539665014818, -34.136184484948465
57.79553255756582, -21.100989595469958
48.90282600306227, -23.708998077510138
42.401912072265304, -25.61565481472982
29.790553816889997, -29.314308625454924
29.450528494500077, -29.414030021515963
29.450528494500077, -29.485687416752484
29.45052943174801, -29.598924956456994
29.45052943174801, -44.637459071598265
29.450529153885782, -44.827195498366414
29.529609936177167, -44.85267970108561
29.790553816889997, -44.936768019727076
Holes:
Exterior:
29.790553816889997, -71.81410992856304
38.34220523958129, -72.04874856592954
42.25087799433868, -72.1506342911588
57.79555286595087, -72.58142395146662
57.795545841987405, -67.58033970053849
57.795545841987405, -63.55704918105082
49.239942578777345, -63.304788596237756
42.8814235250577, -63.11254422440403
31.058214230005888, -62.76832143849421
29.450532909420872, -62.72089320808751
29.450532909420872, -70.37539873210368
29.450528494500077, -71.80504638383918
29.790553816889997, -71.81410992856304
Holes:
Exterior:
29.790553816889997, 71.69710945440441
29.450528494500077, 71.68804719949675
29.450532909420872, 70.25838827316298
29.450532909420872, 62.60381846662535
31.058214230005888, 62.65123802834887
42.8814235250577, 62.99539318899656
57.795545841987405, 63.4399324220028
57.795545841987405, 67.46322294149049
57.79555286595087, 72.46434921000447
42.25087799433868, 72.03355954969665
38.34220523958129, 71.9316738244674
29.790553816889997, 71.69710945440441
Holes:
Exterior:
74.2611447390766, -64.0513815897343
69.27982219880141, -63.90721018423255
69.27982852462469, -71.74162157980726
69.27982852462469, -77.49338647455842
69.27982852462469, -85.72749819783202
74.5249085555347, -85.862010168082
78.38086985648295, -85.9876015265515
95.41824468267032, -86.54374807011332
95.41235623760178, -77.4514138848076
95.29184019630475, -64.6683718273314
94.8170663526829, -64.65185428817601
94.57464611644627, -64.64427710650433
94.19575698091467, -64.63279349010898
92.52960448388342, -64.58238421113388
83.52946008802155, -64.32008849076915
74.2611447390766, -64.0513815897343
Holes:
Exterior:
-44.68957045825459, 69.75866233630018
-44.68957045825459, 73.09697025014839
-44.68957045825459, 76.16681968493299
-49.724408837583724, 76.04010482974408
-54.86674999619413, 75.91067459968188
-57.49016860278584, 75.8446303538783
-57.49016860278584, 71.30376162728876
-57.49016860278584, 69.4365492991908
-63.01648721978859, 69.29858898464617
-73.4842713954265, 69.03942980246
-73.4842713954265, 78.58393467910173
-73.4842713954265, 80.21953601288332
-73.48594905644563, 81.85665014824455
-74.66781197577802, 81.82856574765582
-82.60027876042227, 81.69742364282652
-98.44267137127554, 81.34473003352646
-98.40177945242272, 68.46015116827736
-98.36700812655067, 59.09855579092948
-93.97770244859021, 59.199992864472854
-85.19362668340818, 59.41871214850022
-78.9656935051296, 59.581812971065794
-83.16697794766515, 58.34967086859235
-83.9384469262759, 58.123401964450714
-83.94732984051302, 47.238284593268645
-83.94168729270041, 43.28312845000245
-75.72179893987868, 45.69379259695604
-63.88970473559834, 49.16395103258923
-63.88970473559834, 46.09579384972149
-63.88970473559834, 21.823023908565798
-75.72179893987868, 24.987745649921376
-80.37412801707774, 26.231987056598385
-83.94168729270041, 27.18617496515048
-83.937315773014, 15.07685768313682
-83.93888399868501, 12.66916267003834
-83.06225421023191, 12.434693835650624
-78.60341008391401, 11.242158142689437
-78.2271681145046, 11.141490095089235
-78.60341008391401, 11.141490095089235
-83.06220299704319, 11.141490095089235
-83.94217211114346, 11.141490095089235
-89.47481301757944, 11.141490095089235
-91.2621688682973, 11.141490095089235
-98.44267137127554, 11.141490095089235
-98.42655971289355, 5.397262065636016
-98.37871372127483, -0.05861366467638922
-98.38703188944987, -3.6150946979128515
-98.44267137127554, -11.25856483655139
-91.2621688682973, -11.25856483655139
-89.47481301757944, -11.25856483655139
-83.94217211114346, -11.25856483655139
-78.60341008391401, -11.25856483655139
-78.2271681145046, -11.25856483655139
-78.60341008391401, -11.359232884151591
-83.06225421023191, -12.551768577112778
-83.93888399868501, -12.786237411500494
-83.94719501196323, -23.404230117519425
-83.94168729270041, -27.303294624624492
-75.72179893987868, -25.104836807521693
-63.88970473559834, -21.940174943973265
-63.88970473559834, -46.21287715277394
-63.88970473559834, -49.28102577405139
-75.72179893987868, -45.8108673384182
-80.37412801707774, -44.44649290835688
-83.94168729270041, -43.40020319146461
-83.93705048490119, -56.05075658409007
-83.9384469262759, -58.24054669204308
-83.16697794766515, -58.4668163606769
-78.9656935051296, -59.69896400647327
-83.16904530791612, -59.59055953419888
-85.19362668340818, -59.535863183907686
-88.80361697884223, -59.453632996265156
-93.97770244859021, -59.31709755538429
-98.36700812655067, -59.215674434556
-98.38870090206751, -66.33105073423135
-98.44267137127554, -81.46184106863178
-74.6678119757778, -81.94557152643893
-73.48594905644563, -81.97368145622058
-73.48456734464412, -80.59207699405148
-73.4842713954265, -80.33655393369924
-73.4842713954265, -70.79210587770378
-73.4842713954265, -69.15652401722123
-63.01648721978859, -69.41567413642682
-57.49016860278584, -69.55370033459826
-57.49016860278584, -74.0945149980779
-57.49016860278584, -75.96170509534045
-54.86674999619413, -76.02774934114403
-49.724408837583724, -76.15721236537289
-44.68957045825459, -76.28397072034045
-44.68957045825459, -72.94562306141927
-44.68957045825459, -69.87573707776232
-39.56017068022061, -70.00586156786362
-38.28972914966084, -70.03809059338732
-38.28972914966084, -65.00722783528634
-38.28972914966084, -49.28102577405139
-38.28972914966084, -42.910729807417944
-38.28972914966084, -22.997532732059202
-38.28972914966084, -11.878143890140192
-38.28972914966084, 22.880457990597048
-38.28972914966084, 42.79365506595578
-38.28972914966084, 49.16395103258923
-38.28972914966084, 64.89009529114301
-38.28972914966084, 69.92093955797986
-39.56017068022061, 69.88872567767491
-44.68957045825459, 69.75866233630018
Holes:
Exterior:
73.54300062833636, 43.69089277464058
79.99900763110588, 45.771381062015514
79.99455861606316, 56.68183262981909
79.99775613785766, 60.999237072365304
77.64625534679999, 60.241436152278105
69.26601657575179, 57.54085073785756
69.26601657575179, 47.76413070705998
69.2599084481767, 42.31062901676326
73.54300062833636, 43.69089277464058
Holes:
Exterior:
73.54300062833636, -31.322060308396356
79.99900763110588, -29.428612503288676
79.99487644386261, -19.015225526413527
79.9982259375306, -14.589239865931521
77.5124141952424, -15.318294136745932
69.26583223365697, -17.73698256097561
69.26583223365697, -27.264079322145246
69.2599084481767, -32.57821315374657
73.54300062833636, -31.322060308396356
Holes:
Exterior:
92.52960448388342, 64.46530946967174
94.57464611644627, 64.52719524418661
94.8170663526829, 64.5347748401611
95.29184019630475, 64.55129708586925
95.29200472265097, 64.95555623027118
95.41824468267032, 86.42659703470586
81.0515046472151, 85.95747655257952
78.38086985648295, 85.87045049114404
74.5249085555347, 85.74485913267453
69.27982852462469, 85.61037445430054
69.27982852462469, 77.37631173309627
69.27982219880141, 66.49825003214536
69.27982219880141, 63.79008222101757
79.09255756685275, 64.07488881698889
83.52946008802155, 64.203013749307
92.52960448388342, 64.46530946967174
Holes:
Exterior:
79.99900763110588, 29.311501790363657
74.04418297300651, 31.05794660157924
69.2599084481767, 32.46109483745686
69.2599084481767, 26.09712827406471
69.26583223365697, 17.619907819513454
77.5124141952424, 15.201219395283774
79.9982259375306, 14.472165124469363
79.99487644386261, 18.8981280350102
79.99900763110588, 29.311501790363657
Holes:
Exterior:
79.99900763110588, -45.88849177494053
74.04418297300651, -43.96949646835271
69.2599084481767, -42.42774733305296
69.2599084481767, -48.95848323971288
69.26601657575179, -57.65795279170175
77.64625534679999, -60.3585274626121
79.99775613785766, -61.116311813827465
79.99455861606316, -56.79892899637264
79.99900763110588, -45.88849177494053
Holes:
Exterior:
-27.76315030024807, 60.916089335203765
-27.886006033928425, 60.95210518929301
-27.966242821535843, 60.97562705797986
-27.886006033928425, 60.977862607483154
-27.76315030024807, 60.98128560188007
-20.11351367493444, 61.198049508484
-20.11351367493444, 62.37735586177054
-20.113520170924858, 65.4812078396081
-20.113520170924858, 70.38970781252614
-23.41138957360249, 70.30280599632282
-32.92878395969137, 70.05943977585379
-32.9287870315743, 68.91216136310346
-32.92879354833167, 65.27568283732943
-32.92879354833167, 55.29769621355316
-32.9287870315743, 47.591683874514565
-30.629888399565743, 46.9174585724627
-20.113503595866632, 43.83309904012562
-20.11352424784309, 45.78113799460495
-20.11352424784309, 58.67263224799604
-22.22096546703665, 59.29071257786024
-27.76315030024807, 60.916089335203765
Holes:
Exterior:
-27.76315030024807, -61.098405884331555
-27.966242821535843, -61.09277809338733
-27.76315030024807, -61.03320961765526
-20.11352424784309, -58.78970698945821
-20.113503595866632, -55.368186673835645
-20.113503595866632, -43.950173781587786
-22.22096546703665, -44.56824603270954
-32.9287870315743, -47.70875861597673
-32.9287870315743, -49.57184117507918
-32.92879354833167, -55.41481057408533
-32.92879354833167, -65.39283387273689
-32.92878395969137, -70.1765754172168
-27.93283310311358, -70.30648902977177
-20.113520170924858, -70.50681817627348
-20.113520170924858, -65.59831820335545
-20.11351367493444, -61.31512424994616
-22.22096546703665, -61.254134933245474
-27.76315030024807, -61.098405884331555
Holes:
Exterior:
-30.629888399565743, -25.465945428325664
-20.113503595866632, -28.854892111693125
-20.11351367493444, -26.878118723061522
-20.11351367493444, -13.626764352919663
-22.22096546703665, -12.947635803013966
-27.462397606692093, -11.258564836551392
-20.11351367493444, -11.258564836551392
-20.11351367493444, -8.350810157330088
-20.11351367493444, 11.141490095089233
-22.22096546703665, 11.141490095089233
-27.462397606692093, 11.141490095089233
-20.11351367493444, 13.509689611457503
-20.113503595866632, 17.020830468779142
-20.113503595866632, 28.737817370230967
-22.22096546703665, 28.058679958036183
-32.9287870315743, 24.60804189474943
-32.9287870315743, 22.696166026703413
-32.928788031033946, 17.068137989909832
-32.928788031033946, -6.094264323080517
-32.928788031033946, -17.185212731371987
-32.9287870315743, -24.725116636211585
-30.629888399565743, -25.465945428325664
Holes:
