Exterior:
-131.72549940422255, -124.74595112821089
-131.7259960917886, -121.534152622596
-131.74777177593774, -112.55883452354392
-131.75674956674186, -103.69730775559522
-154.1710611894241, -102.47247276268641
-154.28624542414946, -102.46612880091838
-154.62167794543916, -102.44794944843419
-154.57992327357817, -122.84050637377157
-154.58176548037784, -123.28938931814363
-154.58219599195218, -123.4646668888454
-154.2799668140733, -123.47953086008354
-154.14047214787934, -123.48675840169464
-153.6175298926919, -123.51595537656632
-148.82672009557518, -123.78341666257829
-131.72549940422255, -124.74595112821089
Holes:
Exterior:
-131.72549940422255, 126.45513155997182
-148.82672009557518, 125.4926145182048
-153.6175298926919, 125.22515001809813
-154.14047214787934, 125.1959547883326
-154.2799668140733, 125.18872771047543
-154.35263050226786, 125.18496251148414
-154.58219599195218, 125.17386449141706
-154.57992327357817, 124.54970309968243
-154.62167794543916, 104.15714614478864
-154.4836829272558, 104.16507113162149
-154.28624542414946, 104.1753266565449
-134.26665405749623, 105.26870887017782
-131.75674956674186, 105.4064480344643
-131.7259960917886, 123.24333886395371
-131.72549940422255, 126.45513155997182
Holes:
Exterior:
-131.72548963039208, 4.40645760780606
-131.73574528408983, 8.16626378449896
-131.73469090769458, 11.547178732704678
-137.6075765148414, 12.835549845980287
-140.62654973632993, 13.497867639028039
-140.6362436675263, 8.958759740564
-140.61337104747554, 0.8545989278132554
-140.61009636645815, -0.6806733199653251
-140.62654973632993, -11.788716180143046
-137.6075765148414, -11.126402213288054
-131.73469090769458, -9.83798087707817
-131.72548963039208, -2.697259752179551
-131.72548963039208, 4.40645760780606
Holes:
Exterior:
-88.53192369172689, -60.584207241453534
-97.44740210428256, -63.07368249039562
-105.51331246234997, -65.3260390962291
-110.37204390131421, -66.68282135018504
-110.37204390131421, -67.47552374990603
-110.37204943998665, -68.94181182888462
-110.37197357247942, -81.34380119163238
-110.37194146310276, -85.17753265357719
-108.94412848350339, -85.73460152997036
-103.83847269428247, -87.72670125729313
-97.44740210428256, -90.2202734998986
-78.85335776544707, -97.4747013508503
-78.85324100479829, -86.44562272699763
-78.85324020137773, -81.23903768519385
-83.05915415172387, -79.59809307464526
-91.84516842891219, -76.17016608683518
-78.85324020137773, -72.5423405321704
-78.85324020137773, -68.13222234812571
-78.85336242276776, -57.881572965913094
-88.53192369172689, -60.584207241453534
Holes:
Exterior:
45.55374811928721, -114.03621349087344
39.198632065550555, -113.6321338233672
31.2240224493529, -113.1467715260842
25.98917163763724, -112.82881498822437
25.98961825048673, -115.21173060494269
26.01019024997356, -127.61960302916579
26.01019024997356, -134.22547026890433
36.60764224891807, -134.89957296230722
53.9556553071277, -136.0142384977091
53.955655307127586, -134.22055737566959
53.959654833601576, -115.39986988472864
53.95006579245694, -114.57009926821715
45.55374811928721, -114.03621349087344
Holes:
Exterior:
-154.6140042347879, 23.64784451819756
-154.61394272904772, 22.766082147336814
-154.24877248211908, 22.786019737545278
-153.44981808098385, 22.82874912848312
-131.74880498126436, 24.00951234691685
-131.74754595456852, 36.063664742088164
-131.74410641040504, 46.54107372606894
-135.88597914157526, 46.30657994889901
-153.16257380917887, 45.37615241253418
-154.147171894268, 45.32354293188042
-154.26358099409072, 45.31717056341779
-154.61475535848945, 45.297946873448666
-154.6140042347879, 23.64784451819756
Holes:
Exterior:
-131.73725809632606, 62.31519117169227
-131.7235988454837, 73.96265762940233
-131.7228410385644, 78.55652332984187
-131.73569770675704, 89.01855260311355
-137.75793721442153, 90.70006397176154
-140.62851245026923, 91.50164399479998
-140.60889266843617, 77.72902699581816
-140.6094189993538, 76.83553890123672
-138.00086911250594, 76.10713188679763
-140.162492924263, 75.2637680446325
-140.6094189993538, 75.08939153686963
-140.60877501473806, 74.05027697644374
-140.6293964523735, 58.84582121992013
-134.34124904285773, 61.29922867747615
-131.73725809632606, 62.31519117169227
Holes:
Exterior:
-131.73725809632606, -60.60605030382084
-137.67539012525208, -58.28914259630112
-140.6293964523735, -57.13662336429362
-140.60877501473806, -72.34100771099327
-140.6094189993538, -73.38012121071583
-138.00086911250594, -74.3978577372258
-140.162492924263, -75.0014647144607
-140.6094189993538, -75.12627239850094
-140.60889266843617, -76.01975749665493
-140.62851245026923, -89.79244613917346
-137.75793721442153, -88.99086611613502
-131.73569770675704, -87.3094125995107
-131.7228410385644, -76.84729291862192
-131.7235988454837, -72.25342665165941
-131.7378982426642, -64.58486444787852
-131.73725809632606, -60.60605030382084
Holes:
Exterior:
125.8662707118458, -74.92124283743907
136.34727541874406, -72.03678901163987
136.34727541874406, -75.03713744960534
136.34727541874406, -107.41795356242112
125.8662707118458, -103.24970003100105
111.50645614816835, -97.53878512821716
95.0075306862044, -90.97717933548115
95.00755158320817, -95.4918781552539
95.00755158320817, -107.33238572317687
124.48600832890031, -119.05590827433518
105.372828541192, -117.83189123734161
95.00755158320817, -117.15205721538254
95.0075306862044, -119.02262020121988
95.0075306862044, -125.78205104712042
125.8662707118458, -127.85390671789371
127.67270996885759, -127.97823928154487
127.67270996885759, -138.64278123326025
127.67270996885759, -139.77027970864972
127.67393649941869, -140.23571914862507
127.67865888221036, -140.90349316330528
128.66026419894, -140.97707534567095
154.939126057493, -142.879463416347
154.92156455127645, -135.24170304016397
154.8424564665488, -127.25229638701133
154.83767831494788, -121.07778477747736
148.54122121210582, -120.6496272815632
146.7075309366087, -120.52425866600811
146.7075309366087, -79.46759748932615
146.7075309366087, -61.05674197013572
148.16132240620436, -61.1495220693298
154.83835966842196, -61.57492990734696
154.84227055394967, -49.289852074404436
154.85805287801986, -39.0111062632718
150.35838309723454, -38.720703197665465
146.70753045707022, -38.48293175749891
146.70753045707022, -29.048191992963233
146.7075309366087, 0.8545989278132552
146.70753045707022, 30.757389848589746
146.70753045707022, 40.19211156777696
147.5899756111952, 40.24872065122509
154.85805287801986, 40.72030411889831
154.84227055394967, 50.99904993003095
154.83835966842196, 63.284127762973476
148.71744062138396, 62.89371436872816
146.7075309366087, 62.76591621983151
146.7075309366087, 103.82263008452806
146.7075309366087, 122.23349740668385
148.33550055250294, 122.34409658103206
154.83767831494788, 122.78694554839556
154.8424564665488, 128.96142884863696
154.939126057493, 144.58859930220677
145.54360625475033, 143.88707241591396
127.67865888221036, 142.61261930651085
127.67393649941869, 141.94484854066792
127.67270996885759, 141.47941458420183
127.67270996885759, 130.81490412252364
127.67270996885759, 129.68740564713417
125.8662707118458, 129.56306642654755
95.0075306862044, 127.49124074810183
95.00755158320817, 125.08533245624241
95.00755158320817, 118.86129321798171
124.48600832890031, 120.76514427693435
105.30779242547794, 113.1380185772147
95.00755158320817, 109.04162172577604
95.0075306862044, 105.54536952970899
95.0075306862044, 92.68642902111769
125.8662707118458, 104.95879232382204
136.34727541874406, 109.12711327107498
136.34727541874406, 76.74633207034088
136.34727541874406, 73.74598686726638
125.8662707118458, 76.63044069306558
111.50645614816835, 80.58239175280006
95.0075306862044, 85.12303646365432
95.00754930413393, 81.36743574229878
95.00754930413393, 70.51211887849628
124.91799925393002, 62.28050596498652
127.49595705936906, 61.57099907429763
124.91799925393002, 61.41182070022155
106.02763671537923, 60.26801966607025
95.00754930413393, 59.586514648572724
95.00750562843655, 53.70643335833293
95.00750562843655, 37.02220841416757
124.83952792092373, 38.837342186399994
126.91124026249406, 38.96495049031326
124.83952792092373, 38.035325951488524
105.94278267927507, 29.555614352966316
95.00750562843655, 24.648518262679282
95.0075306862044, 20.97189407608841
95.0075306862044, 7.449433304980654
125.8662707118458, 21.296969610110388
136.34727541874406, 26.000167775469507
136.34727541874406, 2.986961419882578
136.34727541874406, -20.02631475986771
136.34727541874406, -22.695274673787747
136.34727541874406, -24.291046213788306
125.8662707118458, -19.587848048429187
110.87953450832583, -12.862706083459566
95.0075306862044, -5.740311743299455
95.00750562843655, -10.221031196435737
95.00750562843655, -22.93932040705277
124.83952792092373, -36.32612809586201
126.91124026249406, -37.25575263468674
124.83952792092373, -37.12820950355382
105.89103483226427, -35.98379514986026
95.00750562843655, -35.31301055854106
95.00754930413393, -41.11453646733213
95.00754930413393, -57.87739308689152
124.91799925393002, -59.70263379438022
127.49595705936906, -59.86187751261643
124.91799925393002, -60.571384403305316
95.00754930413393, -68.80299731681508
95.0075306862044, -71.9263572615795
95.0075306862044, -83.41377862337269
125.8662707118458, -74.92124283743907
Holes:
138.59803039835867, 113.64360876575921
138.5995587910919, 121.6958878565596
140.54950062772662, 121.82448029330699
142.7471167273378, 121.9694060567195
142.7471167273378, 92.94679565020013
142.7471167273378, 62.51795952351638
138.59914473115873, 62.2604153431474
138.59803039835867, 69.79721107164484
138.59803039835867, 92.7351779347924
138.59803039835867, 113.64360876575921
138.59803039835867, -91.02600481026079
138.59803039835867, -68.08801321601833
138.59914473115873, -60.55121748752089
140.76643357705052, -60.68581328458352
142.7471167273378, -60.80876166788987
142.7471167273378, -89.83133482974019
142.7471167273378, -120.26013190714768
140.54950062772662, -120.1152107344971
138.5995587910919, -119.98662237112664
138.59803039835867, -111.93440880947209
138.59803039835867, -91.02600481026079
138.59803039835867, 0.8545989278132552
138.59803039835867, 17.156743138814022
138.59803039835867, 30.904395553222272
138.59925709925812, 39.688257885951394
140.14074582576495, 39.78508590417287
142.7471167273378, 39.94494621785232
142.7471167273378, 19.937463789995096
142.7471167273378, 0.8545989278132552
142.7471167273378, -19.15292254932022
142.7471167273378, -38.23582465617112
140.14074582576495, -38.075964342491666
138.59925709925812, -37.97911634074883
138.59803039835867, -29.19527399154107
138.59803039835867, -15.447594745377305
138.59803039835867, 0.8545989278132552
Exterior:
-153.16257380917887, -43.66695455690767
-131.74410641040504, -44.831875870442424
-131.7452278144525, -34.09421313659711
-131.74880498126436, -22.30035530021476
-136.70836372383224, -22.020817825395852
-153.44981808098385, -21.119623681675325
-154.13128247073746, -21.08332065566968
-154.24877248211908, -21.076896180201178
-154.61394272904772, -21.05695750179254
-154.6146928394803, -42.67792968854363
-154.61475535848945, -43.58874901782215
-154.26358099409072, -43.607972707791276
-153.16257380917887, -43.66695455690767
Holes:
Exterior:
-109.00829726863833, 106.64318943994094
-104.00492429688848, 106.91853552131566
-97.44740210428256, 107.28592559893697
-78.85335776544707, 108.35587901442473
-78.85336242276776, 112.81615193702571
-78.85336242276776, 116.62837479215322
-97.44740210428256, 115.52599884642227
-103.83847269428247, 115.15890661034402
-110.3719498445646, 114.78836496554975
-110.37199896388222, 107.26693548633658
-110.37199096773065, 106.56568153966892
-109.00829726863833, 106.64318943994094
Holes:
Exterior:
80.31089846561906, 0.8545989278132552
82.06163805245103, 1.640167388135799
88.38013359430238, 4.475465166624125
88.38012924030363, 6.314226712216672
88.38012924030363, 21.674559696510734
87.3246150071243, 21.200909882219552
75.57741815513623, 15.929549084759996
75.5774067582214, 12.375502548257467
75.5773922181279, 3.189820663303087
75.5773922181279, -1.480622807676577
75.57741815513623, -14.220351229133486
78.90338109054323, -15.712834900364157
88.38012924030363, -19.965361840884217
88.38013359430238, -18.456593279372118
88.38013359430238, -2.766343604942927
87.33552912054336, -2.2976008549814178
82.06163805245103, 0.06899182664170367
80.31089846561906, 0.8545989278132552
Holes:
Exterior:
26.00266640500763, 73.62201390407883
26.000177989645067, 65.24246127009454
36.60105166613937, 69.458370612724
53.93845621789319, 76.35343618710512
53.93267275429048, 81.81623889339812
53.931982701926245, 92.7060079970423
53.935931046468795, 95.12960672247762
53.935931046468795, 96.42621166530718
36.35944247919133, 101.26336156364789
26.000037409723518, 104.11436189816953
26.001185236765537, 96.76277465095163
25.988853952632667, 89.50657137630363
37.74894778202531, 86.27009575398513
30.782731858480247, 83.49966922053368
25.988853952632667, 81.5931244180663
26.00266640500763, 73.62201390407883
Holes:
Exterior:
-67.87495329675176, 56.525162018357165
-52.591449348016, 52.25737189845583
-48.65516598750594, 51.15824883015701
-52.591449348016, 50.93529639794439
-67.86394349115585, 50.073654853934116
-67.86384428435576, 48.22184501816935
-67.87893236099558, 32.515771754158806
-67.88118903235772, 27.54752463102639
-54.95368893672469, 28.259002614336694
-64.17744971616867, 25.219368325107144
-67.87157622528377, 24.002003683608052
-67.87546280685478, 13.210737741112725
-67.86954702273556, 8.672549342429045
-52.591449348016, 13.70734533260235
-51.58474706675793, 14.039114991190798
-39.65278561641219, 17.971298146563257
-39.65278561641219, 12.178799538268239
-39.65278561641219, -16.262100290936743
-51.58474706675793, -12.32991713556429
-52.591449348016, -11.99814747697584
-60.900076774621766, -9.260098032685365
-67.86954702273556, -6.963351486802536
-67.86757496064274, -16.89087736748654
-67.87157622528377, -22.292805827981535
-54.95368893672469, -26.54980475871018
-67.88118903235772, -25.8383436039628
-67.86384428435576, -46.512647162542834
-67.86394349115585, -48.3644569983076
-52.591449348016, -49.22609854231788
-48.65516598750594, -49.44905097453049
-52.591449348016, -50.54822172299018
-67.87495329675176, -54.81598675797656
-67.87495329675176, -65.13488993233248
-67.86960835343575, -69.47530540057654
-52.591449348016, -65.20904745591525
-51.58474706675793, -64.92792824536824
-39.65278561641219, -61.59611518351487
-39.65278561641219, -67.50771589956942
-39.65278561641219, -96.533401560468
-51.58474706675793, -91.87798989882084
-52.591449348016, -91.4852029246552
-60.92609423312331, -88.23341137989524
-67.86960835343575, -85.52436150670844
-67.86872076860391, -95.13339919890934
-67.87379437626544, -101.75843450810122
-53.465938503780876, -107.37981919450256
-51.33247311641219, -108.21209723917893
-53.465938503780876, -108.08839724031581
-67.87996654338986, -107.28074736133942
-67.88237391143821, -113.13724518922956
-67.86894695736419, -121.67972335333963
-67.86894695736419, -128.44028666791831
-52.591449348016, -129.34077882803837
-43.42802541476806, -129.8918492459932
-43.42905323342018, -126.46975580259031
-43.42905323342018, -120.42472826699027
-43.42905323342018, -117.00100712522071
-36.775186810276296, -117.39968464377922
-33.25263913203719, -117.6125794169133
-33.25263913203719, -121.9454023107121
-33.25263913203719, -124.05949408976487
-31.808879216566424, -124.14735479333427
-24.80299697548662, -124.57434414072289
-21.28138156750458, -124.78885979673696
-20.45295651484969, -124.83952338663987
-20.45295651484969, -123.04790564689556
-20.45295651484969, -118.39184577433518
-18.148181592930086, -118.53317423845823
-14.052810030474689, -118.78430182902268
-14.052810030474689, -115.73120823587672
-14.052810030474689, -98.81718451945237
-14.052810030474689, -90.42131304868909
-14.052810030474689, -78.7233506275377
-14.052810030474689, -63.95947272746018
-14.052810030474689, -36.464177438442704
-14.052810030474689, -16.262100290936743
-14.052810030474689, -1.7626484149228037
-14.052810030474689, 18.439428732583153
-14.052810030474689, 38.17337529406923
-14.052810030474689, 52.93723703711239
-14.052810030474689, 80.43253232612986
-14.052810030474689, 100.52634422810623
-14.052810030474689, 112.03642768952605
-14.052810030474689, 120.49342339070388
-18.148181592930086, 120.24234461965548
-20.45295651484969, 120.1010436299617
-20.45295651484969, 121.89268256952307
-20.45295651484969, 126.5487975362117
-21.28138156750458, 126.49809916581229
-24.80299697548662, 126.28360247380623
-31.808879216566424, 125.85654794168325
-33.25263913203719, 125.76861565144607
-33.25263913203719, 121.43584403305105
-33.25263913203719, 119.32177727253982
-36.775186810276296, 119.10886150386598
-43.42905323342018, 118.71018709233981
-43.42905323342018, 124.75519673943244
-43.42905323342018, 128.1788773642715
-43.42802541476806, 131.6009412789197
-52.591449348016, 131.04991469661175
-67.86894695736419, 130.14944637657214
-67.86894695736419, 123.38890306673774
-67.88237391143821, 114.84646564659386
-67.87996654338986, 108.98996550560285
-53.465938503780876, 109.79757262137859
-51.33247311641219, 109.92129509480544
-53.465938503780876, 109.08894962643782
-63.33586501921445, 105.23810269786753
-67.87379437626544, 103.46761208156424
-67.87549827693351, 92.03948822212395
-67.86960835343575, 87.23355095195214
-52.591449348016, 93.19437216649726
-51.58474706675793, 93.58717095610143
-39.65278561641219, 98.2425231221492
-39.65278561641219, 94.90389033109909
-39.65278561641219, 92.33092240609464
-39.65278561641219, 79.84278469576836
-39.65278561641219, 63.30523674519607
-51.58474706675793, 66.63716879824823
-52.591449348016, 66.91829299170263
-60.92609423312331, 69.24563968588993
-67.86960835343575, 71.18453719798431
-67.86960835343575, 63.0460182953456
-67.87495329675176, 56.525162018357165
Holes:
Exterior:
30.782731858480247, -86.4780539205211
25.988853952632667, -87.7973635050629
26.001185236765537, -95.05355760209349
26.000037409723518, -102.40514424787882
49.71391493560884, -95.87894056305767
53.935931046468795, -94.71701719494841
53.935931046468795, -93.42041225211887
53.931982701926245, -90.99681014141579
53.93584561009129, -90.99832197593946
53.93267275429048, -80.10699023757017
53.93845621789319, -76.69052296574645
53.93845621789319, -74.64417158341836
36.60105166613937, -67.74917275709748
26.000177989645067, -63.533263414468024
25.988046959288113, -75.1412088590802
25.988853952632667, -79.88392656243978
37.74894778202531, -84.56089789835862
30.782731858480247, -86.4780539205211
Holes:
Exterior:
15.275418239077453, 68.2703129907173
15.275489436926819, 77.33243572985418
10.308491404737538, 75.35706820650557
2.453077072728661, 72.23301921516892
2.45306598673767, 67.03556131931508
2.4530216214957363, 55.87788466513888
3.8046769911469482, 56.41542919464966
15.275434687156007, 60.977281417446974
15.275418239077453, 68.2703129907173
Holes:
Exterior:
15.275418239077453, -66.56111513509079
15.275434687156007, -59.268105549171466
10.94235386390983, -57.544870880818706
2.4530216214957363, -54.16869667710051
2.4530261592708484, -56.29124312851986
2.453077072728661, -70.52382135954241
7.882733157810208, -72.68318154854222
15.275489436926819, -75.62323787422767
15.275418239077453, -66.56111513509079
Holes:
Exterior:
15.275434687156007, -53.13765830500748
15.275434687156007, -46.636504322959475
15.275531880091762, -30.588346361368682
10.32039702085035, -30.293001319954556
2.453130657365705, -29.83488879544018
2.453130657365705, -34.60163634484356
2.4530216214957363, -52.382860573867255
3.8046769911469482, -52.4638922044833
15.275434687156007, -53.13765830500748
Holes:
Exterior:
15.275434687156007, 54.84685616063399
10.94235386390983, 54.588059887950806
2.4530216214957363, 54.09205842949377
2.4530216214957363, 51.174873742195956
2.453130657365705, 31.54401035712138
4.700939474501865, 31.6784955710891
15.275531880091762, 32.29749334096425
15.275531880091762, 39.81298600878733
15.275434687156007, 54.84685616063399
Holes:
Exterior:
39.198632065550555, 115.34135178029481
53.95006579245694, 116.27927024894153
53.959654833601576, 117.1090295933825
53.959654833601576, 118.36456348602853
53.9556553071277, 137.7234257436046
36.60764224891807, 136.6087655378726
26.01019024997356, 135.93468673341366
26.01019024997356, 129.32879995558534
25.98961825048673, 116.9209449540957
25.98917163763724, 114.53805099082354
39.198632065550555, 115.34135178029481
Holes:
Exterior:
15.275472227375076, -6.597143606687106
10.32039702085035, -8.230077591650153
2.45306598673767, -10.822661672072822
2.45306598673767, -15.694328336255907
2.453130657365705, -26.152765285901445
4.700939474501865, -25.412042429499255
15.275531880091762, -21.92724287487708
15.275472227375076, -14.312364939116797
15.275472227375076, -6.597143606687106
Holes:
Exterior:
15.275472227375076, 8.30630306551998
15.275531880091762, 13.413665453510403
15.275531880091762, 23.636389854472657
10.32039702085035, 25.26927624384216
2.453130657365705, 27.861902971505458
2.453130657365705, 24.622058664759848
2.45306598673767, 12.531859527699334
7.863482592522587, 10.748880605589397
15.275472227375076, 8.30630306551998
Holes:
Exterior:
15.27547238474881, -98.42250474911283
15.275489436926819, -90.74576139118409
10.308491404737538, -92.11271632648996
2.453077072728661, -94.27462327412917
2.45306598673767, -98.91775323018838
2.4530524481596103, -108.88541966324003
4.308769401855329, -108.37471346096382
15.275508036731367, -105.35660012157959
15.27547238474881, -98.42250474911283
Holes:
Exterior:
47.91303195348496, 34.231630043840845
53.96888877834135, 34.587977637848695
53.96846232299549, 54.01528303476848
53.96846232299549, 57.14543573763175
36.61448200568782, 56.11848501214626
26.015410907005844, 55.49102100120071
26.014318050057682, 45.25284241094339
26.01786981713485, 32.93950198607494
47.91303195348496, 34.231630043840845
Holes:
Exterior:
-103.84674498356458, -10.437549058589575
-97.44740210428256, -12.546382409563789
-78.8532948054318, -18.673850438821333
-78.85336242276776, -10.455882012869536
-78.85338638747908, -3.3436940059009492
-82.99118114777866, -1.9801232491190963
-91.59309323359969, 0.8545989278132554
-78.85338638747908, 5.052891861527461
-78.85334503510751, 10.38328011671336
-78.8532948054318, 20.383048294447846
-89.25957278595467, 16.953729398357762
-97.44740210428256, 14.2555234865991
-103.84674498356458, 12.146708395288885
-110.37209245035285, 9.99634599452607
-110.37209660492908, 8.643889280808889
-110.37206718813081, 6.420619979180562
-110.37194375930494, 6.419781122125532
-110.37206718813081, -4.711422123554051
-110.37209245035285, -8.28714813889956
-108.84047670236669, -8.791878890879607
-103.84674498356458, -10.437549058589575
Holes:
Exterior:
15.275489436926819, 92.45497838658041
15.275532973133977, 97.35815682772413
15.275508036731367, 107.06582411600384
10.605300029033174, 108.35106746823705
2.4530524481596103, 110.594635725511
2.4530585392690227, 108.04058024367177
2.453077072728661, 95.98379513776871
7.882733157810208, 94.48951136156703
15.275489436926819, 92.45497838658041
Holes:
Exterior:
15.275506926262551, -112.18630313681872
10.605300029033174, -111.89304045001329
2.4530524481596103, -111.39755538552348
2.4530524481596103, -112.8766225838296
2.45306598673767, -119.81886486080106
10.32039702085035, -120.30741778566892
15.275531880091762, -120.6305817388789
15.275531880091762, -117.78563083694391
15.275506926262551, -112.18630313681872
Holes:
Exterior:
15.275506926262551, 113.89552722075712
15.275506926262551, 116.56354327349898
15.275531880091762, 122.33972873857557
10.32039702085035, 122.01659223586725
2.45306598673767, 121.52801066759092
2.45306598673767, 118.83046351003169
2.4530524481596103, 113.10679138812264
4.291534230975003, 113.22284627945861
15.275506926262551, 113.89552722075712
Holes:
Exterior:
-91.84516842891219, 77.879440236407
-78.85324020137773, 82.94826593500159
-78.85324100479829, 88.15487241003143
-78.85335776544707, 99.18389920647681
-88.82840522785375, 95.29208995053833
-97.44740210428256, 91.92941457693392
-103.83847269428247, 89.43582281897433
-110.37194146310276, 86.8866609616575
-110.3719498445646, 85.45099609264135
-110.37197357247942, 83.05295878376386
-110.37204943998665, 70.65102144015538
-110.37204390131421, 68.39201920581155
-105.51331246234997, 67.03523695185561
-97.44740210428256, 64.78288034602213
-78.85336242276776, 59.59077082153961
-78.85336242276776, 67.44996388375769
-78.85324020137773, 74.25159173186017
-83.05915415172387, 75.42603318633152
-91.84516842891219, 77.879440236407
Holes:
Exterior:
-78.85335776544707, -106.64671479978591
-88.82840522785375, -106.07933608616919
-97.44740210428256, -105.57680403725577
-104.00492429688848, -105.20933654150535
-110.37199096773065, -104.85641382636456
-110.37199896388222, -105.5576742093417
-110.3719498445646, -113.07924340386855
-103.83847269428247, -113.44976576501868
-97.44740210428256, -113.81682938009135
-78.85336242276776, -114.91917693652672
-78.85335776544707, -110.2699500974294
-78.85335776544707, -106.64671479978591
Holes:
Exterior:
26.01786981713485, -31.230380424393736
26.019044801560312, -42.23984959332368
26.015410907005844, -53.781823145574194
47.234385285923054, -55.03768689523
53.96846232299549, -55.43630358529591
53.96846232299549, -52.306161473087286
53.96888877834135, -32.878856076167494
36.613559687536394, -31.85285021481532
26.01786981713485, -31.230380424393736
Holes:
Exterior:
49.63956537606418, -10.602762078956887
53.936373097645856, -9.186756772785508
53.93209451148243, -5.008383528260809
53.93209451148243, 6.71758138388732
53.936373097645856, 9.427824698247482
53.936373097645856, 10.895954628412017
36.453507438438464, 16.65729267538256
26.00148655881867, 20.101721899805298
25.98901093961956, 8.835461204237076
25.98901093961956, 4.775698465408596
37.88749758671281, 0.8545989278132553
30.829520175617063, -1.4713158237077448
25.98901093961956, -3.0665208142409575
26.00148655881867, -10.624417588776096
26.00148655881867, -18.39256270436131
49.63956537606418, -10.602762078956887
Holes:
Exterior:
-78.8532948054318, 26.926742839895013
-78.85311215193542, 44.517486589969224
-78.85311215193542, 49.46911184111293
-91.35926714052039, 48.766981708281776
-97.44740210428256, 48.42081011507267
-99.62629359169478, 48.302147714234266
-103.83847269428247, 48.06685881974447
-110.37193875240212, 47.70757900411591
-110.3719740641119, 27.868911005235624
-110.37198280993834, 25.171234229298555
-108.86238222475595, 25.25534538890274
-103.89969434611066, 25.526690727154698
-97.44740210428256, 25.883287633748132
-78.8532948054318, 26.926742839895013
Holes:
Exterior:
-78.8532948054318, -25.2175449842685
-89.25957278595467, -24.63745736143195
-97.44740210428256, -24.17408977812162
-103.89969434611066, -23.817492871528184
-110.37198280993834, -23.462036373672042
-110.3719740641119, -26.15971314960911
-110.37193875240212, -26.205055051303592
-110.37193875240212, -45.99838114848939
-108.20445586264282, -46.11879577112744
-103.83847269428247, -46.35769953140625
-99.62629359169478, -46.5930132905939
-97.44740210428256, -46.71168855339147
-91.35926714052039, -47.0578219583985
-78.85311215193542, -47.759930749062995
-78.85311215193542, -42.80828873434271
-78.8532948054318, -25.2175449842685
Holes:
Exterior:
78.86641848028557, 74.95427606222378
88.38012356490981, 72.33604967788375
88.38013359430238, 73.61778160756253
88.38013359430238, 86.94695254967158
87.33552912054336, 87.23442668992114
83.76762453983781, 88.216354298907
88.38013359430238, 90.05073439619945
88.38013441812598, 91.90342636143576
88.38013441812598, 106.40591134035603
87.27678439594752, 105.96711127092159
75.57741478605419, 101.31437597749253
75.57748008192345, 91.12828735323933
75.57748008192345, 84.95917471238354
75.5774067582214, 75.85944103353725
78.86641848028557, 74.95427606222378
Holes:
Exterior:
78.86641848028557, -56.90835175259152
88.38012356490981, -57.47257105740874
88.38012924030363, -55.05955815681824
88.38012924030363, -34.909443919357216
78.90338109054323, -34.34888074886988
75.57741815513623, -34.147493969351665
75.5774067582214, -38.81157212328431
75.5774067582214, -56.708592899639555
78.86641848028557, -56.90835175259152
Holes:
Exterior:
78.86641848028557, 58.61753000817935
75.5774067582214, 58.41777498966483
75.57741815513623, 53.711682250371624
75.57741815513623, 35.8566314387822
78.90338109054323, 36.058022130774525
88.38012924030363, 36.61864177498373
88.38012356490981, 38.999389560557994
88.38012356490981, 59.181692619089944
78.86641848028557, 58.61753000817935
Holes:
Exterior:
87.33552912054336, -87.92603492210966
83.76762453983781, -86.50708014933518
88.38013359430238, -85.23768509292688
88.38012356490981, -83.69652314650827
88.38012356490981, -70.62692811620255
87.33552912054336, -70.91441047434849
75.5774067582214, -74.1501984151679
75.5774067582214, -77.16940564558867
75.57748008192345, -83.24990056281172
75.57748008192345, -89.4190132036675
75.57741478605419, -99.6051100907711
79.06592922176458, -100.99248162068454
88.38013441812598, -104.69667533775686
88.38013359430238, -103.26193159312889
88.38013359430238, -88.34147028586831
87.33552912054336, -87.92603492210966
Holes:
Exterior:
87.33552912054336, -125.26339724032223
88.38013359430238, -125.33472203415413
88.38013441812598, -124.3474053207861
88.38013441812598, -116.72402886584193
87.27678439594752, -116.65276956871381
75.57741478605419, -115.92100408235295
75.57748830807441, -122.92547470686158
75.57748239711088, -124.50070912242677
87.33552912054336, -125.26339724032223
Holes:
Exterior:
87.33552912054336, 126.97259820845615
75.57748239711088, 126.20994512502594
75.57748830807441, 124.63471070946075
75.57741478605419, 117.63015043258538
79.06592922176458, 117.85376085541003
88.38013441812598, 118.4332648684411
88.38013359430238, 119.20087973969814
88.38013359430238, 127.04391654336708
87.33552912054336, 126.97259820845615
Holes:
