Exterior:
35.45543948625664, -55.755852649538845
35.45543948625641, -57.01728218648312
35.45543948625664, -60.55588621887478
37.54858040637055, -60.55588621887478
42.84551588415093, -60.55588621887478
42.84551588415093, -58.41211651424642
42.84551588415093, -54.15589232239041
41.084272395098196, -54.15589232239041
37.302914537400284, -54.15589232239041
37.302914537400284, -52.3585331371644
37.302914537400284, -47.75589842590603
38.948558913645684, -47.75589842590603
42.84551588415093, -47.75589842590603
42.84551588415093, -45.61210316552695
42.84551588415093, -41.355828235476345
41.084272395098196, -41.355828235476345
37.302914537400284, -41.355828235476345
37.302914537400284, -39.55846905025034
37.302914537400284, -34.95583433899197
38.948558913645684, -34.95583433899197
42.84551588415093, -34.95583433899197
42.84551588415093, -32.81206463436361
42.84551588415093, -28.5558404425076
41.084272395098196, -28.5558404425076
37.302914537400284, -28.5558404425076
37.302914537400284, -26.75848125728159
37.302914537400284, -22.155846546023223
38.948558913645684, -22.155846546023223
42.84551588415093, -22.155846546023223
42.84551588415093, -20.01207684139486
42.84551588415093, -15.755852649538847
41.084272395098196, -15.755852649538847
37.302914537400284, -15.755852649538847
37.302914537400284, -13.958514890524429
37.302914537400284, -9.355935046999784
38.948558913645684, -9.355935046999784
42.84551588415093, -9.355935046999784
42.84551588415093, -7.212139786620707
42.84551588415093, -2.955864856570097
41.084272395098196, -2.955864856570097
37.302914537400284, -2.955864856570097
37.302914537400284, -1.15850567134409
37.302914537400284, 3.444129039914278
38.948558913645684, 3.444129039914278
42.84551588415093, 3.444129039914278
42.84551588415093, 5.587898744542638
42.84551588415093, 9.844122936398653
41.084272395098196, 9.844122936398653
37.302914537400284, 9.844122936398653
37.302914537400284, 11.64148212162466
37.302914537400284, 16.244116832883027
38.948558913645684, 16.244116832883027
42.84551588415093, 16.244116832883027
42.84551588415093, 18.38788653751139
42.84551588415093, 22.6441107293674
41.084272395098196, 22.6441107293674
37.302914537400284, 22.6441107293674
37.302914537400284, 24.44146991459341
37.302914537400284, 29.044104625851777
38.948558913645684, 29.044104625851777
42.84551588415093, 29.044104625851777
42.84551588415093, 31.18787433048014
42.84551588415093, 35.444098522336155
41.084272395098196, 35.444098522336155
37.302914537400284, 35.444098522336155
37.302914537400284, 37.24147913377375
37.302914537400284, 41.84416871276584
38.948558913645684, 41.84416871276584
42.84551588415093, 41.84416871276584
42.84551588415093, 43.987938417394204
42.84551588415093, 48.24416260925022
41.084272395098196, 48.24416260925022
37.302914537400284, 48.24416260925022
37.302914537400284, 50.041521794476225
37.302914537400284, 54.64415650573459
38.948558913645684, 54.64415650573459
42.84551588415093, 54.64415650573459
42.84551588415093, 56.78790065461224
42.84551588415093, 61.044074108273655
40.53672545582435, 61.044074108273655
35.45543948625664, 61.044074108273655
35.45543948625664, 59.78266462107168
35.45543948625664, 56.24411683288303
33.6440799362756, 56.24411683288303
28.06536308836212, 56.24411683288303
28.06536308836212, 57.15912130669106
28.06536308836212, 61.044074108273655
26.751419807777893, 61.044074108273655
20.675198593807863, 61.044074108273655
20.675198593807863, 60.47547877733305
20.675198593807863, 56.24411683288303
19.8587067303622, 56.24411683288303
13.285122195913573, 56.24411683288303
13.285122195913573, 56.46630715042969
13.285122195913573, 61.044074108273655
12.96606121081345, 61.044074108273655
8.544996164091572, 61.044074108273655
8.544996164091572, 62.13285950468027
8.544996164091572, 64.1758092414741
8.544996164091572, 65.42576609440617
8.544996164091572, 66.2693899673712
8.544996164091572, 66.87713225672353
8.544996164091572, 70.61621766296115
-8.519393294871634, 70.61621766296115
-17.05497942184593, 70.61621766296115
-17.05497942184593, 68.72229557667065
-17.05497942184593, 67.44414429870334
-17.05497942184593, 56.05922275579383
-17.05497942184593, 48.24416260925022
-17.05497942184593, -8.680535584610867
-17.05497942184593, -47.75589842590603
-17.05497942184593, -59.14081996881554
-17.05497942184593, -66.95588011535916
-17.05497942184593, -68.81792471784362
-17.05497942184593, -70.12802977356229
2.5045457336207164, -70.12802977356229
8.544996164091572, -70.12802977356229
8.544996164091572, -66.8475869065788
8.544996164091572, -66.38894436732467
8.544996164091572, -65.78120207797234
8.544996164091572, -64.93757820500731
8.544996164091572, -63.68762135207522
8.544996164091572, -61.644671615281396
8.544996164091572, -60.55588621887478
13.285122195913573, -60.55588621887478
13.285122195913573, -60.3336923696767
13.285122195913573, -55.755852649538845
13.653817413785873, -55.755852649538845
20.675198593807863, -55.755852649538845
20.675198593807863, -56.324457018139285
20.675198593807863, -60.55588621887478
21.618718884023338, -60.55588621887478
28.06536308836212, -60.55588621887478
28.06536308836212, -59.64086720133286
28.06536308836212, -55.755852649538845
29.5836910584992, -55.755852649538845
35.45543948625664, -55.755852649538845
Holes:
Exterior:
-93.45718077451465, 37.0009926598601
-88.99833879684593, 38.53072266784397
-87.2217400748716, 39.06076232800399
-84.36142117329837, 39.914144232132784
-80.94546164439771, 40.838042878868364
-79.61052141403343, 41.199103405148655
-75.74036270113766, 42.14249716608226
-75.73910093978452, 46.262675652162095
-75.74160508998807, 46.755487657009404
-75.7021502642283, 54.988677293954694
-75.7021502642283, 62.18526490359074
-79.09111223434593, 61.613532116086155
-81.29360889464056, 61.18439660368335
-81.86942458835642, 61.07337494171907
-91.3822453632647, 59.07265845800556
-92.9742289780088, 58.74867146958076
-93.48045539465147, 58.64156318501345
-93.73423690315872, 58.583540459963025
-94.5082656293473, 58.395977877672074
-94.4803714682273, 39.06526768237156
-94.48649659990224, 36.647918059561306
-93.70127739001873, 36.920013922025106
-93.45718077451465, 37.0009926598601
Holes:
Exterior:
-93.45718077451465, -36.512800691500004
-93.70127739001873, -36.43182298436908
-94.48649659990224, -36.15971602621607
-94.4803714682273, -38.57707156061152
-94.5082656293473, -57.90778170791117
-93.73423690315872, -58.095349546232036
-93.48045539465147, -58.15337529561458
-92.9742289780088, -58.26048358018189
-91.3822453632647, -58.58445786434836
-81.86942458835642, -60.58511075837488
-81.29360889464056, -60.69613242033917
-79.09111223434593, -61.12526793274197
-75.7021502642283, -61.69700072024656
-75.7021502642283, -54.50041311061051
-75.74160508998807, -46.267164528375474
-75.73910093978452, -45.77435064749114
-75.74036270113766, -41.65417216178772
-79.61052141403343, -40.71083922180447
-80.94546164439771, -40.349800127264324
-84.36142117329837, -39.42591579566015
-87.2217400748716, -38.572498144659804
-88.99833879684593, -38.04245848449978
-93.45718077451465, -36.512800691500004
Holes:
