Exterior:
0.47191992614432365, -124.27949701669752
1.6113847749004435, -124.35214968870888
2.201046517625059, -124.39139387381846
7.925164907094313, -124.76183824171507
23.11750936186138, -125.78326165116562
23.117538796803046, -122.73270492514082
23.117370753336786, -117.17683561791267
13.12794403892849, -116.53700121705877
5.9452223201735706, -116.0685920911349
-2.47927709812825, -115.53734054876237
-2.5284620474416215, -115.53418833537947
-2.62332006687825, -115.52810898137956
-6.992343099934828, -115.25659767907487
-9.588553384043394, -115.10153976511084
-12.651983283011873, -114.91392725715986
-12.651983283011873, -122.13516723868834
-12.651996429018482, -123.43193436970526
-6.992343099934828, -123.78590139749
0.47191992614432365, -124.27949701669752
Holes:
Exterior:
0.47191992614432365, 124.77658808854763
-6.992343099934828, 124.282966978173
-12.651996429018482, 123.9289905504205
-12.651996429018482, 116.66810122530549
-12.651983283011873, 115.41105990923164
-2.62332006687825, 116.02523574518294
-2.575068707546734, 116.02834090416533
-2.47927709812825, 116.03450545953841
5.9452223201735706, 116.56570932182278
23.117370753336786, 117.67400052868871
23.11733323798478, 121.01188229440884
23.117509361861494, 126.28031212102368
7.925164907094313, 125.25888871157314
2.201046517625059, 124.88847690279178
1.6113847749004435, 124.84923363555312
0.47191992614432365, 124.77658808854763
Holes:
Exterior:
-60.94558815771927, 112.44887960641013
-54.75979044219082, 112.82525093689512
-36.54998906606056, 113.93388076906226
-36.55035510132916, 116.3112888091915
-36.5683509243471, 128.7205518550787
-36.5683509243471, 135.32809520463164
-58.185946319578534, 133.94006864879375
-60.9483034782013, 133.7635767429812
-60.9483034782013, 121.7323950442014
-60.94857587915442, 120.2629287082134
-60.94558815771927, 119.9669470277392
-60.94558815771927, 112.44887960641013
Holes:
Exterior:
-60.94558815771927, -111.95178697499192
-60.94558815771927, -119.46985439632098
-60.94857587915442, -119.76584009138267
-60.94857587915442, -131.7551594221603
-60.9483034782013, -133.26652114454683
-58.185946319578534, -133.44300521749426
-36.5683509243471, -134.83094983684504
-36.5683509243471, -128.2234260302815
-36.55035510132916, -115.81414550245928
-36.54998906606056, -113.43671585828622
-47.567685509858734, -112.76693429880214
-60.94558815771927, -111.95178697499192
Holes:
Exterior:
-0.9469546410571184, 56.96643060383818
-2.62332006687825, 56.86469802545638
-6.992343099934828, 56.605562488767646
-9.514314695052008, 56.45993674443193
-12.651969092764716, 56.275638093517614
-12.651969092764716, 37.32211372323951
-12.651996429018482, 33.719291305950314
-6.992343099934828, 34.047862496900414
-2.62332006687825, 34.306333157292315
-2.1418858031885293, 34.33546605341583
-1.8554978012532501, 34.35279616998763
6.1918901164494855, 34.83368568453593
23.11745958862548, 35.864115194560895
23.11745958862548, 44.37866478418287
23.1174678626453, 58.42690375169939
14.306303452105794, 57.892295436732205
7.188952857353115, 57.45434884403905
0.5422683120279999, 57.05680617975325
-0.9469546410571184, 56.96643060383818
Holes:
Exterior:
42.98561910180695, 28.775764133918557
42.98561910180695, 17.12524265998018
42.97712386022147, 11.57289593227919
64.79653988594691, 21.364167272786542
65.92873338603317, 21.872241719482084
73.77743676905925, 25.394132229557936
73.77743676905925, 2.199422009535472
73.77743676905925, -14.988620544893685
73.77743676905925, -24.897081759699876
65.92873338603317, -21.375191249624024
64.79653988594691, -20.867099895501063
50.99949471796833, -14.67569645016888
42.97712386022147, -11.075769168475814
42.97712386022147, -20.389810408868318
42.98561910180695, -28.278661983192325
49.500380464669774, -31.202063006631498
64.34140161280925, -37.86178818059831
52.41409848873013, -37.13398768852167
42.973962993151986, -36.55928562686711
42.973962993151986, -46.80928581026585
42.97233601798621, -59.12394025180377
64.79653988594691, -60.45988203050408
64.92611840968425, -60.467913058528
64.79653988594691, -60.50358773038158
49.50105104910483, -64.71306772992016
42.984771416270405, -66.50635552778888
42.984771416270405, -76.30595064665562
42.97564766904202, -81.11967091985657
64.79653988594691, -75.11433602139721
65.92873338603317, -74.80274692093128
73.77743676905925, -72.64282455755144
73.77743676905925, -79.61368226563884
73.77743676905925, -108.02398910833269
65.92873338603317, -104.90259787445594
64.79653988594691, -104.45231201935944
51.38876950471172, -99.1200074991912
42.97564766904202, -95.77412632804658
42.974567933955655, -104.52070091599698
42.9835722048673, -112.13248734881151
61.9161696792155, -119.66194382024675
48.91963771288863, -118.83542501354097
42.990891191306105, -118.45845505822383
42.98736286047222, -136.19496723817474
42.97944593808268, -140.01477483778797
52.73617700343425, -140.6702609894484
60.245343781758265, -141.1756089513218
64.79653988594691, -141.48158750072918
71.02230639589084, -141.91582645806
71.01932698315318, -140.19430590812158
71.01799972828519, -139.32973713004887
71.01799972828519, -131.57074245069126
71.01799972828519, -128.98996675610874
77.36726090471188, -129.42609083139655
79.2736577839288, -129.55763230696888
80.177278077653, -129.6199821503249
80.177278077653, -135.2807636133794
80.177278077653, -136.08101120305926
86.26505997567108, -136.50486405368736
89.09889725434903, -136.70214943433322
92.97726587062175, -136.97212448430926
92.97726587062175, -135.05557271568114
92.97726587062175, -130.50979843450457
98.13481527519855, -130.87106298129663
99.37741235499675, -130.95810165716082
99.37741235499675, -125.11039473614575
99.37741235499675, -110.53734054876237
99.37741235499675, -85.40610563529393
99.37741235499675, -75.32173385930925
99.37741235499675, -39.336729014149725
99.37741235499675, -24.897081759699876
99.37741235499675, -15.7815460227882
99.37741235499675, -10.495645958647268
99.37741235499675, 25.394132229557936
99.37741235499675, 39.83380133160836
99.37741235499675, 75.81886062311263
99.37741235499675, 85.9032323990973
99.37741235499675, 111.03446731256575
99.37741235499675, 116.88216330978052
99.37741235499675, 131.45519027399152
98.13481527519855, 131.3681664106998
92.97726587062175, 131.00696334528058
92.97726587062175, 132.92350380054455
92.97726587062175, 137.4692512481126
89.09889725434903, 137.19927619813657
86.26505997567108, 137.0019908174907
80.177278077653, 136.5781379668626
80.177278077653, 130.9173565038081
80.177278077653, 130.11710891412824
79.2736577839288, 130.054753684642
77.36726090471188, 129.92320084577707
71.01799972828519, 129.4871164295628
71.01799972828519, 137.246065289619
71.01799972828519, 139.8268409842015
71.02230639589084, 142.4129150748907
67.38816499224072, 142.15892802438952
64.79653988594691, 141.9786845712736
58.085739603701086, 141.52674387665147
52.73617700343425, 141.1673496062791
47.21772151071946, 140.79597709348306
42.97944593808268, 140.51189105988314
42.977940909127256, 127.13879573920558
42.990891191306105, 118.95560864907848
48.91963771288863, 119.3325656867027
61.9161696792155, 120.15910873102278
48.91565478393818, 114.9888284510727
42.9835722048673, 112.62964093474649
42.985801463802886, 101.55145183233486
42.97564766904202, 96.27127161876643
64.79653988594691, 104.94943032944911
65.92873338603317, 105.39972031723904
73.77743676905925, 108.52107772516341
73.77743676905925, 101.55022753285796
73.77743676905925, 73.13995132135481
65.92873338603317, 75.29987368473466
64.79653988594691, 75.61147969262801
51.38876950471172, 79.30151438800614
42.97564766904202, 81.61687397760527
42.97564766904202, 74.24164187255077
42.984771416270405, 67.0034562431032
49.50105104910483, 65.21011819977822
64.79653988594691, 61.00063820023965
64.92611840968425, 60.964963528386065
64.79653988594691, 60.95694940778957
52.35571923009002, 60.19536446103368
42.97233601798621, 59.62102097190662
42.97233601798621, 50.67215156096946
42.973962993151986, 37.05641239067049
64.34140161280925, 38.35891494440169
49.500380464669774, 31.69918977043487
42.98561910180695, 28.775764133918557
Holes:
Exterior:
20.839011712476008, -1.1416049924982794
17.74105981593425, 0.2485633819016871
23.117624051600842, 2.661221761445519
23.117624051600842, 4.645585921194671
23.117470472736613, 19.860185437935062
13.310374771906027, 15.45937247331843
5.889023758682583, 12.129131336842727
-2.62332006687825, 8.309323879948563
-6.992343099934828, 9.749083279079846
-9.653263404945847, 10.625995559484716
-12.651996429018482, 11.61420834261485
-12.651896047953187, 4.6447029915498526
-12.651896047953187, -4.14757622774648
-12.651996429018482, -8.822082253642648
-12.651996429018482, -11.117093000525802
-6.992343099934828, -9.25195651527647
-2.62332006687825, -7.812197116145188
5.889023758682583, -11.632036464032254
23.117470472736613, -19.363058674131675
23.117470472736613, -12.751841095716657
23.117624051600842, -2.164094997642145
20.839011712476008, -1.1416049924982794
Holes:
Exterior:
6.1918901164494855, -34.33655892073255
-1.8554978012532501, -33.85566940618425
-2.3618801918263443, -33.825026831079015
-2.62332006687825, -33.809206393488935
-6.992343099934828, -33.55075084392196
-9.653263404945847, -33.397707357226956
-12.651996429018482, -33.22217596386126
-12.651996429018482, -52.40340260451694
-12.651969092764716, -55.778511329714235
-6.992343099934828, -56.10843572496427
-2.62332006687825, -56.367571261653
-1.4725856585804422, -56.43743292111752
0.5422683120279999, -56.559755709895185
7.188952857353115, -56.9572688894473
23.1174678626453, -57.929826285376784
23.1174678626453, -49.94351617299115
23.11745958862548, -35.366988430757516
13.534889536242872, -34.78706831163131
6.1918901164494855, -34.33655892073255
Holes:
Exterior:
-36.575994113417664, 43.3330959609595
-36.57282182754386, 54.88389652719728
-58.188460601614224, 53.6042527472801
-60.949169946630604, 53.44078753985198
-60.949169946630604, 32.40709529559599
-60.94920451304415, 30.890859833015632
-58.18811762625148, 31.053678585971504
-36.57496964246775, 32.33211087951651
-36.575994113417664, 43.3330959609595
Holes:
Exterior:
-60.94549633842473, 12.198871930533931
-54.306942962509424, 10.011175891506312
-36.54976466265293, 4.159426214237157
-36.56071154564677, 11.726771846066445
-36.56071154564677, 19.493168462372477
-45.38488013349911, 22.4011152949211
-60.94698919051666, 27.5294208887003
-60.94549633842473, 25.858329118067328
-60.94549633842473, 12.198871930533931
Holes:
Exterior:
-60.94549633842473, -11.701745166730555
-60.94698919051666, -12.785263917584766
-60.94698919051666, -27.03229412489693
-58.12786799346395, -26.103275362858483
-36.56071154564677, -18.99608035004977
-36.54976466265293, -7.7114836315599025
-36.54976466265293, -3.662319602145435
-48.18683293997344, -7.497289503379168
-60.94549633842473, -11.701745166730555
Holes:
Exterior:
-60.94547921398828, -95.10869707267356
-60.946953166565436, -96.14935156978281
-60.946953166565436, -109.71993328455287
-58.091742006172126, -108.93416113994655
-36.55948792382526, -103.00834150630678
-36.560448609286254, -95.65913770312869
-36.54968825796311, -88.39478603732056
-48.21007650893466, -91.6038119245772
-60.94547921398828, -95.10869707267356
Holes:
Exterior:
-60.94547921398828, 71.2975060898731
-60.94713125791543, 70.17899572933047
-60.94713125791543, 54.94164516149722
-58.18347671791821, 56.04072957412566
-36.559566342957055, 64.64044017874535
-36.54898265709403, 76.27064899360194
-36.54968825796311, 80.99953541813123
-48.21007650893466, 76.3622168383104
-60.94547921398828, 71.2975060898731
Holes:
Exterior:
-60.94547921398828, -70.80031137468237
-54.24998054443154, -73.46308770948103
-36.54968825796311, -80.50240865432785
-36.56174170376869, -72.51970045422729
-36.559566342957055, -64.14331341494197
-58.18347671791821, -55.543602810322284
-60.94713125791543, -54.44451318309493
-60.94547921398828, -56.23357246936115
-60.94547921398828, -70.80031137468237
Holes:
Exterior:
-60.94547921398828, 95.60578986078328
-54.24998054443154, 93.76314359933254
-36.54968825796311, 88.8919227900842
-36.560448609286254, 96.15628365545743
-36.55948792382526, 103.50548805867346
-45.078245792685834, 105.84990720457449
-60.946953166565436, 110.21702461732313
-60.946953166565436, 96.64644290255309
-60.94547921398828, 95.60578986078328
Holes:
Exterior:
-133.72592220484432, 22.313607747791185
-133.71665872071094, 15.541331765690236
-133.7241359511762, 6.9840784069906165
-127.8430719121967, 8.922146798297627
-124.7498080621857, 9.941517040444216
-124.74760293556346, 22.24972755268433
-124.75118293835192, 25.271139691507965
-131.6613378354092, 22.99394254926661
-133.72592220484432, 22.313607747791185
Holes:
Exterior:
-133.72592220484432, -21.816480983987812
-131.6613378354092, -22.49681578546324
-124.75118293835192, -24.774012927704593
-124.75518688573891, -12.022936488884527
-124.7498080621857, -9.444446014984255
-129.1090741704935, -8.007824891726798
-133.7241359511762, -6.486951643187241
-133.71665872071094, -15.04420500188686
-133.72592220484432, -21.816480983987812
Holes:
Exterior:
-7.213600183960011, -94.93217599850512
-3.107634031722, -93.80218735052019
-2.7793452870724877, -93.93276849107471
5.87454587383661, -97.37441069886759
5.889023758682583, -97.38018602301635
23.117504895017532, -104.23185960383333
23.117470472736613, -97.94501388287061
23.117390920345088, -87.8765386495326
22.27386836305402, -87.54107259485978
21.197785890153, -87.11311569524675
23.117390920345088, -86.5848247704614
23.117390920345088, -85.93474328228484
23.117502608064683, -71.97393731620673
13.98496685662667, -74.48724750283941
6.739214175351435, -76.48131661133762
-0.5154709457845001, -78.47786178899675
-1.8792781900780255, -77.93550801047307
-2.62332006687825, -77.63962021184831
-6.992343099934828, -75.90208689668763
-9.514314695052008, -74.89910418930151
-12.651969092764716, -73.65127385215538
-12.65193195493623, -81.04037535056582
-12.651858643301352, -90.00649684301143
-12.651881724164241, -94.33198415063009
-12.651869720767763, -96.42881920584041
-7.213600183960011, -94.93217599850512
Holes:
Exterior:
-7.213600183960011, 95.42928824251193
-9.7212396966803, 96.11942263050109
-12.651869720767763, 96.92595161557041
-12.651858643301352, 90.50362360681481
-12.65193195493623, 81.53746028916706
-12.651969092764716, 74.14833651383255
-6.992343099934828, 76.3991373665457
-2.62332006687825, 78.13667068170638
-1.4249271043153158, 78.61332987765262
-0.5154709457845001, 78.97506484674544
6.739214175351435, 76.97851966908631
23.117502608064683, 72.47108477297681
23.117502608064683, 77.79510087870483
23.117390920345088, 87.08202782821009
22.27386836305402, 87.314171697826
21.197785890153, 87.61031875299544
23.117390920345088, 88.37373661541874
23.117395209778124, 89.14478438670076
23.117504895017532, 104.72900158211314
13.085514904941988, 100.73931066556649
5.889023758682583, 97.87728089582683
-2.951292157880289, 94.36150113881163
-3.107634031722, 94.29931411432356
-7.213600183960011, 95.42928824251193
Holes:
Exterior:
145.46848175277933, 51.70722216920215
145.4699896090293, 43.49543187058788
148.4991125124451, 43.69211361291299
152.47912377985608, 43.944935658264484
173.08545688586798, 45.29912924204925
173.08038657566908, 65.60342934560586
173.08141402403578, 67.89168088000802
171.05669804962304, 67.75996282558057
148.8922957995709, 66.30441674038948
145.46908178399133, 66.08293450967209
145.46848175277933, 51.70722216920215
Holes:
Exterior:
145.46848175277933, -51.21009540539876
145.46908178399133, -65.5858077458687
168.7612726419527, -67.11350698421637
171.05669804962304, -67.2628360617772
173.08141402403578, -67.39455411620465
173.0865190361526, -46.9438879641932
173.08545688586798, -44.80200247824587
152.47912377985608, -43.4478088944611
145.4699896090293, -42.9983051067845
145.46848175277933, -51.21009540539876
Holes:
Exterior:
-147.66359873340093, -107.43760155947395
-147.75789564383717, -128.1222414566364
-127.8827284542125, -129.2154982769756
-124.75919507528602, -129.39131613141657
-124.75921061795691, -118.6704045227457
-124.75919507528602, -111.75743934972574
-124.75033860401095, -108.19711688872579
-144.36599942072303, -107.08001974310434
-146.49037077491926, -106.95881322344029
-147.02530039593728, -106.9294208768559
-147.3915609611879, -106.90835543660829
-147.66413397416375, -106.89381362746798
-147.66359873340093, -107.43760155947395
Holes:
Exterior:
-75.07819003783402, 22.285357853872576
-75.07816942816055, 20.23364604344488
-75.07817767537665, 16.85628796059935
-74.56562344098415, 16.687379008512732
-62.1361734752096, 12.591252545466622
-62.136173092370996, 13.383788468461196
-62.136173092370996, 27.921306898245295
-62.92099864900149, 28.179937186549306
-66.95673563305002, 29.509921078039095
-69.6121506332845, 30.38505325006575
-66.95673563305002, 30.53825763490547
-62.136177647444924, 30.819389616844706
-62.136177647444924, 52.240811436803966
-62.136177647444924, 53.36914487965111
-62.92099864900149, 53.32217575589952
-65.380583250472, 53.17847976373763
-62.136177647444924, 54.468766363244924
-62.13617450233187, 55.77703254336065
-62.13617450233187, 70.82397299008306
-62.92099864900149, 70.51185265619021
-75.07817767537665, 65.6768671632127
-75.07817767537665, 65.18923609265012
-75.07819003783402, 63.42996473885721
-75.07819003783402, 22.285357853872576
Holes:
Exterior:
-75.07819003783402, -62.93283797505383
-75.07817767537665, -65.17974039940933
-74.56379668460579, -65.38430838972839
-62.13617450233198, -70.32677603516034
-62.136177647444924, -69.50872222850454
-62.136177647444924, -53.971635783391676
-62.92099864900149, -53.6595165418009
-65.380583250472, -52.68135299993425
-62.136177647444924, -52.87201811584773
-62.136177647444924, -31.450668773783914
-62.136177647444924, -30.322339146986646
-62.92099864900149, -30.27549703272745
-66.95673563305002, -30.04120716504741
-69.6121506332845, -29.88800278020769
-66.95673563305002, -29.012822731810772
-62.136173092370996, -27.424180134441922
-62.1361734752096, -26.202082368946837
-62.1361734752096, -12.094125781663246
-62.92099864900149, -12.35276281532406
-75.07817767537665, -16.359163471502306
-75.07817767537665, -16.81622931311531
-75.07816942816055, -19.73653608792172
-75.07819003783402, -21.7882310900692
-75.07819003783402, -62.93283797505383
Holes:
Exterior:
-75.0781766129927, -118.04903860883591
-75.07817767537665, -119.48713522808005
-62.92099864900149, -120.23903051783653
-62.136177647444924, -120.29032039705635
-62.13617568866232, -119.84980850059382
-62.13617568866232, -111.88089386416068
-62.92099864900149, -111.83149253220613
-66.04983433691109, -111.64175832535855
-67.593718016097, -111.54915085149675
-66.04983433691109, -111.12427414814111
-62.13617485978796, -110.04721460554879
-62.13617450233187, -108.87847623722766
-62.13617450233187, -95.43638554338162
-62.92099864900149, -95.65237516466804
-75.07817767537665, -98.9981684406324
-75.07817767537665, -99.43379290038348
-75.0781766129927, -101.49745920667486
-75.0781766129927, -118.04903860883591
Holes:
Exterior:
-75.07817767537665, 99.49525819481629
-74.56379668460579, 99.35369652732739
-62.13617450233198, 95.93347721162532
-62.13617485978796, 96.69470170838795
-62.13617485978796, 110.54430520982928
-62.92099864900149, 110.76029299300893
-66.04983433691109, 111.62138583623101
-67.593718016097, 112.04631576227278
-66.04983433691109, 112.13887001344847
-62.13617568866232, 112.3779785455522
-62.13617568866232, 120.34689318198534
-62.136177647444924, 120.78741092191201
-62.92099864900149, 120.73612376121648
-75.07817767537665, 119.98418910999762
-75.07817767537665, 119.73111097054257
-75.0781766129927, 118.54610865474432
-75.0781766129927, 101.9945608742058
-75.07817767537665, 99.49525819481629
Holes:
Exterior:
156.7576459680414, -105.81641744801514
156.73161161978373, -98.78878343606397
156.73707777516188, -98.79100080932723
156.73219931937967, -94.97495000405159
156.76284941936024, -87.03098569695973
156.7584743052638, -82.26031893989659
149.7183947589839, -79.37967949702086
145.47975060607882, -77.64540202897636
145.4523890710824, -91.86514650640746
145.45281450632535, -94.17396812145877
146.67503887151258, -94.67404730943825
151.12729028468425, -96.495745089778
146.67556490437778, -97.70365428386899
145.45281450632535, -98.03543891054139
145.47848757815495, -106.47879036350888
145.47848757815495, -112.59186436055846
149.5952506644362, -111.47481511100746
156.75508974651746, -109.5321160648108
156.7576459680414, -105.81641744801514
Holes:
Exterior:
156.7576459680414, 106.31349711105199
156.75508974651746, 110.02916653466886
149.5952506644362, 111.97186558086553
145.47848757815495, 113.08891483041653
145.47848757815495, 106.97585684590335
145.45281450632535, 98.53252752737211
146.67556490437778, 98.20075130284488
151.12729028468425, 96.99283370660872
146.67503887151258, 95.17114012558706
145.45281450632535, 94.67105170900993
145.48194717738875, 85.27406946184331
145.47975060607882, 78.14252879277974
149.7183947589839, 79.87677712756003
156.7584743052638, 82.75736940975466
156.73219931937967, 95.47202982395567
156.73161161978373, 99.28586206344445
156.7576459680414, 106.31349711105199
Holes:
Exterior:
-111.16537724829652, 94.14743399427255
-108.95083363702838, 95.01144771965357
-108.95079663396541, 104.36413254765166
-108.95079663396541, 113.13652135917934
-108.95083363702838, 116.86773422747824
-108.95083363702838, 117.9309912770268
-119.94715662270971, 117.27180006955888
-121.87552815990261, 117.1624338094909
-121.87553479319297, 116.14670665930208
-121.87545172930243, 108.86209228887475
-113.902311766097, 109.31525954889388
-119.9470326866749, 106.95689769370561
-121.87544504382561, 106.20448953198199
-121.87552815990261, 91.96749425620379
-121.87554793597724, 89.96884560697269
-111.16537724829652, 94.14743399427255
Holes:
Exterior:
-111.16537724829652, -64.69929935830989
-108.95083363702838, -64.08091656796691
-108.95077224341264, -53.123746783018554
-108.9508129752295, -46.79141417612155
-108.9508129752295, -21.391896009300122
-108.95083363702838, -16.627134511851086
-108.9508173528385, -14.650889489363896
-119.93800254689415, -11.030162525729477
-121.87552300337768, -10.391658295251165
-121.87549382105556, -23.900791762947446
-121.87550668550944, -25.721683149879652
-117.5235275864095, -27.15584030462175
-120.74639692959943, -26.97536937911021
-121.87549807550329, -26.913359420609225
-121.87547548315217, -33.88203893740511
-121.87543500829122, -49.457816557852446
-111.81919182977106, -50.02140823690045
-111.22500463719075, -50.05508652044206
-111.81927175988983, -50.221009233438664
-119.94715662270971, -52.49056181103189
-121.8755408617427, -53.029055767159264
-121.8755408617427, -65.81710994280287
-121.87554793597724, -67.68991719178167
-111.16537724829652, -64.69929935830989
Holes:
Exterior:
-36.57282182754386, -54.3867697633939
-36.571869027991966, -44.154553529124016
-36.57496964246775, -31.83506040965845
-45.09743521133703, -31.333557312545878
-60.94920451304415, -30.393809363157573
-60.949169946630604, -31.910044825737923
-60.949169946630604, -52.94366590395461
-58.188460601614224, -53.10712598347672
-36.57282182754386, -54.3867697633939
Holes:
Exterior:
-147.3915609611879, 107.4055188628434
-146.49037077491926, 107.4559749289779
-129.74436642985097, 108.40831707190735
-124.75033860401095, 108.69422038827891
-124.75035175686605, 114.4720226343912
-124.75921061795691, 119.16744857016475
-124.75919507528602, 129.88836017869465
-134.84705542215136, 129.34288078795814
-147.75789564383717, 128.61934926378783
-147.76830231878932, 118.05663457611064
-147.66413397416375, 107.39097853824401
-147.3915609611879, 107.4055188628434
Holes:
Exterior:
-133.719868664881, 64.46954445728598
-133.73140703692889, 56.836884409872305
-126.56035017087277, 54.83437197366249
-124.75467992606536, 54.33015534596523
-124.75467992606536, 66.4419071912303
-124.74988119103853, 68.9896901867339
-129.128453449625, 70.21238623682572
-133.72430582354605, 71.49573227514934
-133.719868664881, 64.46954445728598
Holes:
Exterior:
-133.719868664881, -63.97237795692716
-133.72430582354605, -70.99858970803722
-127.81828221114972, -69.34936007755982
-124.74988119103853, -68.49254299509147
-124.74988119103853, -57.75714441818639
-124.75467992606536, -53.83302858216185
-131.0273784544063, -55.5846867087588
-133.73140703692889, -56.339757646068925
-133.719868664881, -63.97237795692716
Holes:
Exterior:
-117.5235275864095, 27.652967068425124
-120.74639692959943, 26.59089663822926
-121.87550668550944, 26.218809913683025
-121.87554797907228, 12.776342460349332
-121.87552300337768, 10.88872387389464
-111.17965628703098, 14.413512215863717
-108.9508173528385, 15.148016253167272
-108.9508129752295, 21.889022773103495
-108.9508129752295, 47.28849819432971
-108.95077224341264, 53.620854273012704
-108.95083363702838, 62.688018596178
-108.95083363702838, 64.57798670819103
-119.94715662270971, 67.64857337114935
-121.87554793597724, 68.1870589704079
-121.87554793597724, 56.411478961174026
-121.8755408617427, 53.52618253096264
-119.94715662270971, 52.98768857483527
-111.81927175988983, 50.718135997242044
-111.22500463719075, 50.55221328424544
-111.81919182977106, 50.518518068434574
-118.50964327246868, 50.14186023567948
-121.87543500829122, 49.95490139639873
-121.87547548315217, 34.37916570120849
-121.87549807550329, 27.410486184412598
-117.5235275864095, 27.652967068425124
Holes:
Exterior:
-131.32817401056434, 102.51646394929892
-133.7297702822375, 101.57944712545653
-133.71853533019305, 93.64243022009757
-133.72430582354605, 85.34597087576307
-127.81828221114972, 87.65025661192827
-124.74988119103853, 88.84740938844317
-124.74986732567902, 100.73583035694624
-124.75518516871739, 105.08095154751369
-131.32817401056434, 102.51646394929892
Holes:
Exterior:
-131.32817401056434, -102.01933718549554
-124.75518516871739, -104.58382478371031
-124.7552008002848, -91.08086215045753
-124.74988119103853, -88.35026219680074
-129.128453449625, -86.6419333375671
-133.72430582354605, -84.84882830865094
-133.71853533019305, -93.14526613816798
-133.7297702822375, -101.08234371808108
-131.32817401056434, -102.01933718549554
Holes:
Exterior:
125.58364933531163, -30.3363822740621
134.27803319814223, -26.43490087294258
134.277998755015, -16.916616413100755
134.277998755015, -9.235801864419946
128.2726764937495, -11.93062775256966
121.47350147102884, -14.981667974201036
121.47350147102884, -22.325281183649746
121.47352314191323, -32.18068546075014
125.58364933531163, -30.3363822740621
Holes:
Exterior:
125.58364933531163, 42.222263681948874
134.27803319814223, 42.778883173410634
134.27803319814223, 51.9622670948165
134.2780706113166, 65.36236425504873
128.57602548003717, 64.98398508887549
121.4735740769255, 64.5267968677438
121.4735740769255, 58.413806595395826
121.47352314191323, 41.94900808895289
125.58364933531163, 42.222263681948874
Holes:
Exterior:
-113.902311766097, -108.8181327850905
-119.9470326866749, -108.47184721047772
-121.87545172930243, -108.36495609096582
-121.87553479319297, -115.64963732166925
-121.87552815990261, -116.66538333963284
-119.94715662270971, -116.77474390808673
-108.95083363702838, -117.43390266019608
-108.95079663396541, -112.63941076749636
-108.95079663396541, -103.86703812808908
-108.95083363702838, -96.60737337475615
-108.95083363702838, -94.51437757942945
-119.94715662270971, -90.22407946078276
-121.87554793597724, -89.47170382834646
-121.87547180601234, -102.51207383011501
-121.87544504382561, -105.70737216040165
-113.902311766097, -108.8181327850905
Holes:
Exterior:
-89.34330735695801, -125.0603665906129
-86.04616898284462, -125.26130933706524
-83.0227951645345, -125.44555893255144
-83.0227951645345, -121.22807423151285
-83.0227951645345, -118.99788132024675
-76.93092089883737, -119.37143416717056
-76.6226486801595, -119.39033737493425
-76.6226486801595, -100.54123745069452
-76.6226486801595, -99.42322006536394
-76.6226486801595, -66.51729366092046
-76.6226486801595, -64.56550827337175
-76.6226486801595, -19.538851433488883
-76.6226486801595, -16.868135836848314
-76.6226486801595, 15.448434346543648
-76.6226486801595, 17.365262600651686
-76.6226486801595, 62.39191944053456
-76.6226486801595, 65.06263503717513
-76.6226486801595, 67.01441828876311
-76.6226486801595, 99.92030868219466
-76.6226486801595, 118.76937259542245
-76.6226486801595, 119.88738784479231
-76.93092089883737, 119.86848831183575
-83.0227951645345, 119.49500808405013
-83.0227951645345, 123.71254268965382
-83.0227951645345, 125.94276199030013
-86.04616898284462, 125.7584823867365
-89.34330735695801, 125.55749335441628
-91.92520126285251, 125.40011455573271
-95.822477781722, 125.1625801055345
-95.822477781722, 121.63926511863184
-95.822477781722, 118.71574172662825
-100.89242007218775, 118.40929572262522
-102.222624266097, 118.32889327692122
-102.222624266097, 113.3230979712675
-102.222624266097, 97.63648757623763
-102.222624266097, 71.15104129307572
-102.222624266097, 66.37778412683802
-102.222624266097, 62.6992011992845
-102.222624266097, 28.332204787385106
-102.222624266097, 17.365262600651686
-102.222624266097, -8.586576521135221
-102.222624266097, -16.868135836848314
-102.222624266097, -51.2351900860728
-102.222624266097, -62.202150729426435
-102.222624266097, -70.65399082321765
-102.222624266097, -97.13943710637956
-102.222624266097, -102.14522318372317
-102.222624266097, -117.8318046600905
-100.89242007218775, -117.91219917734112
-95.822477781722, -118.21861496282487
-95.822477781722, -121.74197164576287
-95.822477781722, -124.66552963567644
-91.92520126285251, -124.90302483047056
-89.34330735695801, -125.0603665906129
Holes:
Exterior:
128.7382435555245, -87.33502924177482
134.2779728184753, -89.60165323830893
134.27803319814223, -82.87941659990025
134.2780706113166, -73.0621657753098
128.57602548003717, -70.72916030871052
121.4735740769255, -67.82310553106875
121.4735740769255, -72.29894393063248
121.47350147102884, -84.36258299383253
128.7382435555245, -87.33502924177482
Holes:
Exterior:
128.7382435555245, 103.0678005187944
134.2779728184753, 101.56467276278057
134.27803319814223, 107.48373579660243
134.27803319814223, 116.12798036316458
128.2726764937495, 117.75740355674682
121.4735257942416, 119.60225699035671
121.4735257942416, 115.07262369986742
121.47350147102884, 105.0389906099259
128.7382435555245, 103.0678005187944
Holes:
Exterior:
155.4134841323405, 0.2485633819016871
147.43884521306722, -3.329983433399589
145.45784193030818, -4.218944471363264
145.47954106158977, -14.056402415595512
145.47954106158977, -21.408328024220253
149.68199153354158, -19.522505989398145
156.75936264653308, -16.34662230531637
156.72923603681625, -0.4193375593928551
156.73006804468412, 0.2485633819016871
156.72923603681625, 0.9164643231962313
156.75977418748755, 12.27908476644578
156.75936264653308, 16.843728821089673
149.68199153354158, 20.01960389225517
145.47954106158977, 21.90542217527024
145.45784193030818, 8.334019954874636
145.45784193030818, 4.716055186066164
147.43884521306722, 3.827110197202963
155.4134841323405, 0.2485633819016871
Holes:
Exterior:
-131.58481462949146, -48.91813587006309
-126.85719753870649, -49.184652804966014
-124.7617149412265, -49.30030318262575
-124.75845626041576, -38.35409019483142
-124.75607080544148, -26.755629909851898
-131.66994967778533, -26.373052701656245
-145.25530089010306, -25.601860062438742
-147.64993601996605, -25.468272349973738
-147.64929577155806, -29.3633570944343
-147.64975118282075, -48.00718571185895
-131.58481462949146, -48.91813587006309
Holes:
Exterior:
-131.58481462949146, 49.41523993933805
-147.64975118282075, 48.50429734211248
-147.64929577155806, 29.8604706736202
-147.64993601996605, 25.96539911377711
-145.68455692491568, 26.075336539158005
-145.25530089010306, 26.098986826242115
-140.3688161635431, 26.372806341339334
-124.75607080544148, 27.25274760804582
-124.75845626041576, 38.8512169586348
-124.7617149412265, 49.79740050468493
-131.58481462949146, 49.41523993933805
Holes:
Exterior:
124.28652443475164, 133.2482837491723
121.47348183087149, 133.03742532129272
121.47348183087149, 130.64909354704992
121.4735257942416, 124.15572683414692
124.79311073923304, 124.39329570045584
134.27803319814223, 125.0511099557774
134.2779878497339, 130.5213450345653
134.2779878497339, 133.96573673139847
124.28652443475164, 133.2482837491723
Holes:
Exterior:
124.28652443475164, -132.7511783713021
134.2779878497339, -133.46864262058253
134.2779878497339, -130.02426547073532
134.27803319814223, -124.55402847742073
124.79311073923304, -123.89622545143094
121.4735257942416, -123.65867636428885
121.47348183087149, -130.15201509303046
121.47348183087149, -132.54033670446202
124.28652443475164, -132.7511783713021
Holes:
Exterior:
134.2779728184753, -106.76872625721903
134.2779728184753, -101.06758414594985
128.2726764937495, -102.69704173889555
121.47350147102884, -104.54188013406254
121.47350147102884, -110.76009441635915
121.4735257942416, -119.10519465561397
124.79311073923304, -118.20451306660148
134.27803319814223, -115.63092989330652
134.2779728184753, -106.76872625721903
Holes:
Exterior:
134.2779728184753, 90.09872692161429
128.2726764937495, 87.64158560290963
121.47350147102884, 84.8596934696959
121.47350147102884, 77.7976824551054
121.4735740769255, 68.3202116485278
124.33388470148498, 69.49051370213544
134.2780706113166, 73.55926327095465
134.2780002527751, 83.24418753669224
134.2779728184753, 90.09872692161429
Holes:
Exterior:
124.33388470148498, -64.22039041798709
134.2780706113166, -64.86523749124535
134.2780706113166, -56.197267463702715
134.27803319814223, -42.281756409607254
128.2726764937495, -41.88475640613837
121.47352314191323, -41.45188132514951
121.47352314191323, -50.008558879200194
121.4735740769255, -64.02967010394042
124.33388470148498, -64.22039041798709
Holes:
Exterior:
134.277998755015, 9.73289455653598
134.27803319814223, 16.72320780611637
134.27803319814223, 26.93195134280064
128.2726764937495, 29.626734390093837
121.47352314191323, 32.67781222455352
121.47352314191323, 26.162875655287827
121.47350147102884, 15.478718444059096
128.01801018512265, 12.541980004521989
134.277998755015, 9.73289455653598
Holes:
