Exterior:
60.1648077169491, -13.87617772285944
53.35789318935326, -15.137538356727974
47.819203566603846, -16.163901383209232
47.819203566603846, -22.11191910366295
47.81541672543449, -24.19104526156683
47.819203566603846, -30.17761104614705
47.81925494161874, -37.9293101269368
55.07571580374497, -39.343186927016774
55.08247156511561, -39.34449010958873
60.164723397813304, -40.334738967225064
60.16782464003563, -39.38738146764537
60.16157455330631, -27.527556022203733
60.16222638970635, -27.063564718916346
60.16156881961024, -26.59661744033655
60.1648077169491, -13.87617772285944
Holes:
Exterior:
60.1648077169491, 14.292981885410516
60.16156881961024, 27.01336953147434
60.16222638970635, 27.480319402652526
60.16157455330631, 27.94431328349372
60.164723397813304, 40.75156735230817
55.07571580374497, 39.75998380232475
47.81925494161874, 38.3460956214891
47.81544090153966, 30.239545332469547
47.81541672543449, 24.60779735270462
47.819203566603846, 16.58065347434702
54.93939285815895, 15.26128222223834
60.1648077169491, 14.292981885410516
Holes:
Exterior:
54.96514942483623, -10.991613273278759
57.885818814517506, -10.991613273278759
60.53286553830435, -10.991613273278759
65.24613295754943, -10.991613273278759
70.5884830589614, -10.991613273278759
73.43348268465684, -10.991613273278759
75.19799355659916, -10.991613273278759
75.14983527744857, -5.358225055532229
75.17675821298258, 0.20864346644356588
75.14983527744857, 5.775360426792525
75.19799355659916, 11.408441658361866
73.43348268465684, 11.408441658361866
70.5884830589614, 11.408441658361866
65.24613295754943, 11.408441658361866
60.17019343545667, 11.408441658361866
50.949038871542825, 11.408441658361866
47.81925494161874, 11.408441658361866
47.81925494161874, -1.1843039668841604
47.81925494161874, -10.991613273278759
54.96514942483623, -10.991613273278759
Holes:
Exterior:
10.881836056922566, 11.408441658361866
4.324251087732591, 11.408441658361866
-14.983519432367984, 11.408441658361866
-14.983519432367984, -9.833786852870332
-14.983519432367984, -10.991613273278759
-13.151110159127029, -10.991613273278759
10.881836056922566, -10.991613273278759
10.881836056922566, 4.193848018338411
10.881836056922566, 11.408441658361866
Holes:
Exterior:
10.881836056922566, -16.994749172257062
-0.11075004483609519, -14.852901367808627
-14.983519432367984, -11.95502018099155
-14.983519432367984, -18.428220715610706
-14.983519432367984, -25.692465949389824
-9.434839922909532, -26.773549918786575
-11.036203376117328, -27.070289310425515
-14.983519432367984, -27.801743598827088
-14.983519432367984, -29.256333334620805
-14.983519432367984, -41.452513809030776
-8.849122748986474, -40.315752248715526
10.881836056922566, -36.65941949483863
10.881836056922566, -27.649576149758484
10.881836056922566, -23.00869718547864
10.881836056922566, -21.655396278914804
10.881836056922566, -16.994749172257062
Holes:
Exterior:
10.881836056922566, -53.14431968631479
10.881836056922566, -49.71624500429497
10.881836056922566, -46.14717888661982
10.881836056922566, -42.62478379960321
-8.863378076497611, -42.44863349509335
-14.983519432367984, -42.39403470694168
-14.983519432367984, -42.933820656002666
-14.983519432367984, -43.05289171770018
-14.983519432367984, -53.11700662512093
-14.983519432367984, -53.35171133192856
-14.983519432367984, -60.64912451138615
-14.983519432367984, -65.76708558843218
-5.011434049569289, -65.80423972199503
-2.050753591063085, -65.83265021775901
0.518529611905933, -65.8583453635767
10.881836056922566, -66.03208887643994
10.881836056922566, -61.969584794400824
10.881836056922566, -56.17708844994184
10.881836056922566, -54.71460749841841
10.881836056922566, -53.14431968631479
Holes:
Exterior:
10.881836056922566, 23.425482676522325
10.881836056922566, 27.275017494417565
10.881836056922566, 31.1490255694022
10.881836056922566, 32.489383966133985
10.881836056922566, 37.07624787992174
-0.12552013563731634, 39.116014795272676
-14.983519432367984, 41.869342194113884
-14.983519432367984, 40.44729941948427
-14.983519432367984, 35.504357712694606
-14.983519432367984, 28.218571983910188
-9.434839922909532, 27.190378303869675
-11.036203376117328, 26.87837463606191
-14.983519432367984, 26.109294334472924
-14.983519432367984, 24.65264110343256
-14.983519432367984, 12.371840476064852
-8.82434458625562, 13.571913345363287
10.881836056922566, 17.411527147250823
10.881836056922566, 23.425482676522325
Holes:
Exterior:
10.881836056922566, 66.44891726152305
0.5183977541764762, 66.27511132177743
-2.0509297843823333, 66.24941702059064
-5.01158025412542, 66.2210078485848
-14.983519432367984, 66.18391397351529
-14.983519432367984, 61.065952896469256
-14.983519432367984, 53.768466316703176
-14.983519432367984, 53.533758716258724
-14.983519432367984, 53.281756683116825
-14.983519432367984, 52.73160577135318
-14.983519432367984, 52.15883212946874
-14.983519432367984, 42.81086309202479
-0.11826381388823393, 42.94347848358846
10.881836056922566, 43.041612184686315
10.881836056922566, 46.46163168705381
10.881836056922566, 47.21603315881929
10.881836056922566, 55.131359589556205
10.881836056922566, 56.59385857177355
10.881836056922566, 62.38641317948393
10.881836056922566, 66.44891726152305
Holes:
Exterior:
26.62579768877731, 11.408441658361866
23.269767822645235, 11.408441658361866
22.312156984259218, 11.408441658361866
21.923359048148768, 11.408441658361866
19.82597942213829, 11.408441658361866
19.82597942213829, -7.688669909386828
19.82597942213829, -10.991613273278759
22.312156984259218, -10.991613273278759
29.29158676876864, -10.991613273278759
35.29636243346772, -10.991613273278759
40.293617414389246, -10.991613273278759
40.293617414389246, 5.050793848099571
40.293617414389246, 11.408441658361866
35.29636243346772, 11.408441658361866
26.62579768877731, 11.408441658361866
Holes:
Exterior:
26.62579768877731, 20.479154420441546
26.701634686465468, 20.493906135900925
40.29361947818552, 17.97520377182227
40.29360756872779, 23.14221887097468
40.29360566559353, 31.625996541411542
40.293617414389246, 36.87979148448157
35.29636243346772, 35.9060987623719
26.62579768877731, 34.21669316076547
26.473363202090468, 34.186990852697804
22.23934701293365, 34.97160301951575
19.82596329029593, 35.41881674948765
19.82596527083615, 23.78507630998396
19.8259325113288, 21.768046702980463
19.82597942213829, 21.179858450984984
19.82597942213829, 19.154231983514123
26.62579768877731, 20.479154420441546
Holes:
Exterior:
26.62579768877731, -33.799864775682366
40.293617414389246, -36.462963099398465
40.293617414389246, -32.56392827550885
40.29360566559353, -31.209197334133563
40.293617414389246, -27.33477691837637
40.29361947818552, -17.55845168068448
35.359004378798545, -18.472870586019944
26.701634686465468, -20.077154044763137
26.62579768877731, -20.06237698271362
23.269767822645235, -19.408468027387652
22.312156984259218, -19.221867213325847
21.923359048148768, -19.14613207320535
19.82597942213829, -18.73746864264587
19.825977038391557, -30.506943689346684
19.82593151316769, -32.47492906898736
19.825977038391557, -33.04639446053777
19.82596329029593, -35.00198836440454
26.473363202090468, -33.770162467614696
26.62579768877731, -33.799864775682366
Holes:
Exterior:
47.83833838636542, -66.34629841732959
58.16675217619354, -66.46899406054315
65.85278005057421, -66.5602998768103
75.19799355659916, -66.69103954179987
75.1497773268477, -54.87600029248766
75.15719586635419, -43.28340512689777
66.25932182323027, -43.17000398103828
64.68404872748852, -43.149648043579035
59.85044634381916, -43.09979092635113
47.83833838636542, -42.996883125595346
47.83833838636542, -47.63349388323685
47.83833838636542, -60.73555807334079
47.83833838636542, -66.34629841732959
Holes:
Exterior:
47.83833838636542, 43.41371151067845
55.09459344319498, 43.48298333655942
64.68404872748852, 43.56645339899498
75.15719586635419, 43.70021806661978
75.1497773268477, 55.29279021523417
75.17443904751417, 62.101296035537324
75.19799355659916, 67.10786792688297
58.16675217619354, 66.88582244562626
47.83833838636542, 66.7631268024127
47.83833838636542, 61.1523864584239
47.83833838636542, 48.05032226831996
47.83833838636542, 43.41371151067845
Holes:
Exterior:
-77.45895425433378, 56.934786997293614
-77.41383449590057, 48.271368033090326
-77.4133175244067, 42.36627375383918
-71.36114922531442, 42.392258407318
-68.50182372162794, 42.40179757663853
-62.78181461019608, 42.4391785931336
-62.7815916094612, 40.729190112651345
-62.7815916094612, 38.33404839117608
-62.7815916094612, 13.121685618048833
-62.78189339544224, 11.858526482949783
-62.78181002961787, 11.408441658361866
-68.47542199170994, 11.408441658361866
-70.90483691084091, 11.408441658361866
-71.8388476980831, 11.408441658361866
-77.49326680627951, 11.408441658361866
-77.45885393563572, 7.290390478944728
-77.4578890544185, 0.2082546471222396
-77.45885393563572, -6.873786503176257
-77.49326680627951, -10.991613273278759
-71.8388476980831, -10.991613273278759
-70.90483691084091, -10.991613273278759
-63.03447444718813, -10.991613273278759
-62.78181002961787, -10.991613273278759
-62.7815916094612, -12.704857232965725
-62.7815916094612, -15.099998954440984
-62.7815916094612, -40.31236172756824
-62.78189339544224, -41.57526165594884
-62.78181461019608, -42.02235020805049
-63.201631891765146, -42.02112513682121
-71.36114922531442, -41.975443217303216
-77.4133175244067, -41.949521662701386
-77.41383449590057, -47.85459624529778
-77.49326680627951, -65.12664248323382
-64.95598091808642, -65.21925028364112
-59.140934699177706, -65.2443049785853
-50.93591948067956, -65.31188705476094
-50.918722083798, -60.473439633920016
-50.91300592016296, -58.90291501608875
-48.78054304790953, -58.92374217952876
-48.78054304790953, -58.540835497747125
-48.78054304790953, -52.522527579919384
-48.25246097300828, -52.5277519213021
-48.20986433697203, -52.52817333187251
-47.38694360342288, -52.53630474682683
-44.933236237461415, -52.56055023239511
-39.67823167723827, -52.613127058348276
-39.67823167723827, -51.75350091647089
-39.67822267994734, -51.35928307344385
-39.67822267994734, -34.013676333854264
-39.67823167723827, -32.377861416483285
-40.70066383406083, -32.56732522856629
-40.95015852123106, -32.61355509309148
-42.38039656353453, -32.87859142269282
-42.38039656353453, -31.709614474833845
-42.38039656353453, -20.354406242028762
-40.95015852123106, -20.633079094851148
-39.67823167723827, -20.880898625588518
-39.67823167723827, -19.754155990646062
-39.67822654641486, -19.227583862247936
-39.67822654641486, 16.948541123240346
-39.67822654641486, 19.644412247331037
-39.67823167723827, 21.29772701067162
-40.70066383406083, 21.09851535412041
-40.95015852123106, 21.049902640855745
-42.38039656353453, 20.771234627111863
-42.38039656353453, 32.12644285991695
-42.38039656353453, 33.29541980777593
-40.95015852123106, 33.030383478174585
-39.67823167723827, 32.79468980156639
-39.67823167723827, 33.91431759000722
-39.67822267994734, 34.43050471893737
-39.67822267994734, 51.77604430713775
-39.67823167723827, 53.02988540704676
-40.95015852123106, 53.01691393211023
-44.933236237461415, 52.97733573416626
-47.38694360342288, 52.9531223618239
-48.20986433697203, 52.945001716955616
-48.74585561580034, 52.939627472849715
-48.78054304790953, 52.93927967105718
-48.78054304790953, 53.322190916576055
-48.78054304790953, 59.340570564611866
-50.91300592016296, 59.319743401171856
-50.91667136996284, 60.440613530698215
-50.93591948067956, 65.728728744819
-59.140934699177706, 65.66118587144335
-77.49326680627951, 65.54347086831693
-77.45895425433378, 56.934786997293614
Holes:
Exterior:
-19.830958086972032, -42.350789909020946
-18.076683941956162, -42.025719294906814
-15.891592794947883, -41.620788367362444
-15.891586831105997, -40.46514125594668
-15.891551643057937, -36.44809828629055
-15.891588379533687, -27.970012598852307
-18.12126735424249, -28.38318150262604
-28.840897917385973, -30.36962785960971
-28.840897917385973, -35.97964781163524
-28.840889614382377, -38.566045563189014
-28.840889614382377, -46.44031600952552
-28.840897917385973, -52.72282449495281
-18.12126735424249, -52.83014088857595
-15.891642156645958, -52.85393805573372
-15.891641092833197, -51.93853097021543
-15.891585810559718, -42.38594620261015
-18.076683941956162, -42.365582231223605
-19.830958086972032, -42.350789909020946
Holes:
Exterior:
-19.830958086972032, 42.767618294104054
-18.076683941956162, 42.78241061630671
-15.891585810559718, 42.80277458769326
-15.891586831105997, 43.69461504344562
-15.891642156645958, 53.27069675103954
-18.12126735424249, 53.24690611617715
-25.606571257857695, 53.172977287804244
-28.840897917385973, 53.13960794029659
-28.840897917385973, 48.83235524703266
-28.840889614382377, 46.85711391033631
-28.840889614382377, 38.98287394827213
-28.840897917385973, 30.78645624469281
-20.072813469047787, 29.16166902222248
-15.891588379533687, 28.386840983935407
-15.891648228757958, 29.574284574169354
-15.891592794947883, 42.03761675244555
-16.752499863586536, 42.197150951673834
-18.076683941956162, 42.44254767998992
-19.830958086972032, 42.767618294104054
Holes:
Exterior:
-28.840925907513792, -14.708359380087849
-28.840897917385973, -22.992455071160528
-20.072813469047787, -24.700837007388802
-15.891588379533687, -25.515541190946923
-15.891642156645958, -24.326418525233628
-15.891642156645958, -11.778077226425662
-16.772310097052923, -11.606483565640282
-18.12126735424249, -11.343617946737048
-19.928003985409532, -10.991613273278759
-15.891642156645958, -10.991613273278759
-15.891642156645958, -9.052616333488714
-15.891642156645958, 11.408441658361866
-18.12126735424249, 11.408441658361866
-19.928003985409532, 11.408441658361866
-15.891642156645958, 12.194899007340748
-15.891648228757958, 13.389898967522807
-15.891588379533687, 17.479294547675803
-15.891588379533687, 25.932369576030023
-18.12126735424249, 25.49794726125231
-28.840897917385973, 23.409283456243628
-28.840897917385973, 17.76361377201083
-28.840925907513792, 15.125187765170956
-28.840925907513792, -1.2004499051890944
-28.840925907513792, -14.708359380087849
Holes:
Exterior:
35.29636243346772, -53.39535022713484
40.293617414389246, -53.451474895302205
40.293651397219264, -45.89957910683699
40.293651397219264, -42.90401542251239
35.309407658509144, -42.85210720190382
26.641475713307273, -42.76547353900611
26.521381316618772, -42.764405765778015
26.505844486887554, -42.76428138395393
22.25476634800225, -42.7257699959485
19.825949408561655, -42.70470159467219
19.82596527083615, -51.682695092325
19.82597942213829, -53.22853875588295
22.312156984259218, -53.2543218775997
29.29158676876864, -53.33682198115705
35.29636243346772, -53.39535022713484
Holes:
Exterior:
35.29636243346772, 53.81217861221795
29.29158676876864, 53.75365036624016
22.312156984259218, 53.67115026268281
19.82597942213829, 53.645355891235596
19.82596323713301, 44.629550238327155
19.825949408561655, 43.121529979755294
22.25476634800225, 43.142598381031604
26.505844486887554, 43.18108486952969
26.521381316618772, 43.18123415086112
26.641475713307273, 43.18230192408922
40.293651397219264, 43.320843807595494
40.293651397219264, 46.316407491920096
40.293617414389246, 46.32383353667977
40.293617414389246, 53.86830328038531
35.29636243346772, 53.81217861221795
Holes:
