Exterior:
-282.3382943365576, -415.39926490043507
-282.2251317327149, -415.6702274357201
-282.04544380499976, -416.0998369835859
-282.01393565195247, -416.1530201224364
-281.79281865293626, -416.52150467385104
-281.76858449522933, -416.5623830336558
-281.7648656546095, -416.56717159600646
-281.5750128688094, -416.88394744683126
-281.56654142813966, -416.8948599394653
-281.52339348899886, -416.9504211797212
-281.50699480043033, -416.97155204263754
-281.4985908817524, -416.9801986783612
-281.439113837895, -417.0554113620386
-281.1363954637194, -417.4381060011349
-280.97266665013603, -417.64513051229596
-280.94867117838487, -417.66984356791147
-280.7805854592756, -417.83859511276523
-280.726810788944, -417.8939536368634
-280.3603708975121, -418.26206181007416
-280.3448514932719, -418.27520278308515
-280.2426366574416, -418.37781588220525
-280.1984612098429, -418.4152270066924
-280.1560704891541, -418.4511122438526
-280.1345706146366, -418.466349822492
-280.13341722098414, -418.4671709855141
-279.82509058325763, -418.72011272657915
-279.3905550477042, -419.07670121421893
-279.32167196358785, -419.1254869976408
-279.29652169232827, -419.14329661180886
-278.81924188604796, -419.4688890781894
-278.7883252957041, -419.48739051009767
-278.42262176933093, -419.7368567848868
-278.4033228573478, -419.74839829839885
-278.27081364401295, -419.8244111123735
-278.1899096574731, -419.8727922667493
-277.6507189705163, -420.18141943512074
-277.6107122211489, -420.2017025008747
-277.34568602958086, -420.35338028134856
-277.3016190982488, -420.37571324849614
-277.2417059693314, -420.4060894838573
-277.21272892536206, -420.41855705965895
-277.1911925231674, -420.4278339447653
-276.891831115037, -420.5724690344034
-276.1676965436851, -420.92187259198494
-276.0948869711958, -420.9531884923759
-276.06307905674646, -420.9668793271486
-275.57429800716807, -421.165456111237
-275.51039956794045, -421.1887421660198
-274.89717677419117, -421.4379937618132
-274.8938536170973, -421.43920678166637
-274.79252454421055, -421.47611759402974
-274.09539544865413, -421.7130614661367
-274.01859278335905, -421.7365279951539
-273.5431809915324, -421.8980969237007
-273.5111478251455, -421.9079188606446
-273.30157122277626, -421.9667130830285
-273.22920164779566, -421.9888079619774
-273.19098982972685, -421.99843432729574
-272.4805890534766, -422.1979678404404
-272.4298619531934, -422.21077444154923
-272.1159166275147, -422.2989450063062
-272.0518183241976, -422.3151045206135
-272.01450574159, -422.3245053603495
-271.9337750273687, -422.34087326437407
-271.912180804679, -422.34525338173216
-271.4990720982238, -422.43913198507715
-270.6255955883032, -422.63758166614065
-270.5287439574157, -422.65720434156214
-269.90169476090307, -422.76844656474316
-269.7847005447086, -422.78677248251233
-269.08294054193425, -422.91143320495297
-269.0726554120681, -422.91304416889744
-268.9936491884109, -422.92542824725706
-268.9457719256359, -422.930847523364
-268.09764157860104, -423.04180363947916
-268.01262817574707, -423.05144101896934
-267.49906905416003, -423.11861354382603
-267.45430799615224, -423.1236790294319
-267.4166956514373, -423.12791551202616
-267.1423475893911, -423.15156623089126
-267.0481251734277, -423.15829758331057
-266.25122241660756, -423.2268320033546
-266.19875264945676, -423.2305610479141
-265.88579536749614, -423.2576300558754
-265.8101202376264, -423.2630098206084
-265.669610244483, -423.267218077657
-265.6519105913919, -423.2677556874214
-265.1636175283353, -423.28868649763746
-264.254695752972, -423.3274716206094
-264.1868913664008, -423.329496646799
-263.48741303646034, -423.3295022465848
-263.4363473280723, -423.32892391610187
-262.7377465015396, -423.3289265412753
-262.6176911694181, -423.3275722185478
-262.5995728758062, -423.3273481483744
-262.56047569337306, -423.3269110000218
-262.4618607840988, -423.32113717836916
-261.5560127433315, -423.2824727745048
-261.47199215955493, -423.277527345967
-260.98680482603015, -423.25671924926013
-260.9321062793184, -423.2534769023701
-260.8667424445905, -423.24966437480543
-260.5555942205734, -423.2227635560318
-260.482786333066, -423.21493812486835
-259.6925435505067, -423.14696225473386
-259.645001789631, -423.1418716725819
-259.37339158860254, -423.11845680036214
-259.26355067316945, -423.1066986078971
-258.75552360828374, -423.04025015618464
-258.6379410575597, -423.02252893927863
-258.62679949571464, -423.0208451585888
-257.78956784311947, -422.91130986650023
-257.68995588789414, -422.8962999200272
-256.998747841915, -422.7735374798392
-256.86318290594807, -422.746861635086
-256.2468998452106, -422.63750757892853
-256.22257155568013, -422.632726089606
-255.36631969930875, -422.4382083805246
-255.3025489727121, -422.4256608239367
-255.23343578664162, -422.4086774521957
-254.82952147281367, -422.3168850305684
-254.75639589511297, -422.29893434533324
-254.68291203234855, -422.28085888718505
-254.37584163687097, -422.1946190138455
-254.26590358837268, -422.1604414653401
-253.5722894880504, -421.9655786107612
-253.53535249282913, -421.9540815489218
-253.33096331254444, -421.8967375518209
-253.06463959228768, -421.8106655191861
-253.05846852987997, -421.80859554077216
-253.052388997565, -421.8065562645783
-253.04562341296037, -421.8042868637582
-253.03894361067114, -421.80204623716355
-253.03149324865979, -421.799547139355
-253.02411977581596, -421.7970738327161
-253.01587509616252, -421.7943082945016
-253.00769400445972, -421.7915640857887
-252.99852085139855, -421.7884871068878
-252.98939185429538, -421.7854249393556
-252.97912400643986, -421.7819807636182
-252.96887219616667, -421.7785419674164
-252.956538530398, -421.77440484803253
-252.94489473732165, -421.7704991347644
-252.93169945833347, -421.76607300181246
-252.9184191910366, -421.76161836097117
-252.90330173942186, -421.75654746775234
-252.88801385114562, -421.7514194044408
-252.8705212774904, -421.7455518167423
-252.85273362165356, -421.7395852487214
-252.83225906479402, -421.7327174052394
-252.8113042860257, -421.7256884794478
-252.78701437437223, -421.71754083979084
-252.76196450023338, -421.7091382835836
-252.7326836681823, -421.6993165241712
-252.70220942475885, -421.68909445511736
-252.6662251597204, -421.67702414259264
-252.62835213684662, -421.66432027822714
-252.58306746315975, -421.6491303010692
-252.534732721124, -421.6329172301186
-252.47601193693663, -421.613220337155
-252.41219402055754, -421.5918136974876
-252.33302858811248, -421.5652589933761
-252.24488849666307, -421.53569389183485
-252.16539826864914, -421.50903024054827
-248.34481719564837, -420.24025331701216
-244.00392976278977, -418.7986878333217
-242.69991200683046, -418.43413737733573
-241.42589032643411, -418.07797260703103
-241.42589032643411, -416.33838626954366
-241.42589032643411, -415.7735760932735
-241.42589032643411, -415.15547214317223
-241.42589032643411, -414.3830153571619
-241.42589032643411, -414.1076633663145
-241.42589032643411, -413.6500083533572
-240.20659489220304, -413.5740239176847
-240.02260652060227, -413.5625580725795
-238.40183107768507, -413.3926761090862
-237.95175996298508, -413.34550179816546
-236.62378982821338, -413.1477976774953
-235.92394319052414, -413.0436066565639
-234.8800760356388, -412.83994004171785
-233.95273652548508, -412.6590088782436
-233.17859635181037, -412.4697773755672
-232.05194917196945, -412.19437875129046
-231.52737891349068, -412.03806896851086
-230.23432221884445, -411.652768033517
-229.93449180201605, -411.54573508409806
-228.51236787314133, -411.0380677161342
-228.40832600405065, -410.9940184250577
-227.51172769576579, -410.61441624945724
-227.51172769576579, -410.9936708262629
-227.51172769576579, -414.25052385505717
-219.8896927316597, -412.4683017231041
-212.7315308516471, -410.7945447032611
-212.7315308516471, -410.24891446676094
-212.7315308516471, -410.13113368619935
-212.7315308516471, -409.97926075123956
-212.7315308516471, -409.7882350812171
-212.7315308516471, -409.5540116647068
-212.7315308516471, -409.27519302422337
-212.7315308516471, -408.9545899346076
-212.7315308516471, -405.35759854279564
-212.7315308516471, -404.55178915339786
-212.7315308516471, -403.7103973506566
-212.7315308516471, -402.8521903762638
-212.7315308516471, -402.19521933743505
-212.7315308516471, -401.2685418472028
-212.7315308516471, -401.0441792922429
-212.7315308516471, -400.96329990920543
-212.7315308516471, -400.93871602394785
-212.7315308516471, -400.93705453254046
-211.545730338245, -400.93705453254046
-198.8174122693086, -400.93705453254046
-198.8174122693086, -400.94263121661936
-198.8174122693086, -401.0251453728172
-198.8174122693086, -401.296611578229
-198.8174122693086, -402.0496693927676
-198.8174122693086, -402.66204060004145
-198.8174122693086, -403.2690452021594
-198.8174122693086, -405.1930812833932
-198.8174122693086, -405.5347832991211
-198.8174122693086, -405.8620347552829
-198.8174122693086, -406.1682539571639
-198.8174122693086, -408.0285794967285
-194.88903106890956, -407.2765010286105
-189.3025442647429, -406.2069825110561
-186.44103394069475, -405.7783633476802
-184.03721542518986, -405.41830080575465
-184.03721542518986, -403.1579189491811
-184.03721542518986, -402.8794178827989
-184.03721542518986, -401.56475640210743
-184.03721542518986, -401.0908403804232
-184.03721542518986, -400.9467901087565
-184.03721542518986, -400.93705453254046
-177.08896927496914, -400.93705453254046
-170.12309684285145, -400.93705453254046
-170.12309684285145, -400.95070530142794
-170.12309684285145, -401.152685844035
-170.12309684285145, -401.8171886880935
-170.12309684285145, -403.3966413774052
-163.78347411536902, -402.6970371869682
-157.83129182333664, -402.0401886878139
-156.77649735268557, -401.9640956658154
-155.34294404706253, -401.86067892799974
-155.34294404706253, -401.21838065585496
-155.34294404706253, -400.95486418117065
-155.34294404706253, -400.93705453254046
-142.6322611058905, -400.93705453254046
-141.42882546472413, -400.93705453254046
-141.42882546472413, -400.9587793738421
-141.42882546472413, -401.06489446556395
-139.49894677762308, -400.9982895065613
-138.37900605673508, -400.95963754035296
-136.43128203098655, -400.9446903958241
-135.43627229208664, -400.93705453254046
-133.0215990954726, -401.60881416334155
-122.63628449911789, -404.4979981360561
-122.63628449911789, -404.34125038435
-122.63628449911789, -397.17408456183733
-122.63628449911789, -396.94735601172835
-122.63628449911789, -396.8605894159703
-122.63628449911789, -396.66624253533564
-122.63628449911789, -373.861911989773
-122.63628449911789, -373.1001436597789
-122.63628449911789, -372.6706818518764
-122.63628449911789, -372.47894653271885
-122.63628449911789, -372.2412200439739
-122.63628449911789, -340.02265042210905
-122.63628449911789, -338.7674559737992
-122.63628449911789, -338.0516175208217
-122.63628449911789, -337.73202558960116
-122.63628449911789, -337.3357737776027
-122.63628449911789, -306.2077500420392
-122.63628449911789, -305.3201956390407
-122.63628449911789, -304.6043518958217
-122.63628449911789, -304.28475996460116
-122.63628449911789, -303.8885081526027
-122.63628449911789, -267.8262950342112
-122.63628449911789, -266.57111116638447
-122.63628449911789, -265.85526742316546
-122.63628449911789, -265.5356754919449
-122.63628449911789, -265.13942367994645
-122.63628449911789, -238.16199245233486
-122.63628449911789, -237.27443804933637
-122.63628449911789, -236.867840665353
-122.63628449911789, -236.68631091793824
-122.63628449911789, -236.4612379911281
-122.63628449911789, -223.68376647805022
-122.63628449911789, -223.1394270751908
-130.05316952664356, -221.37663439181392
-139.05991314235945, -219.2359605383309
-140.1676331986789, -218.97044060145396
-143.2222132166496, -218.23825931708507
-144.99281300024296, -217.81384744506744
-153.57583654856097, -215.7692797661342
-157.19355070272286, -214.90181660293453
-165.571661926814, -212.9046242758737
-170.5064470488361, -211.70650410974912
-178.85665465851685, -209.7005826875775
-178.86027047078255, -201.00887734901136
-178.87245955440267, -196.376348659703
-178.86276962715442, -189.1815773834711
-178.86276962715442, -182.95444982513627
-178.85312634791825, -175.7596674005658
-178.85312634791825, -170.91339191512859
-178.85312634791825, -160.2515858471667
-178.85312634791825, -155.4053103617295
-178.8411243493485, -146.48744305692583
-178.83150190083262, -139.29368577260985
-178.83150190083262, -128.63595778954138
-178.82178177504017, -121.44305779107303
-178.82178177504017, -116.59950751774552
-178.82178177504017, -105.94362300929014
-178.82178177504017, -103.52182477664674
-178.80488837989054, -90.9121283229537
-178.7952123982625, -83.67261257641115
-178.78551089481016, -76.43197597828204
-178.7735445068712, -67.5109595840855
-178.75415763481686, -53.023849045642315
-178.7375356939653, -40.58760936607812
-178.71828263537736, -26.185840005641722
-178.70637612792893, -17.255478223652517
-178.6967818432464, -10.051631015634484
-178.68716202555566, -2.846824232376847
-178.67599289175428, -0.35913692482976023
-178.66822686721332, 3.4708281578892146
-178.67599289175428, 7.300747584367261
-178.68716202555566, 9.78842729485192
-178.6967818432464, 16.993287331412915
-178.70637612792893, 24.197134539430948
-178.71828263537736, 33.12749632142015
-178.72787373554854, 40.32895315810941
-178.7375356939653, 47.52931891445297
-178.75415763481686, 59.965505361420746
-178.7638397550429, 67.2095556527118
-178.7735445068712, 74.45256268206953
-178.78551089481016, 83.37368550693589
-178.7952123982625, 90.61424228774587
-178.80488837989054, 97.85375803627713
-178.82178177504017, 110.46345449344234
-178.82178177504017, 112.88525272608572
-178.82178177504017, 123.54111413856147
-178.82178177504017, 128.38468750786862
-178.82178177504017, 139.04054892034435
-178.83150190083262, 146.23534558539802
-178.8411243493485, 153.4291028637808
-178.85312634791825, 162.3468903835626
-178.85312634791825, 167.19318897786414
-178.85312634791825, 177.85498349139385
-178.85312634791825, 182.7012820856954
-178.85312634791825, 188.9273185343875
-178.87245955440267, 203.31804659420936
-178.86027047078255, 207.9504955178171
-178.85665465851685, 216.64222124792562
-170.5064470488361, 218.64814449819434
-165.571661926814, 219.84630108932643
-157.19355070272286, 221.84340372743603
-147.77002159205512, 224.0897701199754
-134.31642573760604, 227.29675282623762
-132.93043567890868, 227.62883179317296
-122.63628449911789, 230.08107810072767
-122.63628449911789, 242.85851411195364
-122.63628449911789, 243.4028588050546
-122.63628449911789, 243.80945883415873
-122.63628449911789, 243.99098503879225
-122.63628449911789, 244.21605357302133
-122.63628449911789, 271.193484800633
-122.63628449911789, 272.08104184875225
-122.63628449911789, 272.79688559197126
-122.63628449911789, 273.1164763422647
-122.63628449911789, 273.5127266900695
-122.63628449911789, 309.5749753103128
-122.63628449911789, 310.83016446838116
-122.63628449911789, 311.54600821160017
-122.63628449911789, 311.8655989618936
-122.63628449911789, 312.2618493096984
-122.63628449911789, 343.38980204155814
-122.63628449911789, 344.27735908967736
-122.63628449911789, 344.99319754265485
-122.63628449911789, 345.3127894738754
-122.63628449911789, 345.70904128587387
-122.63628449911789, 346.96423308906293
-122.63628449911789, 408.8032758079113
-122.63628449911789, 409.6621994237163
-122.63628449911789, 410.4239651085896
-122.63628449911789, 410.81266089439
-122.63628449911789, 411.43965445183454
-124.18784121981582, 411.0080175720006
-135.43627229208664, 407.8787489952916
-137.62083629622833, 407.8954570500794
-138.37900605673508, 407.90125570915876
-141.42882546472413, 408.00648550629626
-141.42882546472413, 407.90040044185906
-141.42882546472413, 407.8787489952916
-152.49079644869198, 407.8787489952916
-155.34294404706253, 407.8787489952916
-155.34294404706253, 407.8964984761899
-155.34294404706253, 408.1599403838727
-155.34294404706253, 408.8023090583615
-157.83129182333664, 408.98184500359235
-170.12309684285145, 410.3382976931837
-170.12309684285145, 408.75885271533195
-170.12309684285145, 408.09427703508516
-170.12309684285145, 407.89235364671663
-170.12309684285145, 407.8787489952916
-177.0738684156139, 407.8787489952916
-184.03721542518986, 407.8787489952916
-184.03721542518986, 407.8884516810474
-184.03721542518986, 408.0324611909483
-184.03721542518986, 408.50642915859015
-184.03721542518986, 409.8210842206282
-184.03721542518986, 410.0995452546711
-184.03721542518986, 410.37560580215103
-184.03721542518986, 412.3599571215331
-189.3025442647429, 413.14863882683454
-198.8174122693086, 414.9702185438933
-198.8174122693086, 412.80369107106134
-198.8174122693086, 412.47643961489956
-198.8174122693086, 412.13470091501324
-198.8174122693086, 411.7861696757923
-198.8174122693086, 409.6036309288677
-198.8174122693086, 408.9913477451417
-198.8174122693086, 408.238293607304
-198.8174122693086, 407.96679764646854
-198.8174122693086, 407.88430683922155
-198.8174122693086, 407.8787489952916
-201.65697811979862, 407.8787489952916
-212.7315308516471, 407.8787489952916
-212.7315308516471, 407.8804048735523
-212.7315308516471, 407.9049818023317
-212.7315308516471, 407.9858700505622
-212.7315308516471, 408.21023151010286
-212.7315308516471, 409.1367757977295
-212.7315308516471, 410.05533276634003
-212.7315308516471, 410.6519633369995
-212.7315308516471, 411.4934454691763
-212.7315308516471, 412.2992548585741
-212.7315308516471, 413.05324698114015
-212.7315308516471, 416.2168111930292
-212.7315308516471, 416.49565402903784
-212.7315308516471, 416.729860615415
-212.7315308516471, 416.92089233010006
-212.7315308516471, 417.0727396609687
-212.7315308516471, 417.19052708881003
-212.7315308516471, 417.27951909023506
-212.7315308516471, 417.736167827494
-222.1700424492493, 419.94314696706715
-227.51172769576579, 421.1921773663329
-227.51172769576579, 418.60436333766665
-227.51172769576579, 417.55602528270595
-228.51236787314133, 417.97972403191267
-228.65369228801717, 418.0301769106394
-230.23432221884445, 418.59446249626814
-230.64341960998968, 418.7163468684285
-232.05194917196945, 419.13599692009626
-232.77031477406138, 419.31159483760206
-233.95273652548508, 419.6006270470494
-235.0158367806696, 419.8080256163979
-235.92394319052414, 419.98518667839704
-237.35907151989613, 420.19884418241617
-237.95175996298508, 420.2870818199986
-239.77723728273486, 420.47848691346684
-240.02260652060227, 420.504214388358
-241.42589032643411, 420.591639173427
-241.42589032643411, 421.04929572668567
-241.42589032643411, 422.0970671440422
-241.42589032643411, 422.71523240905196
-241.42589032643411, 423.2800425853221
-241.42589032643411, 423.7786432327733
-241.42589032643411, 425.0196289228095
-244.00392976278977, 425.74034414910017
-247.18291923776303, 426.7960251754145
-252.16539826864914, 428.4506102623814
-252.246139212358, 428.47627542862045
-252.33566451664672, 428.5047328841768
-252.41607268017572, 428.530292269405
-252.48089141477442, 428.55089623466057
-252.5405323019662, 428.5698543148378
-252.5896238460051, 428.5854590697591
-252.63561710568786, 428.60007897140264
-252.6740824003673, 428.6123059548516
-252.7106291120897, 428.623923077327
-252.7415794591201, 428.6337612804146
-252.7713175603012, 428.64321414627653
-252.79675848258591, 428.65130106562276
-252.8214274488862, 428.6591426029142
-252.84270913334626, 428.66590742314577
-252.8635030122481, 428.6725171843679
-252.88156801134517, 428.6782595151314
-252.8993332604855, 428.68390656421855
-252.91485940314146, 428.68884186734994
-252.93021240314715, 428.69372213353597
-252.9436995523838, 428.69800930075684
-252.9571003514901, 428.70226901981636
-252.96892546851836, 428.70602787598506
-253.34343087926152, 428.82827165982064
-253.38138797936347, 428.8389313525842
-253.58046760268599, 428.90089164531594
-253.7088694933649, 428.93696121280965
-254.3044806391664, 429.1221397564409
-254.3610276598564, 429.1380218696419
-254.76071048554024, 429.23626423201375
-255.15925013213098, 429.33415462561544
-255.23322500853794, 429.3509543025669
-255.61134206207237, 429.44387087050137
-255.96087372694024, 429.5125974623106
-256.1166651708587, 429.5479880577261
-256.25070579650435, 429.574362450317
-256.36234897962606, 429.5941882509419
-257.1131052321613, 429.7418960839997
-257.2374693533436, 429.76398049170797
-257.7927545887045, 429.8476757004054
-257.9424177625234, 429.86725356378946
-258.0048722631552, 429.8766612824802
-258.6651902295836, 429.9761958612087
-258.75538569909384, 429.9879891081684
-259.37573991807403, 430.05445004630224
-259.42372365976576, 430.0585800235701
-259.69318462804495, 430.0874642555912
-259.83223797291987, 430.0994478229043
-260.24721021570485, 430.14390313730235
-260.30169917691796, 430.1485923251312
-260.67555447813083, 430.1705822726308
-260.98895021437215, 430.1889879843068
-261.0734625777279, 430.19259870447087
-261.55697984031076, 430.22102148384533
-261.7138403037694, 430.2277266160148
-262.28541970372794, 430.26133762319853
-262.51248515808993, 430.26390616664605
-262.6177989714133, 430.26510966555736
-263.3170382209223, 430.2729890877117
-263.43656346710907, 430.2729895368588
-263.73578017628176, 430.2763478846607
-263.8548564620371, 430.2763488330813
-264.25426240570323, 430.2644473277121
-264.40805929956184, 430.2578713775095
-264.49039429032746, 430.25435193242345
-264.5955386532313, 430.2512266191057
-265.43220671567565, 430.2262596098636
-265.8842711928197, 430.19404970027574
-265.9365598389629, 430.1895480467862
-266.2511134273491, 430.1671259534106
-266.38367406530267, 430.15570328546664
-266.9521444078647, 430.11523628246886
-266.9975239247717, 430.11133043313737
-267.2252302805904, 430.0855479535454
-267.49655293204637, 430.05477303452835
-267.58111100339545, 430.043716952937
-268.09884709953553, 429.9850930986222
-268.2376387540262, 429.96693652510214
-268.53113018675197, 429.9337284538903
-269.01638557835065, 429.85772279019784
-269.079643120901, 429.8478136470782
-269.1935264763845, 429.82758674066383
-269.9172307964036, 429.7141744111753
-270.0182588836426, 429.6962375964719
-270.6213997055137, 429.5740272524551
-270.76114833799886, 429.5422745145813
-270.8270315097734, 429.52731195081725
-270.9627139077239, 429.4997986360874
-271.4707795294885, 429.3968863970489
-271.70603435865326, 429.33751124413044
-272.11081500671867, 429.2354892807244
-272.1604408744464, 429.22155105930403
-272.48192135362115, 429.1404568438093
-272.5937306668328, 429.10905284809917
-272.8372027285759, 429.04766440511713
-273.2991227842599, 428.90656806883425
-273.33190289254924, 428.89736144608696
-273.5369442161094, 428.83468585893854
-273.6110921818437, 428.80947992399695
-274.1048775386847, 428.65855100779964
-274.21298816773594, 428.62180805603157
-274.86892014698435, 428.3828603710337
-274.8904679734037, 428.37499453284846
-274.9848930887422, 428.33661740911043
-275.40113455408004, 428.18498049440177
-275.47601397777237, 428.15456092247643
-275.68412292287235, 428.06498216536414
-276.1612995160774, 427.85963684296433
-276.2714647058534, 427.8064735719104
-276.31689288881364, 427.78454938430383
-276.4591027771213, 427.72337408962994
-276.6506027079264, 427.64093531525947
-277.0471242336822, 427.43988955856315
-277.33926706163595, 427.2918934137577
-277.3791891490713, 427.2690347226885
-277.64519601919994, 427.13417801017806
-277.7261288021251, 427.08783486158467
-278.26686157799384, 426.7644003897079
-278.28665474725915, 426.7530658160716
-278.4159568146358, 426.6757355446198
-278.4704737164619, 426.6385504011572
-278.67823987256065, 426.5142948008253
-278.7491544360337, 426.46591465351577
-278.9188131706586, 426.34577127599175
-279.3842112741978, 426.0160820703062
-279.44838483827345, 425.96342350252024
-279.4938364848123, 425.92612067006195
-279.5016735182479, 425.92057570403756
-279.64781534865585, 425.8170942811526
-279.9362672897953, 425.5728381330601
-280.23729932513834, 425.31786284050446
-280.2522842741454, 425.30281920797154
-280.3582125117206, 425.21312736946487
-280.411837086083, 425.15926465995636
-280.7801305119136, 424.7801564131508
-280.8046405017982, 424.75554444206796
-280.9693664750645, 424.5859569355105
-280.99319759532045, 424.5558333773103
-281.0372086157183, 424.5001942968268
-281.0458480729467, 424.4892690004973
-281.10375907664275, 424.4296024207728
-281.21680908075643, 424.2840617505205
-281.51456415733253, 423.9005759618087
-281.57307493363703, 423.8252047759566
-281.6005459847738, 423.77937292667457
-281.6262669394199, 423.7461910534621
-281.79395933153796, 423.4633606083382
-281.8258836866056, 423.4101550492054
-282.0444164545123, 423.0413220742831
-282.07029871634506, 422.9794360862229
-282.08658697900216, 422.94042965620457
-282.0912534775624, 422.9326311312571
-282.2678196413457, 422.51115316356686
-282.37294210832454, 422.2605537608959
-282.37814557298907, 422.2400733965852
-282.3828215052732, 422.2208042821382
-282.4167112020285, 422.08667962368946
-282.4309631341945, 422.02795258142373
-282.53410645715087, 421.619116819186
-282.56239869979026, 421.5070158696676
-282.56821548194773, 421.483007409262
-282.5730198152936, 421.4274569869038
-282.57575570303527, 421.39260291679227
-282.59644125866623, 421.1494466304747
-282.6010511034974, 421.09043178671527
-282.6362844991178, 420.678774935233
-282.71984250344053, 420.67824101827244
-282.731804518649, 420.6779735167092
-282.8843632774252, 420.6746964717996
-282.9946365008948, 420.67232154293947
-283.42424330985557, 420.66993835816237
-284.061152723693, 420.6504484149847
-284.8349984674318, 420.62681289524426
-284.88597383423223, 420.6235586615346
-285.21719750018474, 420.613390765368
-285.37389334914894, 420.603373231317
-286.529962134946, 420.52148329739805
-286.57763626733595, 420.51843427631474
-286.92323607350943, 420.4939240940734
-287.02735237750096, 420.4828576545557
-287.1713656871033, 420.4675548415628
-287.4931459607993, 420.4447375286059
-287.9322827588197, 420.39498935327265
-288.98261380998315, 420.2758338540596
-289.1310403511121, 420.25354578346264
-289.2211334991241, 420.2400197299992
-289.2616793826443, 420.23545808675874
-289.52572803082114, 420.20552738281447
-290.32817906146704, 420.0790444661526
-290.9990946725542, 419.9733188147384
-291.04871761739025, 419.9635794976716
-291.3337370528094, 419.9186531070625
-291.46849097256893, 419.8922180068196
-292.58971507730496, 419.66334432787096
-292.63217872104235, 419.65500632168994
-292.9584410776432, 419.5883338478615
-293.0451311554672, 419.5670572683381
-293.17401688861185, 419.5354307277397
-293.4400173328404, 419.4811314725824
-293.8512980726342, 419.3766880319343
-294.8317786128756, 419.1277061796855
-294.84749167524944, 419.12371009198154
-294.96457890636134, 419.0887320409278
-295.0500049407134, 419.06321298480674
-295.3001230992023, 418.9996890432591
-295.9802217022286, 418.7902507644475
-296.65342673946213, 418.5829124688308
-296.6843211193626, 418.5718610819759
-296.92081108400737, 418.4990287430891
-297.03094043710746, 418.4596489791602
-297.9373813155445, 418.1264520941003
-297.98426787115545, 418.1096876778606
-298.3643092986923, 417.96990490006357
-298.42224297350435, 417.9453420523728
-298.5382581927954, 417.89617685318336
-298.7609411031168, 417.81433751056665
-299.02317749938175, 417.700345403749
-299.8506634641311, 417.3405997075267
-299.9692241026181, 417.2890858494471
-300.0486409468882, 417.24937242697797
-300.1279313821759, 417.2097262830847
-300.3348621521494, 417.119757843242
-300.7997412718297, 416.8817948295635
-301.4574777450945, 416.54500584053085
-301.55294529259083, 416.4887020249484
-301.6004575024243, 416.4606631193563
-301.7890908788231, 416.3641151458733
-302.4187574220449, 415.98435563904764
-302.81955052309604, 415.74274064990124
-302.85148979012104, 415.7204191507824
-303.0150409463605, 415.62179263673596
-303.0891363205475, 415.56998866313575
-303.10983304576155, 415.55551447982214
-303.2348924331816, 415.46629739796475
-303.8685535786582, 415.0141303830012
-304.0461560441829, 414.8874995924409
-304.0928339740931, 414.84843813499714
-304.15661637391065, 414.7950553561593
-304.28990230779243, 414.69989806617497
-304.57591212469833, 414.45619224545953
-305.12863175742064, 413.9848073786636
-305.18481140213567, 413.9275851939868
-305.22247409160934, 413.88921659431594
-305.3230579094824, 413.80351700473955
-305.7286523658455, 413.38324944985095
-306.0593960836742, 413.0405991356946
-306.0739703045314, 413.0220295585283
-306.11969746218745, 412.9637776731591
-306.13645187653503, 412.9424374899509
-306.2042300274253, 412.87223703222685
-306.6824176052213, 412.25359994748715
-306.8313530374868, 412.0611792849998
-306.8541165699896, 412.02326535344355
-306.8927245583376, 411.97325710487405
-307.0662981883995, 411.6806030384299
-307.102280893856, 411.62067771835086
-307.4253194661744, 411.0754657702345
-307.42666088037197, 411.0732501823378
-307.43862478759127, 411.05300097629345
-307.4637398207743, 410.99393107483644
-307.4818406762312, 410.95133693876545
-307.49819882418615, 410.92384947321233
-307.7132507311168, 410.4124152605756
-307.87695080610786, 410.0230785219097
-307.88190004611545, 410.0037278016876
-307.8979888870408, 409.9408120759754
-307.903205678413, 409.92044717092654
-307.90609433852387, 409.91353629406484
-307.94942661827974, 409.74292443375646
-308.0958264048636, 409.1654788144764
-308.1416555928679, 408.9849493282019
-308.1422061239349, 408.978446184245
-308.1459148468058, 408.9351416390947
-308.17991030652354, 408.53655539177595
-308.18506741084946, 408.47679280340213
-308.2321402120085, 407.9265090050572
-308.2329313228885, 407.91733797892954
-308.2329632862185, 407.91696744106764
-308.23303938883157, 407.91608521447864
-308.23308086689667, 407.9156043761681
-308.23318159669464, 407.91443665665923
-308.23323764089025, 407.91378695913124
-308.2333772362764, 407.9121686866924
-308.2334571234045, 407.9112425877636
-308.2336633868558, 407.9088514596051
-308.2337863454536, 407.90742605067476
-308.2341217639042, 407.9035376812295
-308.2343350437137, 407.90106521528935
-308.23497478492766, 407.89364895603114
-308.2354324196348, 407.8883437833145
-308.2362600850554, 407.8787489952916
-308.2362600850554, 401.37359798859677
-308.2362600850554, 391.87876425408064
-308.2362600850553, 385.13846655661575
-308.2362600850553, 381.4116577155173
-308.2362600850554, 376.2019029416428
-308.2362600850554, 374.465067614335
-308.2362600850554, 372.59073918807206
-308.2362600850554, 371.1380357662046
-308.2362600850554, 369.32211622467474
-308.2362600850554, 368.70976110515466
-308.2362600850554, 367.739582858602
-308.2362600850554, 367.38172385750795
-308.2362600850554, 366.77872436909587
-308.2362600850554, 366.54426936974164
-308.2362600850554, 366.1333561200274
-308.2362600850554, 362.84765921257673
-331.68613123378236, 358.6583585265662
-332.4913064837622, 358.5173252769787
-340.948527208206, 357.0179006229459
-340.938508085292, 345.1127248548766
-340.93681525424756, 344.37196011996207
-340.93487538445936, 343.5334378595636
-340.93487538445936, 269.7109997883525
-340.93487538445936, 193.09542952803025
-340.92236548260473, 179.91322998172816
-340.92240054809724, 179.70507923094274
-340.71119930718066, 179.74082093872565
-340.6446921240489, 179.7527702231754
-308.2362600850554, 185.62609396599467
-308.2362600850554, 181.2708724349573
-308.2362600850554, 177.88080169610515
-308.2362600850554, 170.4226897162797
-308.2362600850554, 167.03261897742755
-308.2362600850554, 159.57449891507446
-308.2362600850554, 156.18444434127758
-308.2362600850554, 148.7263242789245
-308.2362600850554, 77.6610686514937
-308.2362600850554, 66.97531701960122
-308.2362600850554, 61.66105857002046
-308.2362600850554, -141.78469802759108
-308.2362600850554, -149.2428342549995
-308.2362600850554, -152.63287266374104
-308.2362600850554, -160.09100889114944
-308.2362600850554, -163.48106346494632
-308.2362600850554, -170.9391835272994
-308.2362600850554, -174.32923810109628
-308.2362600850554, -178.68447579718892
-340.5474778248707, -172.82940452556645
-340.63749266447894, -172.81323218888326
-340.92350243665567, -172.76481876924032
-340.9234505623641, -173.04593365075542
-340.93487538445936, -186.15378970376665
-340.93487538445936, -259.97624943043553
-340.93487538445936, -336.591803199243
-340.93681525424756, -337.4303038041836
-340.938508085292, -338.171106801841
-340.948527208206, -350.0762443071674
-331.68613123378236, -351.7167177410385
-317.4328364628192, -354.26304798848236
-308.2362600850554, -355.90600289679827
-308.2362600850554, -370.05902030059576
-308.2362600850554, -374.2471684966331
-308.2362600850554, -376.8990880628805
-308.2362600850554, -389.0656624943542
-308.2362600850554, -391.44226607296287
-308.2362600850554, -400.93705453254046
-308.2354324196348, -400.9466646477008
-308.23497478492766, -400.9519782951342
-308.2343350437137, -400.959406401452
-308.2341217639042, -400.9618828170182
-308.2337863454536, -400.96577739791627
-308.2336633868558, -400.96720508385766
-308.2334571234045, -400.96960003170966
-308.2333772362764, -400.97052761002976
-308.23323764089025, -400.9721484675684
-308.23318159669464, -400.9727992029518
-308.23308086689667, -400.97396878782735
-308.23303938883157, -400.9744503942502
-308.2329632862185, -400.9753340301469
-308.2321402120085, -400.9848908362514
-308.2270302993023, -401.0446334852451
-308.1795422368144, -401.59501351691546
-308.1758496807172, -401.6383076371544
-308.141715413684, -402.0367704154789
-308.1416555928679, -402.03746583293093
-308.09376214439214, -402.22436075354904
-308.0887794647217, -402.2439922615227
-308.07285519618324, -402.3067989916411
-307.925187974221, -402.8843273846221
-307.92046571685887, -402.9029241579303
-307.9201508824185, -402.90368128768955
-307.8747441751799, -403.0811807747127
-307.8568921586317, -403.12363570251404
-307.6915144145996, -403.5127982413234
-307.66800354426107, -403.56871201042736
-307.6662141816731, -403.57171967734746
-307.4369105231593, -404.11114168008766
-307.435599386581, -404.11335705428473
-307.42336037702637, -404.13350334677665
-307.38792632666593, -404.1933041319269
-307.0607935553851, -404.7381172447478
-307.04167828058576, -404.77035466383535
-307.037424323707, -404.77585794806726
-306.8311085389538, -405.1194886145717
-306.8146620756213, -405.1407446133337
-306.76177849074236, -405.20915317852376
-306.75427304148445, -405.21694113767336
-306.60344101807266, -405.4091584656243
-306.1923308303152, -405.9328001091081
-306.0614700394625, -406.09949945575113
-306.0245942835679, -406.13769097981327
-305.6893407649776, -406.47926073143117
-305.64389623558316, -406.5263492749731
-305.6326127949993, -406.53597351236317
-305.13325611718153, -407.0445886871539
-305.0709179982531, -407.09775262380543
-304.5101910815606, -407.5670153774042
-304.47769921786505, -407.5947012337954
-304.46254224302515, -407.60552507043496
-304.0529511021606, -407.9483082300557
-304.0326832929454, -407.96274708778446
-303.85285186575004, -408.0884771953344
-303.7802782381033, -408.14027470744594
-303.13730391615206, -408.58985278615637
-303.1228696764871, -408.60015400342587
-302.84669572530026, -408.793162909412
-302.82777442588133, -408.8045771755805
-302.78135746593136, -408.832550311469
-302.3754608441294, -409.0721475502649
-302.3020868272648, -409.1163990771822
-302.2800625956844, -409.1276753622437
-301.466153366915, -409.60753671687394
-301.3887343716725, -409.64717671643035
-300.72260600786126, -409.9803077482017
-300.667412135013, -410.0085597100513
-300.64280417978034, -410.0192619403819
-299.97726466136805, -410.352092074322
-299.9630909582762, -410.35825014737514
-299.00655977901715, -410.7635244419664
-298.9065742771211, -410.80700407815567
-298.87480516095707, -410.82079709992405
-298.84779637265285, -410.8307261996828
-298.3711198703901, -411.0328528454352
-298.3248367724058, -411.04988358220396
-297.940961626021, -411.18706746359686
-297.8299060158879, -411.2278849397952
-296.93711594519857, -411.5471712088232
-296.9078660660558, -411.55618817177094
-296.6585404880591, -411.6454056070085
-296.57493819753097, -411.6711527153055
-295.8958161508018, -411.87402047492327
-295.81059340747936, -411.90026438331614
-295.77918083371765, -411.90824208516796
-294.8510416958551, -412.18549830791744
-294.8490549576194, -412.185994980791
-293.8460739793245, -412.4321680505845
-293.72076768821466, -412.4639836218148
-293.6680286832808, -412.47738942614575
-293.6338632198758, -412.4843673811265
-292.9607954087543, -412.6495201650841
-292.9186719780736, -412.6581190855345
-292.59053824804414, -412.72251555685733
-292.4449313769893, -412.75224641879834
-291.41519007134286, -412.9542735345724
-291.37778047604786, -412.96016686181633
-291.00061666289855, -413.0341548067246
-290.91212093211584, -413.04809521661883
-290.23816790396666, -413.1493446866851
-290.1313721421666, -413.1661866863161
-290.0961395377809, -413.170175704848
-290.090725400166, -413.1707854943442
-288.98389439953837, -413.33691334324
-288.84230489728486, -413.3529749127733
-287.78771846660845, -413.4651359261727
-287.72781738175524, -413.47194025984277
-287.6838430360332, -413.4750445923937
-286.92416202749905, -413.5557493167043
-286.8766691316886, -413.55911246853793
-286.5305402133712, -413.58124789532235
-286.3707245503841, -413.5925677586838
-285.24564974585246, -413.6645108732144
-285.1993566027136, -413.6659421671542
-284.8354587146986, -413.68916904988214
-284.7267556083485, -413.69249263157286
-283.951744704196, -413.709153898607
-283.86144828072725, -413.7119073346533
-283.80038247686696, -413.71225920994294
-282.731804518649, -413.7352497498924
-282.6482538361572, -413.737118432013
-282.6362844991179, -413.73719491339983
-282.63123599356425, -413.7961801989311
-282.59907086468513, -414.20785226203265
-282.59610587920747, -414.24269549269775
-282.57702112965114, -414.4859912886649
-282.5763323702098, -414.4939502409713
-282.53576335340824, -414.6613649660149
-282.5317059575242, -414.6774510651253
-282.51690939235266, -414.73610155952304
-282.4176253755271, -415.14518051611503
-282.41275902836753, -415.1644351314732
-282.38020223988883, -415.29859805195366
-282.37945483142164, -415.30153976618857
-282.3643513067892, -415.3375448453316
-282.33896555900594, -415.3981524137974
-282.3382943365576, -415.39926490043507
Holes:
Exterior:
819.1684764767012, 524.2478563264505
826.2872266002, 522.055679454934
826.2872416047308, 527.4319328405954
826.28741564985, 537.088481105436
815.3846409620728, 540.445922696219
807.5983983444098, 542.843650412275
807.5983983444098, 535.4190960003046
807.5983823801748, 527.8108036691849
819.1684764767012, 524.2478563264505
Holes:
Exterior:
-103.91502010801878, 401.999957232624
-109.9626079098714, 400.31752941198675
-114.55482776839318, 399.03998777023406
-114.55482230328255, 396.049855610811
-114.55482230328255, 388.0540906068507
-92.94466462607102, 394.06599722527204
-91.75205375144992, 394.06599722527204
-91.53703105019179, 394.06599722527204
-81.3418051290007, 394.06599722527204
-86.40829247621355, 391.5327535516656
-92.01953387914847, 388.72713285019813
-92.47595870309954, 388.4989204382226
-108.48747068584225, 380.49316444685127
-114.55482776839318, 377.4594859055758
-114.55482776839318, 373.91688422624946
-114.55483690939423, 372.72548427035645
-114.55483690939417, 359.3575602535323
-114.55483690939423, 356.0101097285275
-114.55482776839318, 351.2761155587881
-110.73597682172567, 349.3666936132286
-108.48747068584225, 348.24242955203266
-92.4759587030996, 340.2366735606613
-92.01953387914847, 340.0084611486858
-91.53703105019179, 339.7672104584431
-81.3418051290007, 334.66963492058454
-86.40829247621355, 334.66963492058454
-92.01953387914847, 334.66963492058454
-92.47595870309954, 334.66963492058454
-108.48747068584225, 334.66963492058454
-114.55482776839318, 334.66963492058454
-114.55482776839318, 324.3746134597805
-114.55482776839318, 321.86960898064314
-110.73597682172567, 321.86960898064314
-108.48747068584225, 321.86960898064314
-92.4759587030996, 321.86960898064314
-92.01953387914847, 321.86960898064314
-91.53703105019179, 321.86960898064314
-81.3418051290007, 321.86960898064314
-86.40829247621355, 319.3363653070367
-92.01953387914847, 316.5307068106579
-101.30332428251307, 311.8888230693699
-108.48747068584225, 308.29675873618976
-114.55482776839318, 305.26309766094687
-114.55482776839318, 301.72049598162056
-114.55483690939423, 300.5291060018873
-114.55483690939417, 287.16121015587606
-114.55483690939423, 283.81374965471144
-114.55482776839318, 279.0797579956519
-110.73597682172567, 277.1703325223181
-108.48747068584225, 276.0460794543764
-101.30332428251307, 272.45400625271185
-92.01953387914847, 267.81211105102955
-91.53703105019179, 267.5708596365512
-81.3418051290007, 262.47324667595564
-86.40829247621355, 262.47324667595564
-92.01953387914847, 262.47324667595564
-101.30332428251307, 262.47324667595564
-108.48747068584225, 262.47324667595564
-114.55482776839318, 262.47324667595564
-114.55482776839318, 259.96824219681827
-114.55482776839318, 249.6732207360142
-110.84977814938725, 249.6732207360142
-108.48747068584225, 249.6732207360142
-101.30332428251307, 249.6732207360142
-92.01953387914847, 249.6732207360142
-91.53703105019179, 249.6732207360142
-80.68573739699514, 249.6732207360142
-80.60153072989397, 249.6732207360142
-80.48037019247727, 249.6732207360142
-80.60153072989397, 249.63952091600206
-80.68573739699514, 249.61609951506048
-86.00027007178164, 248.13760753847563
-92.01953387914847, 246.4631196587794
-101.30332428251307, 243.8803937304805
-108.48747068584225, 241.8817832080102
-114.55482776839318, 240.19385739914026
-114.55482776839318, 238.33825262682828
-114.55482776839318, 231.9995789654229
-112.09813960396991, 232.58110965960785
-108.48747068584225, 233.4388016466595
-104.1526715751595, 234.46241597664073
-101.30332428251307, 235.14377633833845
-92.01953387914847, 237.3446441252873
-91.53703105019179, 237.45896943386546
-72.08970832979782, 242.0610859799593
-69.68841455332341, 242.630798702139
-65.32028093306116, 243.66369310307164
-60.36279773932648, 244.83432181001874
-56.38856259024192, 245.77458097799607
-48.45190734931663, 247.64706253711913
-48.45189816799342, 247.64890621649243
-47.92550165787736, 247.77250666275302
-47.586769830483945, 247.85291376087585
-43.02067858972805, 248.9290233989162
-43.02067858972805, 254.1091076589494
-43.02067858972805, 268.83378400565056
-47.0638736584462, 266.8121864712915
-47.586769830483945, 266.5507383852726
-50.43985810751633, 265.1241942467564
-66.60514392645428, 273.2068371562254
-69.56783849009935, 274.68816676802146
-91.73433747763352, 285.77139578484235
-91.53703105019179, 285.77139578484235
-66.60514392645428, 285.77139578484235
-65.14535517846207, 285.77139578484235
-60.0546074270236, 285.77139578484235
-50.36520238267326, 285.77139578484235
-47.586769830483945, 285.77139578484235
-43.02067858972805, 285.77139578484235
-43.02067858972805, 296.2717299755563
-43.02067858972805, 298.5714598717564
-47.0638736584462, 298.5714598717564
-47.586769830483945, 298.5714598717564
-50.36520238267326, 298.5714598717564
-56.343456870179295, 298.5714598717564
-65.14535517846207, 298.5714598717564
-66.60514392645428, 298.5714598717564
-69.56783849009935, 298.5714598717564
-91.73433747763352, 298.5714598717564
-91.53703105019179, 298.6701123612416
-66.60514392645428, 311.1360003086713
-61.70342591076792, 313.58685326557855
-50.43985810751633, 319.2186232628697
-47.586769830483945, 317.79208264635423
-43.02067858972805, 315.5090403576705
-43.02067858972805, 318.76131732689055
-43.02067229252998, 319.85509304968804
-43.02067229252998, 333.61098958389215
-43.02067229252998, 336.6841218631963
-43.02067858972805, 341.03017225027946
-47.0638736584462, 339.0085747159204
-47.586769830483945, 338.7471266299015
-50.43985810751633, 337.3205824913853
-66.60514392645428, 345.4032254008543
-69.56783849009935, 346.88455501265037
-91.73433747763352, 357.96778402947126
-91.53703105019179, 357.96778402947126
-66.60514392645428, 357.96778402947126
-65.14535517846207, 357.96778402947126
-60.0546074270236, 357.96778402947126
-50.36520238267326, 357.96778402947126
-47.586769830483945, 357.96778402947126
-43.02067858972805, 357.96778402947126
-43.02067858972805, 360.26750707197647
-43.02067858972805, 370.76780996941267
-47.0638736584462, 370.76780996941267
-47.586769830483945, 370.76780996941267
-50.36520238267326, 370.76780996941267
-56.343456870179295, 370.76780996941267
-65.14535517846207, 370.76780996941267
-66.60514392645428, 370.76780996941267
-69.56783849009935, 370.76780996941267
-91.73433747763352, 370.76780996941267
-91.53703105019179, 370.86646318313353
-66.60514392645428, 383.33238855330023
-61.70342591076792, 385.78324151020746
-50.43985810751633, 391.4150115074986
-47.586769830483945, 389.98847089098314
-43.02067858972805, 387.70542174860446
-43.02067858972805, 390.9577124252143
-43.02067229252998, 392.05148129431694
-43.02067229252998, 395.1246044149918
-43.02067229252998, 414.4731640500003
-43.02067858972805, 418.94059379175206
-46.47563462189811, 417.97942806349215
-47.586769830483945, 417.67031500895837
-50.36520238267326, 416.89737802134135
-52.74551887483864, 416.2351921474813
-57.75527878056772, 414.841479375505
-62.09487798620938, 413.6342231648624
-65.14535517846207, 412.78556949437825
-66.60514392645428, 412.37945012994675
-91.53703105019179, 405.4434807375916
-92.01953387914847, 405.30925002987317
-92.14630567039217, 405.2739824529465
-99.43790499228788, 403.24548032504373
-100.85614218727824, 402.8509342508506
-103.91502010801878, 401.999957232624
Holes:
Exterior:
-103.91502010801878, -395.05835410028715
-99.43790499228788, -396.30388657689485
-97.82209280503957, -396.7534027933713
-92.14630567039217, -398.33236479269567
-91.53703105019179, -398.5018625687858
-66.60514392645428, -405.43785015284294
-65.14535517846207, -405.8439413287018
-62.09487798620938, -406.69259834171373
-57.75527878056772, -407.89986096404346
-52.74551887483864, -409.2935604057027
-50.36520238267326, -409.9557407329698
-47.586769830483945, -410.7287279431238
-43.02067858972805, -411.9990000625292
-43.02067858972805, -409.0700187336495
-43.02067229252998, -407.5315473936499
-43.02067229252998, -388.182871805268
-43.02067229252998, -385.1097670018518
-43.02067858972805, -380.7637165536602
-47.0638736584462, -382.7852991479169
-47.586769830483945, -383.0467488472616
-50.43985810751633, -384.47327889777483
-61.70342591076792, -378.8415506134877
-66.60514392645428, -376.3907158093884
-69.56783849009935, -374.90937705661577
-91.73433747763352, -363.8262299475795
-91.53703105019179, -363.8262299475795
-66.60514392645428, -363.8262299475795
-65.14535517846207, -363.8262299475795
-56.343456870179295, -363.8262299475795
-50.36520238267326, -363.8262299475795
-47.586769830483945, -363.8262299475795
-43.02067858972805, -363.8262299475795
-43.02067858972805, -361.5265000513794
-43.02067858972805, -351.02616586066546
-47.0638736584462, -351.02616586066546
-47.586769830483945, -351.02616586066546
-50.36520238267326, -351.02616586066546
-60.0546074270236, -351.02616586066546
-65.14535517846207, -351.02616586066546
-66.60514392645428, -351.02616586066546
-69.56783849009935, -351.02616586066546
-91.73433747763352, -351.02616586066546
-91.53703105019179, -350.9275119227089
-66.60514392645428, -338.46156732150723
-50.43985810751633, -330.3789643225795
-47.586769830483945, -331.8055014170942
-43.02067858972805, -334.08855408147366
-43.02067858972805, -330.83625655116896
-43.02067229252998, -329.7424945357612
-43.02067229252998, -326.66937141508635
-43.02067229252998, -312.91347488088223
-43.02067858972805, -308.5674290425595
-47.0638736584462, -310.5890191068674
-47.586769830483945, -310.8504609555477
-50.43985810751633, -312.2770050940639
-66.60514392645428, -304.1943621845949
-69.56783849009935, -302.71306791285184
-91.73433747763352, -291.62987984992327
-91.53703105019179, -291.62987984992327
-66.60514392645428, -291.62987984992327
-65.14535517846207, -291.62987984992327
-60.0546074270236, -291.62987984992327
-50.36520238267326, -291.62987984992327
-47.586769830483945, -291.62987984992327
-43.02067858972805, -291.62987984992327
-43.02067858972805, -281.1294830726537
-43.02067858972805, -278.8297394690639
-47.0638736584462, -278.8297394690639
-47.586769830483945, -278.8297394690639
-50.36520238267326, -278.8297394690639
-60.0546074270236, -278.8297394690639
-65.14535517846207, -278.8297394690639
-66.60514392645428, -278.8297394690639
-69.56783849009935, -278.8297394690639
-91.73433747763352, -278.8297394690639
-91.53703105019179, -278.7310884280501
-66.60514392645428, -266.26525713439224
-50.43985810751633, -258.18261422492327
-47.586769830483945, -259.60915836343946
-43.02067858972805, -261.89219027642764
-43.02067858972805, -256.71211287008936
-43.02067858972805, -241.98737393683268
-46.036824868719975, -241.2754470548733
-47.586769830483945, -240.9112539230967
-55.520226500077115, -239.03755997515998
-65.32028093306116, -236.7220438762857
-67.94944830981433, -236.10060396261514
-69.68841455332341, -235.689152767597
-72.08970832979782, -235.11949023341273
-79.99498391904098, -233.24484137056928
-92.01953387914847, -230.40298851363147
-101.30332428251307, -228.2021436474713
-103.33798069114346, -227.71571371814684
-108.48747068584225, -226.49718669276123
-114.55482776839318, -225.05797654714988
-114.55482776839318, -226.91358131946188
-114.55482776839318, -233.2521936178819
-110.84977814938725, -234.28294271815483
-108.48747068584225, -234.9401094261992
-101.30332428251307, -236.93871108018507
-92.01953387914847, -239.5214255480896
-91.53703105019179, -239.65565590374672
-80.68573739699514, -242.67449221036435
-80.60153072989397, -242.6979247980919
-80.48037019247727, -242.7316407141811
-80.60153072989397, -242.7316407141811
-80.68573739699514, -242.7316407141811
-86.00027007178164, -242.7316407141811
-92.01953387914847, -242.7316407141811
-101.30332428251307, -242.7316407141811
-108.48747068584225, -242.7316407141811
-114.55482776839318, -242.7316407141811
-114.55482776839318, -245.2366377278385
-114.55482776839318, -255.53162850714986
-110.73597682172567, -255.53162850714986
-108.48747068584225, -255.53162850714986
-101.30332428251307, -255.53162850714986
-92.01953387914847, -255.53162850714986
-91.53703105019179, -255.53162850714986
-81.3418051290007, -255.53162850714986
-86.40829247621355, -258.06487686107084
-92.01953387914847, -260.8705310291964
-101.30332428251307, -265.5124262308787
-108.48747068584225, -269.10449943254326
-114.55482776839318, -272.13817050833876
-114.55482776839318, -275.68077965314507
-114.55483690939423, -276.87214968055883
-114.55483690939423, -280.2196301340429
-114.55483690939423, -293.58746963842833
-114.55482776839318, -298.3214488106484
-110.73597682172567, -300.23087781175644
-108.48747068584225, -301.3551198864439
-101.30332428251307, -304.94719308810846
-92.01953387914847, -309.58908828979077
-91.53703105019179, -309.8303404285048
-81.3418051290007, -314.92799081183733
-86.40829247621355, -314.92799081183733
-92.01953387914847, -314.92799081183733
-92.47595870309954, -314.92799081183733
-108.48747068584225, -314.92799081183733
-114.55482776839318, -314.92799081183733
-114.55482776839318, -325.22298159114865
-114.55482776839318, -327.7279786048061
-110.73597682172567, -327.7279786048061
-108.48747068584225, -327.7279786048061
-92.4759587030996, -327.7279786048061
-92.01953387914847, -327.7279786048061
-91.53703105019179, -327.7279786048061
-81.3418051290007, -327.7279786048061
-86.40829247621355, -330.2612175980979
-92.01953387914847, -333.06680483290734
-92.47595870309954, -333.29501724488284
-108.48747068584225, -341.3007732362542
-114.55482776839318, -344.33445924300963
-114.55482776839318, -347.877053456856
-114.55483690939423, -349.06846338890875
-114.55483690939423, -352.4159238900734
-114.55483690939423, -365.78387607771043
-114.55482776839318, -370.51786027129003
-110.73597682172567, -372.4272822168495
-108.48747068584225, -373.55154627804546
-92.4759587030996, -381.5573022694168
-92.01953387914847, -381.7855146813923
-91.53703105019179, -382.026765371635
-81.3418051290007, -387.1243409094936
-83.45763852864383, -387.1243409094936
-91.75205375144992, -387.1243409094936
-92.94466462607102, -387.1243409094936
-107.88630413941348, -382.96762312980877
-114.55482230328255, -381.11246205520564
-114.55482776839318, -383.2624372064425
-114.55482776839318, -392.0984002829209
-108.48747068584225, -393.78631609123823
-103.91502010801878, -395.05835410028715
Holes:
Exterior:
-20.46322345689987, -247.30383543667446
-23.462773015071832, -246.595737439538
-23.462773015071832, -248.53956281562623
-23.462773015071832, -251.09534025970046
-23.462773015071832, -252.83568333009893
-23.462773015071832, -271.6711069293243
-9.145455031344454, -278.8297394690639
-23.462773015071832, -278.8297394690639
-23.462773015071832, -289.41089256445787
-23.462773015071832, -291.62987984992327
-9.145455031344454, -291.62987984992327
-23.462773015071832, -298.78851238966286
-23.462773015071832, -310.6141822551488
-23.462773015071832, -314.5912886321694
-23.462773015071832, -314.92799081183733
-23.462773015071832, -326.9151142123801
-23.462773015071832, -327.7279786048061
-23.462773015071832, -328.06468078447404
-23.462773015071832, -343.8675068688018
-19.689008887388354, -345.7543889326435
-9.145455031344454, -351.02616586066546
-23.462773015071832, -351.02616586066546
-23.462773015071832, -353.24513992008104
-23.462773015071832, -363.8262299475795
-21.289472777483127, -363.8262299475795
-9.145455031344454, -363.8262299475795
-23.462773015071832, -370.984836035195
-23.462773015071832, -382.8105557425022
-23.462773015071832, -386.78762903971773
-23.462773015071832, -387.1243409094936
-23.462773015071832, -387.73988060931697
-23.462773015071832, -399.8439420801811
-23.462773015071832, -417.4399325355713
-17.89704434329974, -418.9882899462128
-16.07269661717737, -419.49582309708643
-8.83236747846854, -421.5100704126255
-7.084160230129044, -421.99641488584257
3.8187775379936397, -425.0295690746093
4.399498487618075, -425.19112284757483
4.399543807311602, -417.53803840958267
4.399543807311602, -411.8930595781434
-8.489234401308636, -405.44866808919255
-9.145455031344454, -405.1205567298061
-15.056328189175986, -402.1650767575066
-19.537911086031954, -399.924252408517
-10.241699992823044, -399.924252408517
-9.145455031344454, -399.924252408517
-8.631733135586671, -399.924252408517
-3.802485471532691, -399.924252408517
4.3994757901805315, -399.924252408517
4.3994757901805315, -394.54415998413896
4.3994757901805315, -387.1243409094936
-8.631733135586671, -387.1243409094936
-9.145455031344454, -387.1243409094936
-15.056328189175986, -387.1243409094936
-19.537911086031954, -387.1243409094936
-10.241699992823044, -382.47623536288916
-9.145455031344454, -381.92811288214983
-8.631733135586671, -381.6712513001043
-3.802485471532691, -379.2566135661346
4.3994757901805315, -375.15562535845044
4.399487632521868, -364.9881795418109
4.399487632521868, -357.05370845377473
4.399487632521868, -349.86418282518633
4.3994757901805315, -347.30532514135956
4.3994757901805315, -339.69669415584923
-8.631733135586671, -333.18106821419536
-9.145455031344454, -332.92420663214983
-15.056328189175986, -329.96877005323404
-19.537911086031954, -327.7279786048061
-10.241699992823044, -327.7279786048061
-9.145455031344454, -327.7279786048061
-8.631733135586671, -327.7279786048061
-3.802485471532691, -327.7279786048061
4.3994757901805315, -327.7279786048061
4.3994757901805315, -322.3478541123565
4.3994757901805315, -314.92799081183733
-8.631733135586671, -314.92799081183733
-9.145455031344454, -314.92799081183733
-15.056328189175986, -314.92799081183733
-19.537911086031954, -314.92799081183733
-10.241699992823044, -310.2798170191304
-9.145455031344454, -309.73168649054827
-8.631733135586671, -309.47482490850274
-3.802485471532691, -307.0602343962596
4.3994757901805315, -302.9592310349204
4.399487632521868, -292.7917960029069
4.399487632521868, -284.85739179736623
4.399487632521868, -277.6678233160803
4.3994757901805315, -275.1090513376486
4.399526494206839, -267.5004030556396
2.4723294250173353, -266.5367980053131
-0.8095022725553918, -264.89587106086077
2.4723294250173353, -265.8088779350993
4.399526494206839, -266.34502492078525
4.399526494206839, -263.13943353382854
4.3994757901805315, -253.1559983821597
-8.631733135586671, -250.09286614945105
-8.772238184927517, -250.05971499849727
-9.145455031344454, -249.9720856692949
-20.46322345689987, -247.30383543667446
Holes:
Exterior:
718.350020621715, -623.8101745217963
720.9259799879947, -624.5268022310999
720.9259799879945, -615.7512756457819
720.9259799879947, -613.54096257027
718.0059279209568, -612.7286145914566
708.1207264299354, -609.9785716752192
708.1207264299354, -618.4609187135017
708.1207569893253, -620.9644142431508
718.350020621715, -623.8101745217963
Holes:
Exterior:
718.350020621715, 630.7517698912858
708.1207569893253, 627.9060096023371
708.1207569893253, 619.128626081863
708.1207264299354, 616.9201256175977
718.0059279209568, 619.6701685169047
720.9259799879947, 620.4825195667294
720.9259799879947, 629.2580461520474
720.9259799879947, 631.4683976031821
718.350020621715, 630.7517698912858
Holes:
Exterior:
851.2060032605052, 682.359795302212
810.3263490284712, 670.9871964083883
807.598303844772, 670.2282626245362
807.5983048364118, 669.6306196219005
807.5982962368764, 669.0136914360149
807.5983116149296, 668.5566413882517
807.5983058818546, 668.361923608107
807.5983345465454, 667.0095951603074
807.5983897844546, 666.2002880845711
807.5984181355675, 655.5804272854987
807.5984181355675, 653.3574843199553
807.5984181355675, 644.594488349072
811.0809150631966, 645.5633084655308
826.2872774262462, 649.7936725007734
848.6231988253138, 656.0074958085944
849.1892353610011, 656.1649636571482
850.0795192104679, 656.4126393771543
850.2023529622344, 656.4468112121466
850.4856703428165, 656.5256291937873
850.8573028484044, 656.6290180463875
851.206020796718, 656.7260294045956
851.2060128213503, 680.6153276224727
851.2060108024302, 680.6193059936244
851.2060032605052, 682.359795302212
Holes:
Exterior:
851.2060057130308, -476.2903311259804
850.2330501293976, -476.0196612687584
849.74262560158, -475.8832301042414
838.7467184827169, -472.8242013309596
838.7466575873364, -469.41756659546485
838.7467204084155, -469.0901921660571
838.746700352643, -468.54360176312747
838.7466878047803, -467.70775178480295
838.7466947664943, -466.47734199929675
838.7466713177438, -464.68641955976307
838.7466799746428, -462.0582300747564
838.7467110322126, -458.0942971086565
838.7467219722514, -451.7969507704718
838.7466651279094, -440.8379601053859
838.7466590058856, -437.46404228039734
835.0777196464172, -437.07865531599657
825.184440137416, -435.77232510074566
807.5982748772872, -433.6978413190891
807.5982748772872, -437.4887151031572
807.5984469148962, -459.243863147604
807.5983925157569, -468.9072844772061
807.5982845602728, -474.2541624727135
807.5983972172093, -489.7925770642387
811.218539867262, -490.79968891173746
826.2872237523752, -494.9918337673663
848.510343031535, -501.1742567599144
849.1211459610167, -501.3441909548562
850.0585922654836, -501.60497483645764
850.1857693703846, -501.6403537137868
850.4771644395149, -501.7214228671318
850.8573028484044, -501.82717587943824
851.2060183437483, -501.92418724866286
851.2060057130308, -477.94120195531565
851.2060057130308, -476.2903311259804
Holes:
Exterior:
851.2060128213503, -673.6737476006398
851.206020796718, -649.7843748930316
850.8573028484044, -649.6873617306092
850.4856703428165, -649.5839728780089
850.2023529622344, -649.5051579693118
850.0795192104679, -649.4709847858848
849.1892353610011, -649.2233166036197
848.6231988253138, -649.0658592624417
826.2872774262462, -642.8521058079665
823.9061172132286, -642.1896754879164
807.5984181355675, -637.6529314837793
807.5984181355675, -639.8758358550887
807.5984181355675, -648.6387709697203
807.5983897844546, -659.2586870827699
807.5983345465454, -660.0680151384744
807.5983058818546, -661.4203338653946
807.5983116149296, -661.6150526597055
807.5982962368764, -662.0721114141819
807.5983048364118, -662.6890396000674
807.598303844772, -663.2866771372308
848.0296407382679, -674.5345553870688
851.2060032605052, -675.4182079996676
851.2060108024302, -673.6777259717913
851.2060128213503, -673.6737476006398
Holes:
Exterior:
851.2060057130308, 483.23194929478626
851.2060183437483, 508.2935631210735
851.2060183437483, 508.865768973553
850.8573028484044, 508.76875803662193
850.4771644395149, 508.66300400473324
850.1857693703846, 508.5819384211901
850.0585922654836, 508.5465583713941
849.1211459610167, 508.28576459338484
848.510343031535, 508.1158409084632
826.2872237523752, 501.9334840656924
823.0622202562951, 501.0362965555599
807.5983972172093, 496.73428552052644
807.5983925157569, 475.848984236391
807.5984469148962, 466.18546081710605
807.5982748772872, 444.43030428465505
807.5982748772872, 440.63942592075455
835.0777196464172, 444.02031163177503
838.7466590058856, 444.4056985961758
838.7466651279094, 447.7796137940206
838.7467219722514, 458.73854221094496
838.7467110322126, 465.03585089375184
838.7466799746428, 468.9998661999853
838.7466713177438, 471.628022269844
838.7466947664943, 473.418973758661
838.7466878047803, 474.64939423798404
838.746700352643, 475.4852199319333
838.7467204084155, 476.0318103348629
838.7466575873364, 476.35920329843674
838.7467184827169, 479.7658091003877
849.74262560158, 482.82483931214966
850.2330501293976, 482.96127347973896
851.2060057130308, 483.23194929478626
Holes:
Exterior:
493.07076120025164, 476.97469421866833
487.02088865762045, 478.8454314293736
493.0709091748719, 484.08243650981564
507.5983722218374, 496.65763385500065
517.3525361613044, 505.1009689361207
556.0620049053573, 538.6084726589828
556.0618193107391, 558.9687412308015
556.0618076597175, 564.199190689009
512.7374361746542, 526.6969689265279
503.4654347734298, 518.6710013965705
490.4347247492267, 507.391411086347
477.456388025774, 496.1571631833751
477.37629998862786, 485.39120877384545
477.56053382868765, 481.7707912053856
477.40722013857044, 477.63564328062273
477.66246990677496, 470.74460575972597
477.54647902192306, 466.7250742281487
491.4482906179338, 462.42632264482444
504.97899423222304, 458.2423367243889
514.460712664931, 455.31040646808924
556.062054715152, 442.44639204085394
556.062054715152, 453.79379146081567
556.0620049053573, 457.49645447612426
524.1074160514067, 467.3774931103322
517.3525361613044, 469.46623947872416
507.5983722218374, 472.48241729404845
493.07076120025164, 476.97469421866833
Holes:
Exterior:
493.07076120025164, -470.0331141968352
507.5983722218374, -465.54078597496004
517.3525361613044, -462.52461704953754
556.0620049053573, -450.5548194416467
556.0620049053573, -439.70291518691215
556.062054715152, -435.50486015793473
524.6596951996892, -445.2151045197851
514.460712664931, -448.36881108704335
504.97899423222304, -451.30069152065903
491.4482906179338, -455.48480202336674
477.54647902192306, -459.7834749369331
477.6019941412277, -462.309857189828
477.66246990677496, -463.80299787002923
477.40722013857044, -470.69402085323213
477.56053382868765, -474.8291614807172
477.456388025774, -489.2155170125772
490.4347247492267, -500.4498162127821
503.4654347734298, -511.7293904415765
556.0618076597175, -557.2576238847676
556.0620020060895, -537.4821306201517
556.0620049053573, -531.6668376245054
524.1074160514067, -504.00647512568514
517.3525361613044, -498.15938891428755
507.5983722218374, -489.7160538331675
493.0709091748719, -477.1408246835997
487.02088865762045, -471.90385140754046
493.07076120025164, -470.0331141968352
Holes:
Exterior:
598.9943232873902, 597.5473481490649
595.5804589701205, 596.597621065604
595.5804589701205, 593.6692047681287
595.5804589701205, 572.8163024010532
595.5804589701205, 460.98168255332774
595.5804589701205, 445.2765151085728
595.5804589701205, 439.46798581301897
595.5804589701205, 398.1061430992955
616.4275313078325, 403.6999972825655
621.1804727030307, 404.97534475945173
621.1804727030307, 415.5049044645255
621.1804727030307, 457.6546355309361
621.1804727030307, 483.15188083434504
621.1804727030307, 585.217120272147
621.1804727030307, 588.9153780621364
621.1804727030307, 603.7194701256626
598.9943232873902, 597.5473481490649
Holes:
Exterior:
598.9943232873902, -392.08053249886626
595.5804589701205, -391.164486783517
595.5804589701205, -396.97301138167717
595.5804589701205, -438.3348206458217
595.5804589701205, -454.0399927879703
595.5804589701205, -565.8746460852749
595.5804589701205, -568.8030764749313
595.5804589701205, -589.6560791907436
616.4275313078325, -595.4555806411804
621.1804727030307, -596.7778138098843
621.1804727030307, -581.9738438349142
621.1804727030307, -578.2756165442593
621.1804727030307, -476.210255017901
621.1804727030307, -450.71297921515765
621.1804727030307, -440.18343475975104
621.1804727030307, -398.0337647376186
598.9943232873902, -392.08053249886626
Holes:
Exterior:
-7.084160230129044, 428.938071201621
-8.83236747846854, 428.45172672840397
-14.504102997526104, 426.87384444151047
-16.07269661717737, 426.43746617183456
-22.58748114862709, 424.625087628826
-23.462773015071832, 424.3815822383249
-23.462773015071832, 410.90529740115886
-23.462773015071832, 406.78566846847775
-23.462773015071832, 394.68153485128636
-23.462773015071832, 394.06599722527204
-23.462773015071832, 393.7292950456041
-23.462773015071832, 377.9264689612763
-19.689008887388354, 376.0395868974346
-9.145455031344454, 370.76780996941267
-23.462773015071832, 370.76780996941267
-23.462773015071832, 368.548842523022
-23.462773015071832, 357.96778402947126
-21.289472777483127, 357.96778402947126
-9.145455031344454, 357.96778402947126
-23.462773015071832, 350.8091250376076
-23.462773015071832, 338.9833804093898
-23.462773015071832, 335.0063322551985
-23.462773015071832, 334.66963492058454
-23.462773015071832, 333.85676810563155
-23.462773015071832, 321.86960898064314
-23.462773015071832, 321.5329068009752
-23.462773015071832, 305.73010563755804
-19.689008887388354, 303.8432270598468
-9.145455031344454, 298.5714598717564
-21.289472777483127, 298.5714598717564
-23.462773015071832, 298.5714598717564
-23.462773015071832, 287.99036984425794
-23.462773015071832, 285.77139578484235
-21.289472777483127, 285.77139578484235
-9.145455031344454, 285.77139578484235
-19.689008887388354, 280.4996188568204
-23.462773015071832, 278.6127367929787
-23.462773015071832, 259.77728827284267
-23.462773015071832, 258.03695842850624
-23.462773015071832, 255.48117332812038
-23.462773015071832, 253.53735560834374
-9.145455031344454, 256.9137407905155
-8.631733135586671, 257.0345224652295
0.4973928600549016, 259.1767920570692
4.3994757901805315, 260.0976386639024
4.3994757901805315, 268.14747742387993
4.399526494206839, 273.28662547819334
-0.8095022725553918, 271.8374892296666
4.399526494206839, 274.4420124187465
4.399487632521868, 284.609446190611
4.399487632521868, 291.7989718191994
4.399487632521868, 299.7334094659878
4.3994757901805315, 302.292224297117
4.3994757901805315, 309.9008713166631
-8.631733135586671, 316.41644371147515
-9.145455031344454, 316.6733046593541
-15.056328189175986, 319.62878463165356
-19.537911086031954, 321.86960898064314
-10.241699992823044, 321.86960898064314
-9.145455031344454, 321.86960898064314
-8.631733135586671, 321.86960898064314
-3.802485471532691, 321.86960898064314
4.3994757901805315, 321.86960898064314
4.3994757901805315, 327.24974950712846
4.3994757901805315, 334.66963492058454
-8.631733135586671, 334.66963492058454
-9.145455031344454, 334.66963492058454
-15.056328189175986, 334.66963492058454
-19.537911086031954, 334.66963492058454
-10.241699992823044, 339.31774046718897
-9.145455031344454, 339.8658629479283
-8.631733135586671, 340.1227245299738
-3.802485471532691, 342.5373622639435
4.3994757901805315, 346.6383504716277
4.399487632521868, 356.805817714616
4.399487632521868, 363.99532191685563
4.399487632521868, 371.9297762842679
4.3994757901805315, 374.4886125417459
4.3994757901805315, 382.097259561292
-8.631733135586671, 388.6128694689101
-9.145455031344454, 388.86973105095564
-15.056328189175986, 391.8251893265633
-19.537911086031954, 394.06599722527204
-10.241699992823044, 394.06599722527204
-9.145455031344454, 394.06599722527204
-8.631733135586671, 394.06599722527204
-3.802485471532691, 394.06599722527204
4.3994757901805315, 394.06599722527204
4.3994757901805315, 399.4461217177216
4.3994757901805315, 406.8659850182408
-8.631733135586671, 406.8659850182408
-9.145455031344454, 406.8659850182408
-15.056328189175986, 406.8659850182408
-19.537911086031954, 406.8659850182408
-10.241699992823044, 411.5140905648452
-9.145455031344454, 412.06221304558454
-8.489234401308636, 412.3903223162339
-2.1441487841184426, 415.5628468594014
4.399543807311602, 418.83468589059436
4.399498487618075, 430.7604290140179
4.399498487618075, 432.1327791633533
-7.084160230129044, 428.938071201621
Holes:
Exterior:
529.4359758884857, 592.8442811280828
512.4542111924686, 588.1200144242099
512.4542477765299, 584.7074320079541
512.4542831583776, 583.0240929426589
512.4542831583776, 580.7961100894731
497.32955811594485, 576.588454792715
495.4470739620267, 576.0647717928426
492.5961372356784, 575.2716245103167
488.5210677837836, 574.1379873810855
482.90378807156617, 572.575279805652
477.5772712286938, 571.0934027636774
477.5772712286938, 566.0806255897785
477.5772712286938, 552.7835320905297
485.65595156905954, 555.0310268795423
494.80571242197794, 557.5764299587038
556.0618260130249, 574.6177309028639
556.0618260130249, 575.5538371228859
556.062054715152, 585.6037371096145
556.0618560281805, 591.0963021415798
556.0618223871854, 592.0665508950267
556.0619121043082, 594.3301139049072
556.0619019564334, 597.3707534077957
556.0619187520339, 600.2515468739399
529.4359758884857, 592.8442811280828
Holes:
Exterior:
575.207289972706, -385.2800455682859
569.4114308300307, -383.41395764000856
569.4114308300307, -410.2500786659071
569.4114423840924, -423.5298224846217
582.1432390188363, -427.071781650501
582.2171886771379, -427.09235368442256
582.2171905859853, -425.7676668013169
582.2172547198248, -387.2718328142255
575.207289972706, -385.2800455682859
Holes:
Exterior:
546.2234641478723, 383.2393567685089
556.0619674023513, 386.2477727320992
556.0619674023513, 400.2072829751448
556.0620419272699, 409.3865435388031
556.062054715152, 426.75757328405336
502.06561455519596, 411.73588999442677
494.80571242197794, 409.7162080959109
485.65595156905954, 407.17080501674934
477.5772712286938, 404.9233379310537
477.54718077286, 395.3364702855118
477.62645284280353, 391.3246657717095
477.62826816172696, 389.0192440445179
477.40469059003436, 377.5461674794263
477.6425099910047, 370.6207383367483
485.05360331909367, 372.28224773767215
486.48393085519706, 372.60293123899345
489.31610266982517, 373.23401144838647
492.5132304738531, 373.9464162305531
494.5634200999196, 374.3960600039194
495.10364252760803, 374.51088635045016
495.4898482328761, 374.59298018155584
495.9287431808998, 374.6807698465494
495.94294530158004, 374.38810988593883
495.94829998297473, 374.10753705321093
495.9565648230039, 373.6766027965495
495.9673423468414, 371.47066392774394
495.96228787998234, 365.8178848187237
506.0454482292957, 369.55890032153115
511.0945946652266, 371.3804203165937
524.0730348492651, 375.90878230365075
528.0488373407318, 377.192275108192
541.6015877260023, 381.7854388748452
543.6577601052054, 382.4590766243192
546.2234641478723, 383.2393567685089
Holes:
Exterior:
546.2234641478723, -376.2977601437428
543.6577601052054, -375.5175038112053
541.6015877260023, -374.8438588530121
528.0488373407318, -370.2506519035694
524.0730348492651, -368.9671259878723
511.0945946652266, -364.43876400081524
506.0454482292957, -362.61725103143823
495.96228787998234, -358.87622850294525
495.9673423468414, -364.5289871165892
495.9565648230039, -366.73491754917825
495.94829998297473, -367.16586473814925
495.94294530158004, -367.4464401804014
495.9287431808998, -367.7390753837983
495.4898482328761, -367.6513094525259
495.10364252760803, -367.569205515467
494.5634200999196, -367.45438163205773
492.5132304738531, -367.004721767802
489.31610266982517, -366.29233483760544
486.48393085519706, -365.66128266921805
485.05360331909367, -365.3406040861731
483.4124455340866, -364.97864536589594
477.6425099910047, -363.6790972913879
477.62826816172696, -382.07764653623855
477.62645284280353, -384.38307085229064
477.54718077286, -388.3948695219817
477.5772712286938, -397.98175790922056
485.65595156905954, -400.229219928306
494.80571242197794, -402.7746490370635
556.062054715152, -419.81605078614456
556.0619674023513, -393.26572976565274
556.0619674023513, -379.3061793040955
546.2234641478723, -376.2977601437428
Holes:
Exterior:
821.0311522873467, 630.3932960518387
807.5984144825384, 618.7828632939344
807.5984144825384, 603.5651963697659
807.5983983444098, 593.2202422528625
816.5095388925491, 600.9224976677879
826.28741564985, 609.3738985992659
826.2872962677093, 627.4894836762406
826.2873055568897, 634.9363918070035
821.0311522873467, 630.3932960518387
Holes:
Exterior:
-381.2023852114429, 110.57875357292828
-387.0395150400042, 110.57875357292828
-399.67757620617897, 110.57875357292828
-399.67757620617897, 107.27893480432665
-399.67757620617897, 94.57876883171734
-395.1394765974354, 94.57876883171734
-381.2023852114429, 94.57876883171734
-381.2023852114429, 100.44458295080148
-381.2023852114429, 110.57875357292828
Holes:
Exterior:
-381.2023852114429, -186.73707284308736
-387.0395150400042, -186.73707284308736
-399.67757620617897, -186.73707284308736
-399.67757620617897, -190.036891611689
-399.67757620617897, -202.7370575842983
-395.1394765974354, -202.7370575842983
-381.2023852114429, -202.7370575842983
-381.2023852114429, -196.87124346521415
-381.2023852114429, -186.73707284308736
Holes:
Exterior:
-381.2023852114429, -285.8371094641811
-387.0395150400042, -285.8371094641811
-399.67757620617897, -285.8371094641811
-399.67757620617897, -289.1369282327827
-399.67757620617897, -301.837094205392
-395.1394765974354, -301.837094205392
-381.2023852114429, -301.837094205392
-381.2023852114429, -295.9712800863079
-381.2023852114429, -285.8371094641811
Holes:
Exterior:
-381.2023852114429, 11.47879324577984
-387.0395150400042, 11.47879324577984
-399.67757620617897, 11.47879324577984
-399.67757620617897, 8.175685908775206
-399.67757620617897, -4.5371369300014095
-395.1394765974354, -4.5371369300014095
-381.2023852114429, -4.5371369300014095
-381.2023852114429, 1.3345230043600744
-381.2023852114429, 11.47879324577984
Holes:
Exterior:
-381.2023852114429, -384.93714608527483
-387.0395150400042, -384.93714608527483
-399.67757620617897, -384.93714608527483
-399.67757620617897, -388.2369491190994
-399.67757620617897, -400.93705453254046
-387.0395150400042, -400.93705453254046
-381.2023852114429, -400.93705453254046
-381.2023852114429, -390.80293223395097
-381.2023852114429, -384.93714608527483
Holes:
Exterior:
-381.2023852114429, 298.644555737275
-381.2023852114429, 308.7787505211705
-387.0395150400042, 308.7787505211705
-399.67757620617897, 308.7787505211705
-399.67757620617897, 305.47892388518034
-399.67757620617897, 292.7787276329869
-395.1394765974354, 292.7787276329869
-381.2023852114429, 292.7787276329869
-381.2023852114429, 298.644555737275
Holes:
Exterior:
-381.2023852114429, -97.77135943201102
-381.2023852114429, -87.63718880988422
-387.0395150400042, -87.63718880988422
-399.67757620617897, -87.63718880988422
-399.67757620617897, -90.93700757848585
-399.67757620617897, -103.63717355109516
-395.1394765974354, -103.63717355109516
-381.2023852114429, -103.63717355109516
-381.2023852114429, -97.77135943201102
Holes:
Exterior:
-381.2023852114429, 199.5445572631539
-381.2023852114429, 209.67875204704936
-387.0395150400042, 209.67875204704936
-399.67757620617897, 209.67875204704936
-399.67757620617897, 206.3789254110592
-399.67757620617897, 193.67872915886576
-395.1394765974354, 193.67872915886576
-381.2023852114429, 193.67872915886576
-381.2023852114429, 199.5445572631539
Holes:
Exterior:
-381.2023852114429, 342.32874594353376
-381.2023852114429, 348.1945740478219
-381.2023852114429, 358.32876883171735
-387.0395150400042, 358.32876883171735
-399.67757620617897, 358.32876883171735
-399.67757620617897, 355.0289421957272
-399.67757620617897, 342.32874594353376
-395.1394765974354, 342.32874594353376
-381.2023852114429, 342.32874594353376
Holes:
Exterior:
-381.2023852114429, -38.087094205392034
-387.0395150400042, -38.087094205392034
-399.67757620617897, -38.087094205392034
-399.67757620617897, -41.38691297399366
-399.67757620617897, -54.08707894660297
-395.1394765974354, -54.08707894660297
-381.2023852114429, -54.08707894660297
-381.2023852114429, -48.22126482751884
-381.2023852114429, -38.087094205392034
Holes:
Exterior:
-381.2023852114429, 259.22877035759626
-387.0395150400042, 259.22877035759626
-399.67757620617897, 259.22877035759626
-399.67757620617897, 255.9289515889946
-399.67757620617897, 243.2287856163853
-395.1394765974354, 243.2287856163853
-381.2023852114429, 243.2287856163853
-381.2023852114429, 249.09459973546944
-381.2023852114429, 259.22877035759626
Holes:
Exterior:
-381.2023852114429, -137.1872071204311
-387.0395150400042, -137.1872071204311
-399.67757620617897, -137.1872071204311
-399.67757620617897, -140.48699441947863
-399.67757620617897, -153.18703927375142
-395.1394765974354, -153.18703927375142
-381.2023852114429, -153.18703927375142
-381.2023852114429, -147.32128109548333
-381.2023852114429, -137.1872071204311
Holes:
Exterior:
-381.2023852114429, 160.12873373650248
-387.0395150400042, 160.12873373650248
-399.67757620617897, 160.12873373650248
-399.67757620617897, 156.82892283528938
-399.67757620617897, 144.1287871422642
-395.1394765974354, 144.1287871422642
-381.2023852114429, 144.1287871422642
-381.2023852114429, 149.99458727614433
-381.2023852114429, 160.12873373650248
Holes:
Exterior:
-381.2023852114429, 402.01293487620745
-381.2023852114429, 407.8787489952916
-395.1394765974354, 407.8787489952916
-399.67757620617897, 407.8787489952916
-399.67757620617897, 404.57893022669
-399.67757620617897, 391.87876425408064
-395.1394765974354, 391.87876425408064
-381.2023852114429, 391.87876425408064
-381.2023852114429, 402.01293487620745
Holes:
Exterior:
-381.2023852114429, -236.28716744757955
-387.0395150400042, -236.28716744757955
-399.67757620617897, -236.28716744757955
-399.67757620617897, -239.58698621618117
-399.67757620617897, -252.2871521887905
-395.1394765974354, -252.2871521887905
-381.2023852114429, -252.2871521887905
-381.2023852114429, -246.42133806970634
-381.2023852114429, -236.28716744757955
Holes:
Exterior:
-381.2023852114429, 61.0287352623814
-387.0395150400042, 61.0287352623814
-399.67757620617897, 61.0287352623814
-399.67757620617897, 57.72891649377978
-399.67757620617897, 45.028750521170466
-395.1394765974354, 45.028750521170466
-381.2023852114429, 45.028750521170466
-381.2023852114429, 50.8945646402546
-381.2023852114429, 61.0287352623814
Holes:
Exterior:
-381.2023852114429, -351.3871888098842
-381.2023852114429, -345.521318749984
-381.2023852114429, -335.38705148078265
-387.0395150400042, -335.38705148078265
-399.67757620617897, -335.38705148078265
-399.67757620617897, -338.6869017189384
-399.67757620617897, -351.3871888098842
-395.1394765974354, -351.3871888098842
-381.2023852114429, -351.3871888098842
Holes:
Exterior:
719.7161598114201, -535.8812236594207
720.9258620307645, -536.9268208226536
720.9259799879947, -516.5074603971417
720.9259683543215, -511.36427625932293
710.9271046346825, -502.72184525560925
708.1207427193555, -500.29619894889066
708.1207427193555, -519.4321322370566
708.1207569893253, -525.8588639341006
719.7161598114201, -535.8812236594207
Holes:
Exterior:
719.7161598114201, 554.8736399489703
720.9258620307645, 554.5011171700676
720.9259799879947, 566.5093498192434
720.9259799879947, 569.5339552365049
710.6954219721214, 572.684377949301
708.1207264299354, 573.4772416024038
708.1207264299354, 561.8701681347411
708.1207569893253, 558.4443754631451
719.7161598114201, 554.8736399489703
Holes:
Exterior:
712.8937409731906, 425.3202993636065
720.9259236102125, 426.82363117875025
720.9259236102125, 452.68349930953786
720.9259683543215, 472.62219873687826
717.7045669640498, 471.7260158256684
708.1207427193555, 469.0598725610102
708.1207427193555, 434.2697172413769
708.1207606316427, 424.4829028263955
712.8937409731906, 425.3202993636065
Holes:
Exterior:
569.9754579947465, 576.2430551381202
569.411361877046, 575.7547627846415
569.4114423840924, 553.313006578685
569.4114264312768, 550.1639351486425
580.429979228987, 559.7018089223593
582.2171711873672, 561.2488303819977
582.2171607740277, 576.9484954243292
582.2171607740277, 586.1402607175661
582.2171711873672, 591.5276677505454
582.2171711873672, 592.8799930824238
570.9873230341627, 589.755907287907
569.4114423840924, 589.3174994247157
569.411361877046, 578.8154394318349
569.411361877046, 578.331536099463
573.7979653788119, 579.5518752159946
569.9754579947465, 576.2430551381202
Holes:
Exterior:
569.9754579947465, -571.5469250009345
569.411361877046, -571.3899858231531
569.4114423840924, -581.0240112452802
569.4114423840924, -582.3758859500498
580.6408765046161, -585.4999234652346
582.2171711873672, -585.9384324245498
582.2171607740277, -579.1987188427057
582.2171607740277, -570.0069093166795
582.2171711873672, -557.4573202485061
582.2171711873672, -554.3071834577262
570.9873230341627, -544.5864083106884
569.4114264312768, -543.222289477214
569.411356644609, -567.519588758206
569.411361877046, -568.8132175492012
573.7979653788119, -572.6103333411343
569.9754579947465, -571.5469250009345
Holes:
Exterior:
826.2872266002, -515.1140231391556
814.5421902706023, -518.7308915364702
807.5983823801748, -520.8691899940023
807.5983823801748, -529.2709650710871
807.5983983444098, -535.9019752561319
816.5095388925491, -533.1578639338942
826.28741564985, -530.1468247896577
826.2872416047308, -520.4902765248171
826.2872266002, -515.1140231391556
Holes:
Exterior:
579.1303593917521, 393.1734038159311
582.2172547198248, 394.2134509830313
582.2171905859853, 432.7091743161208
582.2171882313094, 433.4841822042065
582.2171886771379, 434.0338585137898
570.9873230341627, 430.90974346417056
569.4114423840924, 430.47133560078913
569.4114423840924, 395.63773705208365
569.4114308300307, 390.355563434134
579.1303593917521, 393.1734038159311
Holes:
Exterior:
826.2872962677093, -620.5478814284645
826.28741564985, -602.4322855167288
815.3846409620728, -593.008582638842
807.5983983444098, -586.2786236178135
807.5983983444098, -598.9037027467571
807.5984144825384, -611.8412832721014
814.0530473708864, -617.4202711311732
826.2873055568897, -627.9948117851704
826.2872962677093, -620.5478814284645
Holes:
Exterior:
512.4542111924687, -581.1784046591363
541.5311090170767, -589.2675216886561
556.0619187520339, -593.3099668521069
556.0619019564334, -590.4291733859627
556.0619121043082, -587.388487620117
556.0618223871853, -585.1249282414425
556.0618560281805, -584.1547221197468
556.062054715152, -578.662123633314
556.062054715152, -577.3107290516152
556.0618260130249, -567.6761825270175
502.06561455519596, -552.6544345336919
494.80571242197794, -550.634779370921
485.65595156905954, -548.0894087107366
477.5772712286938, -545.8419416250409
477.5772712286938, -550.8547292425956
477.5772712286938, -564.1517673352105
482.90378807156617, -565.6336943723503
488.5210677837836, -567.1964593302216
492.5961372356784, -568.3299681945383
495.4470739620267, -569.1230625030596
497.32955811594485, -569.6467259200016
512.4542831583776, -573.8544769828165
512.4542831583776, -576.0824598360023
512.4542477765299, -577.7658342116264
512.4542111924687, -581.1784046591363
Holes:
Exterior:
720.9258620307645, -547.5594608542892
710.6954219721214, -550.709861750121
708.1207569893253, -551.5027498220733
708.1207569893253, -563.5135148130254
708.1207264299354, -566.5355992985619
718.0059279209568, -563.4916148891643
720.9259799879947, -562.5923982400457
720.9258620307645, -548.9799028478751
720.9258620307645, -547.5594608542892
Holes:
Exterior:
720.9258620307645, 543.8684699296034
710.6954219721214, 535.0258975372552
708.1207569893253, 532.8005202498789
708.1207569893253, 512.3767092893358
708.1207427193555, 507.2378456741026
717.7045669640498, 515.5215409119219
720.9259683543215, 518.3059242094193
720.9258577715102, 541.2037713972014
720.9258620307645, 543.8684699296034
Holes:
Exterior:
569.4114264312768, 453.3685303059323
569.4114264312768, 440.4182284995384
569.4114423840924, 438.3184774427208
582.1432390188363, 434.381535128033
582.2171886771379, 434.35866828367114
582.2171711873672, 447.5561202599466
582.2171711873672, 449.4087264655145
570.9873230341627, 452.881229664167
569.4114264312768, 453.3685303059323
Holes:
Exterior:
569.4114264312768, -446.42688463450366
580.429979228987, -443.01968554553423
582.2171711873672, -442.4670460900237
582.2171886771379, -427.5040770126883
582.2171886771379, -427.41716323400794
570.9873230341627, -430.88964894217474
569.4114423840924, -431.3769596324136
569.4114423840924, -444.5749050683738
569.4114264312768, -446.42688463450366
Holes:
Exterior:
720.9259236102125, -419.8819748629718
713.994388189024, -418.66578606867495
708.1207606316427, -417.5412180580474
708.1207606316427, -434.8731008637488
708.1207427193555, -462.1182829486105
717.70456696405, -464.78436910649276
720.9259683543215, -465.68055078678185
720.9259683543215, -428.3697160423124
720.9259236102125, -419.8819748629718
Holes:
Exterior:
-342.4621874346186, -396.1834824750642
-342.4621874346186, -400.93705453254046
-326.99546436928256, -400.93705453254046
-323.9869523915527, -400.93705453254046
-323.9869523915527, -387.1247289101133
-323.9869523915527, -384.93714608527483
-337.73182844146913, -384.93714608527483
-342.4621874346186, -384.93714608527483
-342.4621874346186, -396.1834824750642
Holes:
Exterior:
-342.4621874346186, 396.63235897848455
-342.4621874346186, 391.87876425408064
-326.99546436928256, 391.87876425408064
-323.9869523915527, 391.87876425408064
-323.9869523915527, 405.6911557391857
-323.9869523915527, 407.8787489952916
-337.73182844146913, 407.8787489952916
-342.4621874346186, 407.8787489952916
-342.4621874346186, 396.63235897848455
Holes:
