Exterior:
-235.84525780385752, -421.79561958513517
-235.4888431509554, -421.82644740616075
-235.47601329088855, -421.82735948426136
-235.45219141502105, -421.82807294651974
-235.44919063956445, -421.8281640921585
-234.89295461950576, -421.85200729504635
-233.85756200567732, -421.8961891277849
-233.84538823770708, -421.8965527060165
-233.0485248281094, -421.8965590854342
-233.03910466261004, -421.8964523999689
-232.2431982287609, -421.89645539079334
-232.22046665696905, -421.89619895999795
-232.2170360947049, -421.89615653400034
-232.2096333380456, -421.8960737632563
-232.19096134863628, -421.8949805336672
-231.15864300694375, -421.8509179851122
-231.14221070893166, -421.8499507845539
-230.58923540734656, -421.82623548376836
-230.57835709198855, -421.8255906536204
-230.56535768981178, -421.8248324273118
-230.21069317606532, -421.79416933791157
-230.1960600933936, -421.7925965662645
-229.29522827305152, -421.7151079410166
-229.2854212290523, -421.7140578418569
-228.97578586412408, -421.68736491030626
-228.95292903775783, -421.68491814479546
-228.3737131445605, -421.6091584029028
-228.34885027987968, -421.605411246414
-228.34649439337443, -421.60505521049555
-227.39181689569898, -421.48015443992125
-227.37020797613297, -421.47689831744793
-226.58195782411337, -421.33690065291927
-226.5519431089034, -421.3309944952721
-225.84903998083234, -421.20627046335017
-225.84355750250836, -421.2051929354157
-224.86693326943555, -420.9833298153101
-224.85221597954603, -420.980434034792
-224.8362657332674, -420.9765145372646
-224.37550706140917, -420.87180382801836
-224.35844526676658, -420.86761554103583
-224.34129987639233, -420.8633981418071
-223.99096254690892, -420.76500686942876
-223.96510073572142, -420.75696694768766
-223.1736672109488, -420.5346228578328
-223.16481932444833, -420.5318688520553
-222.93159678549557, -420.46643528762223
-222.86746628635626, -420.4457092238323
-222.86598030038374, -420.44521077499434
-222.86451635477079, -420.4447197192218
-222.86288720841742, -420.4441732496576
-222.86127871836425, -420.4436337088996
-222.85948467826108, -420.44303192851856
-222.85770915299656, -420.44243635862665
-222.85572384195882, -420.44177041964866
-222.8537538428394, -420.4411096167944
-222.85154495628615, -420.44036868319466
-222.8493467024456, -420.4396313161584
-222.84687421442447, -420.4388019619088
-222.84440558823815, -420.43797390304627
-222.84143565322358, -420.4369776886241
-222.838631838899, -420.436037196575
-222.8354544282388, -420.4349713879599
-222.83225655247452, -420.433898714672
-222.82861628446983, -420.4326776483964
-222.82493497547864, -420.43144281561666
-222.82072278034002, -420.4300299060663
-222.81643952969205, -420.42859316214816
-222.81150927582746, -420.4269393919542
-222.80646338498275, -420.4252468332929
-222.80061439730378, -420.42328488939427
-222.79458241137945, -420.42126156183224
-222.78753161480438, -420.41889649148504
-222.78019344590314, -420.4164350269559
-222.77152846902516, -420.41352850715276
-222.76240868105253, -420.4104694286675
-222.75150417459656, -420.4068116965807
-222.7398652145763, -420.4029076044794
-222.72572530546051, -420.39816461134296
-222.71035801174946, -420.3930099128225
-222.69129505073192, -420.3866155652686
-222.67007100034164, -420.37949631686996
-222.6429802554095, -420.37040918510536
-222.61177695594813, -420.35994256654584
-222.5702607451634, -420.3460166564716
-222.51992838757621, -420.3291335192022
-222.44839753202496, -420.30513970466296
-222.35384562918068, -420.2734238695357
-222.20215180012644, -420.2225407426246
-221.96250009031735, -420.142153633665
-221.76819190921913, -420.07697624378477
-219.25270987023202, -419.24160971140293
-214.697254088641, -417.72878821607674
-214.697254088641, -417.7278718650852
-214.697254088641, -417.7123440105266
-214.697254088641, -417.67380329462844
-214.697254088641, -417.59693352108246
-214.697254088641, -417.4539538240635
-214.697254088641, -417.1918890126095
-214.697254088641, -416.70294707273706
-214.697254088641, -415.75190977745046
-214.697254088641, -415.4234084671905
-214.697254088641, -415.1141819620097
-214.43830563658173, -414.68240516281054
-214.42955360355506, -414.66781181507383
-214.10878825514726, -413.9004592663315
-214.0946231836332, -413.86657280140196
-213.90872393079383, -413.1000172683037
-213.897555922891, -413.0539659898785
-213.84256135837506, -412.35113831966584
-213.838962172891, -412.30514091663633
-212.11701970729007, -412.2694690898984
-211.72500953617225, -412.26134819202696
-210.29038477884853, -412.1719447959946
-209.62540016117225, -412.130504075816
-208.47988536517016, -412.01043667005297
-207.55455360355506, -411.91344780140196
-206.6932248961424, -411.78521582520904
-205.52673683109413, -411.6115526598004
-204.93810050781985, -411.4967051269744
-203.55553016605506, -411.2269548814801
-203.22231277112235, -411.14550292935917
-201.65474281253944, -410.76232475452696
-201.5540335456534, -410.73231572641987
-200.78309145797255, -410.5025928469518
-200.78309145797255, -411.414147438145
-200.78309145797255, -412.27024409897666
-200.78309145797255, -412.6385269019328
-200.78309145797255, -412.8266502829216
-200.78309145797255, -412.92926105044916
-200.78309145797255, -413.2450315388477
-200.78309145797255, -413.358528964294
-200.78309145797255, -413.4622404854096
-200.78309145797255, -413.5538048146439
-200.78309145797255, -413.78166664441426
-199.6442634376366, -413.46329653618085
-198.47862586918006, -413.1374315660504
-191.53447814275944, -411.5137164002371
-186.00293866218374, -410.22030432164127
-186.00293866218374, -408.8441971095146
-186.00293866218374, -408.54714798954586
-186.00293866218374, -408.1641167219505
-186.00293866218374, -407.6823402648662
-186.00293866218374, -407.0916168937125
-186.00293866218374, -406.38842209918334
-186.00293866218374, -405.57984479840866
-186.00293866218374, -403.79254425384516
-186.00293866218374, -402.8605576722214
-186.00293866218374, -401.88741702585935
-186.00293866218374, -400.89482821402163
-186.00293866218374, -400.64008265392386
-186.00293866218374, -399.6305347701021
-186.00293866218374, -399.54556867848316
-186.00293866218374, -399.51493965899067
-186.00293866218374, -399.5056297425141
-186.00293866218374, -399.50500053577696
-185.553876049746, -399.50500053577696
-172.08882007984528, -399.50500053577696
-172.08882007984528, -399.5095449351856
-172.08882007984528, -399.5767851226024
-172.08882007984528, -399.7980009644692
-172.08882007984528, -400.4116623156669
-172.08882007984528, -401.1069039165303
-172.08882007984528, -401.7960526653533
-172.08882007984528, -403.37010095859597
-172.08882007984528, -403.8435518179446
-172.08882007984528, -404.29698046633246
-172.08882007984528, -404.7212675281772
-172.08882007984528, -407.2988722388162
-166.6457867655232, -406.2568175226051
-158.90533790531288, -404.7749285142926
-158.03758288928077, -404.6449494518859
-157.3086232357266, -404.5357602330963
-157.3086232357266, -401.60278226566993
-157.3086232357266, -401.24141080569814
-157.3086232357266, -400.0661457883476
-157.3086232357266, -399.6424801302084
-157.3086232357266, -399.51370382732273
-157.3086232357266, -399.50500053577696
-151.0970913735515, -399.50500053577696
-143.39446060505827, -399.50500053577696
-143.39446060505827, -399.5176190323886
-143.39446060505827, -399.7043257896062
-143.39446060505827, -400.3185788734659
-143.39446060505827, -402.02254082410116
-143.39446060505827, -402.06960500610603
-143.39446060505827, -402.11625673422867
-143.39446060505827, -402.45158926376166
-142.44326918968204, -402.3091124516941
-141.3109622949612, -402.1395067613629
-135.1627476221919, -401.4610252595963
-128.61435185759922, -400.73838208121134
-128.61435185759922, -400.5867220990799
-128.61435185759922, -399.77002040564025
-128.61435185759922, -399.5217778997369
-128.61435185759922, -399.50500053577696
-116.64031577993035, -399.50500053577696
-114.70014517860113, -399.50500053577696
-114.70014517860113, -399.5256931171972
-114.70014517860113, -399.7594505144711
-110.44888907334916, -399.6127289922881
-107.98179969730495, -399.52758354358946
-106.64320951631487, -399.5173109892462
-105.03906593265651, -399.50500053577696
-100.71991120098414, -400.7065849953177
-96.66265599958183, -401.8353092715393
-95.1721365080391, -402.2499702802194
-92.23907813968776, -403.0659441392926
-92.23907813968776, -397.93815848508376
-92.23907813968776, -395.74203056507383
-92.23907813968776, -389.56653761586824
-92.23907813968776, -380.3032338613279
-92.23907813968776, -376.46099667898585
-92.23907813968776, -373.57017035453043
-92.23907813968776, -371.2386278551129
-92.23907813968776, -366.01625903123994
-92.23907813968776, -350.75276357219775
-92.23907813968776, -345.3243478633625
-92.23907813968776, -340.50584105822537
-92.23907813968776, -336.6195635240582
-92.23907813968776, -327.9147148540219
-92.23907813968776, -317.1218192846845
-92.23907813968776, -311.8771465690945
-92.23907813968776, -307.05860415387696
-92.23907813968776, -303.1722978990582
-92.23907813968776, -294.4674492290219
-92.23907813968776, -279.20408243144374
-92.23907813968776, -273.12806209643827
-92.23907813968776, -268.3095196812207
-92.23907813968776, -264.42321342640196
-92.23907813968776, -255.71836475636565
-92.23907813968776, -244.92546918702823
-92.23907813968776, -240.38011806875244
-92.23907813968776, -237.64319851165715
-92.23907813968776, -235.43578666858946
-92.23907813968776, -230.49139093769452
-92.23907813968776, -207.77846104362322
-92.23907813968776, -201.0164102412922
-92.23907813968776, -196.19790343615506
-92.23907813968776, -192.3116259019879
-92.23907813968776, -183.6068415626836
-92.23907813968776, -172.81388166261416
-92.23907813968776, -167.5692089470242
-92.23907813968776, -162.7506665318067
-92.23907813968776, -158.8643602769879
-92.23907813968776, -150.1595759376836
-92.23907813968776, -134.89614480937348
-92.23907813968776, -128.80963273629413
-92.23907813968776, -123.95986028059191
-92.23907813968776, -120.0483660142926
-92.23907813968776, -111.28703496155909
-92.23907813968776, -100.49420372295363
-92.23907813968776, -83.93932969484204
-92.23907813968776, -66.416796250839
-92.23907813968776, -51.379037330389735
-92.23907813968776, -33.969404321049154
-92.23907813968776, -23.1765087517117
-92.23907813968776, -18.357966336494183
-92.23907813968776, -14.47166008167541
-92.23907813968776, -5.766940073103122
-92.23907813968776, 9.496619716671038
-92.23907813968776, 15.572640051676553
-92.23907813968776, 20.391146856813698
-92.23907813968776, 24.27742439098084
-92.23907813968776, 32.98227306101713
-92.23907813968776, 43.775168630354585
-92.23907813968776, 49.01984134594455
-92.23907813968776, 53.83838376116207
-92.23907813968776, 57.72469001598084
-92.23907813968776, 66.42953868601714
-92.23907813968776, 81.4672332757344
-92.23907813968776, 87.51176643330508
-92.23907813968776, 92.36150327892692
-92.23907813968776, 96.27296882457459
-92.23907813968776, 105.0342355465761
-92.23907813968776, 115.82719544664556
-92.23907813968776, 121.09285761998986
-92.23907813968776, 125.94261227065189
-92.23907813968776, 129.8540921766254
-92.23907813968776, 138.61535889862688
-92.23907813968776, 153.87879002693705
-92.23907813968776, 159.9653140632297
-92.23907813968776, 164.7838564784472
-92.23907813968776, 168.670162733266
-92.23907813968776, 177.37501140330227
-92.23907813968776, 188.16787480727373
-92.23907813968776, 200.17458636198143
-92.23907813968776, 217.584283702054
-92.23907813968776, 240.29714926539327
-92.23907813968776, 243.03408662752872
-92.23907813968776, 245.24151283092226
-92.23907813968776, 250.18581206571918
-92.23907813968776, 260.97873980042266
-92.23907813968776, 265.52409091869845
-92.23907813968776, 270.342633333916
-92.23907813968776, 274.22893958873476
-92.23907813968776, 282.93375609340507
-92.23907813968776, 298.1971872217152
-92.23907813968776, 304.27321353832735
-92.23907813968776, 309.0917559535449
-92.23907813968776, 312.97806220836367
-92.23907813968776, 321.682878713034
-92.23907813968776, 332.4758064477374
-92.23907813968776, 337.72046720011406
-92.23907813968776, 342.5389740052512
-92.23907813968776, 346.42525153941835
-92.23907813968776, 355.13010020945467
-92.23907813968776, 370.3935635031308
-92.23907813968776, 380.8126489825346
-92.23907813968776, 391.2573866302805
-92.23907813968776, 400.5206582194549
-92.23907813968776, 407.35754437997673
-92.23907813968776, 412.87170844859804
-96.66265599958183, 411.6410867641467
-100.71991120098414, 410.5123745794994
-105.03906593265651, 409.3108029920551
-106.31164038249972, 409.3205359381209
-107.98179969730495, 409.33330970592226
-114.70014517860113, 409.56511691727536
-114.70014517860113, 409.33142566610564
-114.70014517860113, 409.3108029920551
-125.23656170307936, 409.3108029920551
-128.61435185759922, 409.3108029920551
-128.61435185759922, 409.32752367573136
-128.61435185759922, 409.5756959366933
-128.61435185759922, 410.39248714884434
-128.61435185759922, 410.5441463905168
-141.3109622949612, 411.94527107066835
-143.39446060505827, 412.2573535730671
-143.39446060505827, 411.87536424394193
-143.39446060505827, 411.82830682704326
-143.39446060505827, 410.12435319576736
-143.39446060505827, 409.510032783598
-143.39446060505827, 409.3233788586106
-143.39446060505827, 409.3108029920551
-149.8196316808237, 409.3108029920551
-157.3086232357266, 409.3108029920551
-157.3086232357266, 409.31947688058887
-157.3086232357266, 409.4482167437689
-157.3086232357266, 409.871928839921
-157.3086232357266, 411.0471881192021
-157.3086232357266, 411.4085076348669
-157.3086232357266, 411.76671237849445
-157.3086232357266, 414.34152454240177
-158.90533790531276, 414.58069282359804
-172.08882007984528, 417.10461262130934
-172.08882007984528, 414.1027447756379
-172.08882007984528, 413.6493161272501
-172.08882007984528, 413.1758144395611
-172.08882007984528, 412.69290123705196
-172.08882007984528, 410.9125933090635
-172.08882007984528, 410.2174516437156
-172.08882007984528, 409.60379328863485
-172.08882007984528, 409.38255319928913
-172.08882007984528, 409.315332038763
-172.08882007984528, 409.3108029920551
-174.40276169625895, 409.3108029920551
-186.00293866218374, 409.3108029920551
-186.00293866218374, 409.3114300730938
-186.00293866218374, 409.3207373551523
-186.00293866218374, 409.35136973189304
-186.00293866218374, 409.43633540867677
-186.00293866218374, 410.4457381779253
-186.00293866218374, 411.4464393426834
-186.00293866218374, 411.69307686154735
-186.00293866218374, 412.66632198152683
-186.00293866218374, 413.5983085631506
-186.00293866218374, 414.4703641015042
-186.00293866218374, 416.19414826151615
-186.00293866218374, 416.89740407839065
-186.00293866218374, 417.48808500309246
-186.00293866218374, 417.9698767051235
-186.00293866218374, 418.3528433978984
-186.00293866218374, 418.6499092826449
-186.00293866218374, 418.87435163717436
-186.00293866218374, 420.0260429818133
-198.47862586918006, 422.94319587535585
-200.78309145797255, 423.5874309537197
-200.78309145797255, 423.26800479471507
-200.78309145797255, 423.16429327359947
-200.78309145797255, 423.0507845893928
-200.78309145797255, 422.63239522045853
-200.78309145797255, 422.444266266005
-200.78309145797255, 422.07599109292994
-200.78309145797255, 421.2198840695068
-200.78309145797255, 420.30835559639655
-201.65474281253944, 420.56805091685976
-201.79265774761905, 420.601762964489
-203.55553016605506, 421.0326810438129
-204.0131262315109, 421.1219527459428
-205.52673683109413, 421.41724067516054
-206.33600519371544, 421.53772206689433
-207.55455360355506, 421.7191358167621
-208.73856819775494, 421.84328220938977
-209.62540016117225, 421.9362683851215
-211.19680060671806, 422.0341668612802
-211.72500953617225, 422.06707435435976
-213.6852031754405, 422.1076464292883
-213.838962172891, 422.1108289319965
-213.89417408308316, 422.8163623781253
-213.897555922891, 422.85957771129335
-214.08596545993248, 423.6365573429489
-214.0946231836332, 423.6722608167621
-214.42295079755752, 424.4577790238344
-214.42955360355506, 424.4735761243793
-214.697254088641, 424.91994627131515
-214.697254088641, 425.22917277649594
-214.697254088641, 425.87352186778776
-214.697254088641, 426.50866748160837
-214.697254088641, 426.9976216250487
-214.697254088641, 427.25971813336895
-214.697254088641, 427.4026978303879
-214.697254088641, 427.47958267234
-214.697254088641, 427.5180959011894
-214.697254088641, 427.53362051604523
-214.697254088641, 427.5345423310295
-221.76819190921913, 429.8826642591449
-221.96561928727454, 429.94542060363597
-222.20907124446046, 430.0228068052999
-222.36314380848034, 430.0717819322529
-222.45916791290506, 430.1023051648262
-222.5318071778736, 430.1253950461833
-222.5829167019873, 430.1416412574922
-222.6250722357364, 430.15504125917494
-222.65675502480497, 430.1651122839984
-222.68426135256982, 430.1738557348708
-222.7058105269217, 430.1807055822549
-222.72516516133453, 430.1868578500745
-222.74076734469747, 430.19181732430536
-222.75512319511097, 430.19638062602615
-222.76693976753256, 430.20013676611626
-222.77801056790338, 430.2036558472523
-222.78726935063673, 430.2065989413891
-222.79606632115974, 430.2093952390356
-222.80351621959585, 430.21176334216943
-222.8106743245845, 430.2140386927667
-222.81679807779983, 430.21598525342176
-222.82273601747067, 430.2178727494278
-222.8278586219966, 430.21950107442245
-222.83286380936204, 430.22109207596253
-222.8372121421412, 430.2224742827899
-222.84148832365406, 430.22383355485624
-222.8452255413912, 430.22502150622375
-222.84892108285374, 430.22619620993197
-222.852167504999, 430.22722815184665
-222.85539314224968, 430.2282534868559
-222.8582395051925, 430.2291582617415
-222.94838477144924, 430.25858293258995
-222.9575212292865, 430.26114877226763
-223.18467719701607, 430.3318473702526
-223.2154266265212, 430.3404852385664
-223.89494974503043, 430.5517524425742
-223.9082826754459, 430.55549720414734
-224.3642484049975, 430.6675739498898
-224.81890997421124, 430.7792491629999
-224.8359823430759, 430.7831262939348
-225.26731319004182, 430.88911934970884
-225.6660357222305, 430.96751808570093
-225.70127246063237, 430.9755226918665
-225.85415294970983, 431.0056040945682
-225.8793088797246, 431.01007133062376
-226.73548943704418, 431.1785209098325
-226.76291239486784, 431.18339064055056
-227.3960928226037, 431.278826579898
-227.428555621182, 431.2830731304649
-227.49976031958124, 431.29379891908263
-228.2525922399642, 431.40727880583165
-228.2717293531008, 431.4097810235433
-228.9789329265633, 431.48554646771356
-228.9889169674151, 431.4864057975679
-229.29608718685347, 431.51933218369686
-229.32477076795965, 431.52180412441334
-229.79774774134978, 431.5724733930708
-229.80883620395832, 431.5734276392658
-230.23492491424793, 431.59848992496575
-230.59210691656835, 431.6194672012664
-230.60891304223844, 431.62018522895397
-231.1599368583187, 431.6525762717699
-231.1906135372243, 431.6538875721578
-231.84188800196307, 431.69218494731604
-232.100613092932, 431.69511162164866
-232.22061076500825, 431.6964829238848
-233.01734463607022, 431.7054609704106
-233.03939341373496, 431.7054610532646
-233.38028696272534, 431.709287173484
-233.40200266846148, 431.7092873464456
-233.85698343423257, 431.695729821545
-233.88459707924892, 431.6945491347965
-233.8993800124432, 431.69391723187033
-234.0191247238464, 431.6903579374779
-234.97197253147772, 431.66192400879424
-235.48681069166287, 431.62524143046676
-235.49567633196045, 431.62447816647875
-235.8538889148998, 431.5989439609267
-235.8760619244448, 431.59703332644835
-236.5233426243318, 431.5509561469341
-236.53074431817993, 431.5503190775482
-236.7900063528392, 431.52096364698264
-237.09892905467927, 431.4859239218412
-237.112409618769, 431.48416131995003
-237.70184042370613, 431.417419391205
-237.72343243020805, 431.4145947483623
-238.05751587956956, 431.37679375746427
-238.60988564907473, 431.29027595331047
-238.68189217348026, 431.2789963030567
-238.69888759753815, 431.2759777333067
-239.52258407204033, 431.1468955468658
-239.53710381425424, 431.1443176704282
-240.22350353553054, 431.0052371389364
-240.2429387853373, 431.0008211930938
-240.25210135014197, 430.9987403057225
-240.40647902825242, 430.96743601195055
-240.98454952376653, 430.8503437969551
-241.25221942671158, 430.7827875156433
-241.71277361455248, 430.6667082447518
-241.71917645494193, 430.6649099042662
-242.08493283088217, 430.5726469885047
-242.09907366679067, 430.56867523751674
-242.37604379800825, 430.49884067421516
-242.90151705978144, 430.33833161828977
-242.90547785347837, 430.33721918958685
-243.13872129674826, 430.2659229771861
-243.14755799295415, 430.26291902168373
-243.70921420755292, 430.0912449074751
-243.72166556732543, 430.08701313382267
-244.46766581113286, 429.81525472455905
-244.4921724433308, 429.8063088012171
-244.5025236173609, 429.80210178187525
-244.9758707095931, 429.62966126686274
-244.98382151466842, 429.62643127289476
-245.22046181464214, 429.5245714323955
-245.7630584440294, 429.2910736427277
-245.7741258340642, 429.28573276638133
-245.77868962976424, 429.28353022367315
-245.9403679353203, 429.213980081257
-246.1580840498268, 429.1202555061871
-246.60888904773344, 428.8916867500424
-246.94102598958807, 428.7234300542123
-246.94469085011826, 428.7213316189838
-247.24710016881295, 428.5680200652936
-247.2543454595385, 428.56387131898146
-247.86901986642692, 428.1962093220758
-247.87069948040505, 428.1952474898367
-248.01767943723212, 428.10734479663154
-248.02224450045048, 428.10423103695325
-248.2584013056943, 427.9629962653281
-248.26421124526075, 427.95903254168223
-248.45703775106733, 427.82248296918306
-248.98598835483665, 427.4477730099515
-248.9908887189339, 427.44375194366523
-248.99435945676885, 427.44090345825657
-249.00326555803565, 427.4346020906103
-249.16934293305496, 427.3170045278316
-249.49714326968603, 427.0394288344502
-249.83923978022585, 426.7496717733528
-249.84028517152183, 426.7486222881327
-249.96066124594324, 426.64669713885974
-249.96435146554415, 426.64299053179104
-250.38285154044297, 426.21220133340927
-250.3844571690812, 426.21058902406946
-250.57163368049055, 426.0178883999561
-250.57315942691127, 426.0159597910359
-250.57597715667487, 426.012397594757
-250.57653028304082, 426.0116981214804
-250.64232816477954, 425.9439055724671
-250.77077440688402, 425.77854377249355
-251.1090806365345, 425.3428311969248
-251.17555997369016, 425.2571952373196
-251.17718727774093, 425.2544802937371
-251.20641022692905, 425.2167805968089
-251.3969345026245, 424.89544183467916
-251.3987691997371, 424.892384103818
-251.64704671812422, 424.4733488415536
-251.6484823113061, 424.46991625505603
-251.64938576089492, 424.4677527128845
-251.65468716152907, 424.4588931569308
-251.8552760957316, 423.9800708587202
-251.97470103627654, 423.6953760677333
-251.9806124601239, 423.6721092403801
-251.98085925765974, 423.67109220897913
-252.01935961861216, 423.51872000570427
-252.0201073792207, 423.51563875550323
-252.1372813124906, 423.0511889690338
-252.16942215550478, 422.9238389011682
-252.1697202729066, 422.92260843737444
-252.17517810372692, 422.8595019072082
-252.17531819965734, 422.85771714341536
-252.19881738129936, 422.58148701252287
-252.19905255295964, 422.5784763648095
-252.23907813968776, 422.1108289319965
-252.3340010981466, 422.1102223955207
-252.33459815921913, 422.11020904369263
-252.34221283739464, 422.1100454762741
-252.34771691408514, 422.10992693624985
-252.83559883962232, 422.10722047826613
-253.55890346313947, 422.0850867717982
-254.43771949596123, 422.0582451514107
-254.43937691402743, 422.0581393429373
-254.81550752525834, 422.0465928944398
-254.82010217129266, 422.0462991596446
-256.1326650104803, 421.95332399632736
-256.1335241561943, 421.9532690492677
-256.5258844900933, 421.92544257738797
-256.52740424135663, 421.9252810442294
-256.52950635601894, 421.925057674128
-256.8947153820616, 421.89916084538163
-257.3931198381904, 421.84269845739186
-258.17172231088705, 421.7543693860768
-258.321521235923, 421.73518112452314
-258.6183509203612, 421.69500838418355
-258.63301233656387, 421.69307140606287
-258.69374096345234, 421.68499715085363
-258.8221347142229, 421.6624381161493
-259.1771896923691, 421.5821059760734
-259.45105267902466, 421.51876037711014
-259.58690591892207, 421.48034772519264
-259.84817848148475, 421.40447386441434
-259.9904900189115, 421.3596430957254
-260.060299979246, 421.3371318808553
-260.3885836230687, 421.21458766486427
-260.6502401692477, 421.11449458232494
-260.7788163288668, 421.0590543219337
-261.037448501016, 420.94465981536973
-261.1629904248965, 420.886069509691
-261.22225601510695, 420.85777643192756
-261.5412732469748, 420.69005875273166
-261.77569036411285, 420.56408652213554
-261.9123329103112, 420.48417940220475
-262.1997104639066, 420.31264572904195
-262.277046596619, 420.26453242786033
-262.3120967184876, 420.24230690656265
-262.6353248150223, 420.0218922934814
-262.82937411952264, 419.8872528161036
-263.3280935668739, 419.51338461671827
-263.33048894751016, 419.51159978777775
-263.3334384912504, 419.5092113831331
-263.8108083866797, 419.10630457186
-263.9988868058225, 418.93670215562423
-264.27444174965, 418.6853943222075
-264.32239027326034, 418.6391769183773
-264.4372592920316, 418.5274505363948
-264.6378507737967, 418.3261468497868
-264.7179820334244, 418.24501199389675
-264.94510115757237, 418.00261979617113
-265.1423574671936, 417.79066532277244
-265.24524073334385, 417.674134315514
-265.5093418115629, 417.373549969755
-265.53816601225446, 417.33972664599
-265.5488904543648, 417.32707946818505
-265.7012237123058, 417.1220852519932
-265.9267822886728, 416.84561845603537
-266.0946415390538, 416.63759398360907
-266.2973151377257, 416.37136074964343
-266.39822540959597, 416.22722590455163
-266.54800758304725, 416.0137483103188
-266.8022478787128, 415.6400260952053
-266.9641787918953, 415.4024746872172
-267.1845983239781, 415.03895180472944
-267.5507235642667, 414.4391516381952
-267.5511237385782, 414.43840158847314
-267.5518833154691, 414.4369936526238
-267.88221284836084, 413.80384263406785
-268.04666805338854, 413.4918776573819
-268.19133367055053, 413.17041930016427
-268.4624445236635, 412.5768800790018
-268.5189853662504, 412.43496536862233
-268.63590498027304, 412.1330364108332
-268.6579943480971, 412.0703097135541
-268.78691233828533, 411.69970860131195
-268.82946979663905, 411.56249890512487
-268.91656390643436, 411.27762799086753
-268.96793109705675, 411.0838007377355
-269.02435799149987, 410.86720775220874
-269.07478577916197, 410.6332783347441
-269.10962504160386, 410.46859029935484
-269.1514783581141, 410.2096255534359
-269.17166714090604, 410.081898505839
-269.19932176592727, 409.81142255115583
-269.2097357675899, 409.70701541979616
-269.21835684702626, 409.45238131578174
-269.2204094098561, 409.3108029920551
-269.22075351852993, 137.0162136238448
-269.21545171247897, -399.53802697373465
-269.2114843001526, -399.8054018944743
-269.2097357675899, -399.9012413241028
-269.18278736539344, -400.1645203202745
-269.17166714090604, -400.2761341965335
-269.1312354241703, -400.52589184233915
-269.10962504160386, -400.6628259900494
-269.06062258255326, -400.88976538046944
-269.02435799149987, -401.0614882935698
-268.97263430941814, -401.256147924168
-268.91656390643436, -401.4719073282303
-268.8688195223159, -401.6254928777433
-268.78691233828533, -401.89398243897915
-268.75033562129113, -401.9975797503157
-268.63590498027304, -402.32726730108374
-268.6181661166461, -402.3725046138534
-268.5189853662504, -402.6292270562049
-268.47142066915364, -402.7483267921743
-268.4624445236635, -402.771153916669
-268.4187093522372, -402.8679059316217
-268.04666805338854, -403.68617189786397
-267.5518833154691, -404.63126740447694
-267.5507235642667, -404.6334255640028
-267.5490494236859, -404.63617969343096
-266.9641787918953, -405.59672619229116
-266.54800758304725, -406.2079598630598
-266.2973151377257, -406.5655767076774
-266.2393131805387, -406.63555031726884
-265.9267822886728, -407.03992367871314
-265.57143655351217, -407.49334651735774
-265.5488904543648, -407.5213900003259
-265.5093418115629, -407.5678543613607
-265.1423574671936, -407.9849140715492
-264.899252122239, -408.24487033272356
-264.7179820334244, -408.43926585414147
-264.4372592920316, -408.7217487184781
-264.27444174965, -408.8797006800316
-264.15431983873407, -408.98837845040066
-263.8108083866797, -409.30056191208814
-263.6687244854644, -409.4215676794964
-263.3334384912504, -409.70344730335574
-263.33139391689986, -409.70510971748666
-263.33048894751016, -409.7058353792279
-262.9865688633307, -409.9648882173719
-262.82937411952264, -410.0814842807119
-262.40437171504516, -410.3729535031551
-262.3120967184876, -410.43664569366763
-262.1997104639066, -410.50698774902446
-261.77569036411285, -410.758370672976
-261.3870534020235, -410.9641821984183
-261.22225601510695, -411.05212049791334
-261.037448501016, -411.13899747351167
-260.6502401692477, -411.3088065669648
-260.26515048575163, -411.4536433284264
-260.060299979246, -411.53133622857695
-259.84817848148475, -411.5986848424988
-259.45105267902466, -411.7129960678047
-259.0201036497084, -411.81128086829585
-258.8221347142229, -411.85674418285805
-258.61892400688396, -411.89041374118824
-258.17172231088705, -411.949437286262
-257.39029427134153, -412.0325464163102
-257.3898759279076, -412.03259393712426
-257.3895688152927, -412.03261561748513
-256.52710089243476, -412.1242399113125
-256.5264081610062, -412.1242889662487
-256.1334246191253, -412.1494208115192
-256.13054560515786, -412.14962473423935
-254.85292736380677, -412.23132226678894
-254.85158475380013, -412.2313637776788
-254.4383249674039, -412.2577413327868
-254.43479114290335, -412.2578493789577
-253.554538344766, -412.27677314744756
-253.55093573337638, -412.2768830029621
-253.54849935381606, -412.2768970419448
-252.334598159219, -412.3030142229089
-252.23968484708644, -412.30513703991176
-252.23907813968788, -412.30514091663633
-252.23882223865837, -412.308130790597
-252.20228202632995, -412.77579826526915
-252.20213085166563, -412.77757480473014
-252.18045012962398, -413.05396452159005
-252.18041489029258, -413.05437172930584
-252.13432750086042, -413.2445589272728
-252.13411838594016, -413.2453879918819
-252.13335578287285, -413.248410791187
-252.02056424046293, -413.7131446723973
-252.02030896429721, -413.71415472043
-251.98332263581563, -413.86657128480323
-251.98328320388157, -413.8667264843853
-251.98248636893334, -413.86862604796914
-251.98114706228023, -413.87182359489043
-251.9811116497841, -413.8718822876959
-251.85254632574504, -414.17972591242994
-251.64840082300793, -414.6678102163954
-251.6466535299204, -414.67075950164065
-251.39543076358302, -415.08941437110286
-251.3940377275245, -415.0917641548218
-251.39382395986866, -415.0920394125842
-251.1781151116105, -415.4519569858212
-251.1776134634939, -415.4526031842177
-251.17505839839384, -415.45589332017136
-251.17408732729098, -415.45714461354584
-251.17358967758287, -415.4576566360807
-251.10600645069167, -415.5431201281508
-250.7620303005814, -415.97797258460525
-250.57598673083817, -416.2132126638425
-250.57445129932796, -416.214794012386
-250.38345171198114, -416.4065501925187
-250.37992923692684, -416.4101764168909
-249.9635094465708, -416.82849203126864
-249.9624418170264, -416.8293960409078
-249.84628349659704, -416.94600695312056
-249.84320416330092, -416.9486147664545
-249.84024923777645, -416.95111621492043
-249.8387505482766, -416.95217837921774
-249.83867014878604, -416.9522356199425
-249.48823948366373, -417.2397182170097
-248.994365266807, -417.6450012046231
-248.98910979825234, -417.648723339803
-248.9871909460195, -417.6500821330166
-248.4446769579189, -418.020176289751
-248.4421886969468, -418.0216653411125
-248.02648644852286, -418.3052384648509
-248.0248717350056, -418.30620412746924
-247.874242643986, -418.3926112593712
-247.86738052906924, -418.39671485247374
-247.25440211628518, -418.7475773513758
-247.2508228510095, -418.74939200700476
-246.9495144020408, -418.9218345739345
-246.94547188896752, -418.9238833054647
-246.93997571304624, -418.926669892251
-246.93731748213406, -418.92781361468974
-246.93534182408848, -418.9286646367189
-246.59493807521972, -419.0931291448139
-245.77152491614504, -419.49043580371716
-245.76421494973943, -419.49357987079503
-245.761021485225, -419.4949544090437
-245.20516331027386, -419.7207825766583
-245.19848707339804, -419.7232155502881
-244.50105960675808, -420.0066931228476
-244.50069552906677, -420.00682601860154
-244.48959414147816, -420.0108698850121
-243.69664610378254, -420.2803811988116
-243.68779353866262, -420.2830860395286
-243.14699121063506, -420.46687797358913
-243.14317552094587, -420.46804793172157
-242.90476423126563, -420.53493138257363
-242.89602156474746, -420.5376005727473
-242.89140535437832, -420.53876349379226
-242.08316485820967, -420.7657776962789
-242.07674862237252, -420.7673975439052
-241.71954531337224, -420.8677169782511
-241.7112782789444, -420.86980114045514
-241.70646591435673, -420.8710136072714
-241.69605372621265, -420.87312464639535
-241.6932686262461, -420.8736895690083
-241.22313306508863, -420.9805274767421
-240.22907904799183, -421.2063717901407
-240.21561335568606, -421.20910001378564
-239.50192888433446, -421.3357118453364
-239.4850978844279, -421.3383482450687
-238.68627877583333, -421.4802505575161
-238.6847441774463, -421.4804909222663
-238.6729560109403, -421.48233869540326
-238.6658124579477, -421.48314728143777
-237.700235536288, -421.60946827138036
-237.68700896981238, -421.6109676754296
-237.10228021580485, -421.68744904848285
-237.0951452394753, -421.6882564940953
-237.0891497782152, -421.68893179544824
-236.77675463356252, -421.71586243853676
-236.76154444707038, -421.71694907089056
-235.85403421020249, -421.7949958428906
-235.84525780385752, -421.79561958513517
Holes:
Exterior:
-61.13776466627661, 11.749819757801255
-61.16415976187682, 29.4912922514591
-66.76434602303289, 26.69117903273417
-69.31410177682733, 25.416306039659354
-69.31410177682733, 14.997794308340433
-69.31413367262098, 11.987199269596466
-69.31413367262098, 7.314355079473551
-69.31413367262098, -2.181511254236349
-69.31410177682733, -15.610618024299235
-63.36884417504598, -18.58321072672415
-61.16415976187682, -19.68554682338524
-61.147311127710566, -9.971241571828399
-61.13721538525732, -1.5971453370340898
-61.23636307633683, -1.547571195768727
-61.33713111820339, -1.497188035776972
-61.137009602903845, -1.497188035776972
-61.13682789896205, -1.4502881107134797
-61.136785591759235, -1.3096837384633373
-61.12418836485347, 4.9028821546527155
-61.136785591759235, 11.115373989024349
-61.137009602903845, 11.30287605113709
-61.23636307633683, 11.30287605113709
-61.33713111820339, 11.30287605113709
-61.13721538525732, 11.402833352394207
-61.13776466627661, 11.749819757801255
Holes:
Exterior:
-69.3141502924318, -387.9826139654245
-69.3141502924318, -389.65172692699906
-69.31410177682733, -409.44361932613026
-63.228114317121765, -411.1367269042933
-62.5667920571791, -411.3207216437194
-46.91130917612645, -415.6760031806349
-46.91130215232653, -413.7231071917478
-46.91132053580259, -413.3768627377995
-46.91132053580259, -408.3520721715648
-46.91127702395306, -401.82429339846624
-46.91127702395306, -401.02811086515914
-45.57903731206329, -401.3987375782797
-33.90713902588203, -404.6458664346403
-33.90713902588203, -399.2313957186508
-33.90713902588203, -397.5761898738726
-33.90713902588203, -392.7130479048198
-33.90713902588203, -385.6922869127301
-33.90713902588203, -384.2306520755699
-33.90713902588203, -382.18669368081515
-33.90713902588203, -376.10904530072406
-41.137121085070305, -372.4940876656577
-45.57903731206329, -370.273192729102
-61.33713111820339, -362.394175950816
-45.57903731206329, -362.394175950816
-33.90713902588203, -362.394175950816
-33.90713902588203, -353.8453578704525
-33.90713902588203, -349.59411186390196
-38.07086981014919, -349.59411186390196
-45.57903731206329, -349.59411186390196
-61.33713111820339, -349.59411186390196
-45.57903731206329, -341.715095085616
-33.90713902588203, -335.8791411569918
-33.90713902588203, -327.75751738134767
-33.90713902588203, -326.2959246080426
-33.90713902588203, -317.02450536434344
-33.90713902588203, -313.49593681507383
-33.90713902588203, -312.03434404176875
-33.90713902588203, -309.99036864621576
-33.90713902588203, -303.91274588156887
-41.137121085070305, -300.2977748886914
-45.57903731206329, -298.07678238187754
-61.33713111820339, -290.19782585315977
-45.57903731206329, -290.19782585315977
-33.90713902588203, -290.19782585315977
-33.90713902588203, -285.9465545073353
-33.90713902588203, -277.3976854723004
-38.07086981014919, -277.3976854723004
-45.57903731206329, -277.3976854723004
-61.33713111820339, -277.3976854723004
-45.57903731206329, -269.51872894358263
-33.90713902588203, -263.6827654438913
-33.90713902588203, -255.56116728369142
-33.90713902588203, -252.85856430929306
-33.90713902588203, -243.009641568738
-33.90713902588203, -235.6961330038128
-34.259319048915245, -235.61284657128903
-35.62608801244227, -235.29000326858062
-43.94180950092107, -233.3252677498839
-45.57903731206329, -232.9386636261064
-46.79020827773962, -232.65064199387012
-47.47283493672785, -232.4849065574034
-61.43935177675712, -229.12981209363755
-61.44539956685526, -214.59210780483397
-61.452236964633016, -211.99351693837514
-61.44392103802744, -205.17850243283033
-61.41444466274572, -187.22295721103404
-66.84331096852543, -189.93740222498445
-69.31410177682733, -191.1727881639908
-69.31410177682733, -201.5912998953097
-69.31409869882441, -204.52851931233073
-69.31410177682733, -224.51618843680734
-69.31410177682733, -235.9495855126537
-56.415406542831704, -239.53795096493172
-51.05935112075696, -241.02801413130476
-50.42452067413046, -241.2045957339189
-50.08316383304714, -241.29958671741758
-50.333780147724724, -241.29958671741758
-50.42452067413046, -241.29958671741758
-55.86298398119925, -241.29958671741758
-62.773179989832215, -241.29958671741758
-63.033699122469784, -241.29958671741758
-69.31410177682733, -241.29958671741758
-69.31410177682733, -246.73259167177127
-69.31410177682733, -254.09957451038633
-56.415406542831704, -254.09957451038633
-51.57753874944723, -254.09957451038633
-50.944598769570575, -254.09957451038633
-51.57753874944723, -254.4160279943011
-56.415406542831704, -256.8349744937813
-63.033699122469784, -260.1441068935942
-69.31410177682733, -263.284320250306
-69.31410177682733, -273.7028758923063
-69.31413367262098, -276.71340164275045
-69.31413367262098, -286.209324575951
-69.31413367262098, -290.8821096827097
-69.31410177682733, -304.31119107515417
-56.415406542831704, -310.76053683167885
-51.57753874944723, -313.1794833311591
-50.944598769570575, -313.49593681507383
-51.57753874944723, -313.49593681507383
-56.415406542831704, -313.49593681507383
-63.033699122469784, -313.49593681507383
-69.31410177682733, -313.49593681507383
-69.31410177682733, -320.8629196536889
-69.31410177682733, -326.2959246080426
-56.415406542831704, -326.2959246080426
-51.57753874944723, -326.2959246080426
-50.944598769570575, -326.2959246080426
-51.57753874944723, -326.61237809195734
-56.415406542831704, -329.0312903477005
-63.033699122469784, -332.34043663751953
-69.31410177682733, -335.4806379646983
-69.31410177682733, -345.8991936066986
-69.31413367262098, -348.9097886454426
-69.31413367262098, -358.4056549791525
-69.31413367262098, -363.07847947482065
-69.31410177682733, -376.507529645393
-56.415406542831704, -382.95687912286394
-51.57753874944723, -385.3758004167682
-50.944598769570575, -385.6922869127301
-51.57753874944723, -385.6922869127301
-56.415406542831704, -385.6922869127301
-62.24994143888193, -385.6922869127301
-62.54745826664089, -385.6922869127301
-66.3216942729515, -384.64230615940323
-69.3141502924318, -383.8098141741702
-69.3141502924318, -387.9826139654245
Holes:
Exterior:
-69.3141502924318, 399.4574912363045
-69.3141502924318, 393.61556978981673
-62.54745826664089, 395.49805122203554
-62.24994143888193, 395.49805122203554
-58.554282421160906, 395.49805122203554
-51.57753874944723, 395.49805122203554
-50.944598769570575, 395.49805122203554
-51.57753874944723, 395.18156472607365
-56.415406542831704, 392.76262631030085
-63.033699122469784, 389.4534730754787
-69.31410177682733, 386.3132777630665
-69.31410177682733, 375.89478798708825
-69.31413367262098, 372.8841773374082
-69.31413367262098, 368.21136268896737
-69.31413367262098, 358.71552465500275
-69.31410177682733, 345.28642422934445
-56.415406542831704, 338.8370756821101
-51.57753874944723, 336.41815890728634
-50.944598769570575, 336.10168891734804
-51.57753874944723, 336.10168891734804
-56.415406542831704, 336.10168891734804
-63.033699122469784, 336.10168891734804
-69.31410177682733, 336.10168891734804
-69.31410177682733, 328.7346841233923
-69.31410177682733, 323.30166297740664
-56.415406542831704, 323.30166297740664
-51.57753874944723, 323.30166297740664
-50.944598769570575, 323.30166297740664
-51.57753874944723, 322.98519298746834
-56.415406542831704, 320.56624196890755
-63.033699122469784, 317.25711280095703
-69.31410177682733, 314.11691147377826
-69.31410177682733, 303.69839974245934
-69.31413367262098, 300.68781739252455
-69.31413367262098, 296.0150125913111
-69.31413367262098, 286.5191462576012
-69.31410177682733, 273.0900741316882
-56.415406542831704, 266.64072558445383
-51.57753874944723, 264.22178716868103
-50.944598769570575, 263.90530067271914
-51.57753874944723, 263.90530067271914
-56.415406542831704, 263.90530067271914
-63.033699122469784, 263.90530067271914
-69.31410177682733, 263.90530067271914
-69.31410177682733, 258.4722795267335
-69.31410177682733, 251.10527473277773
-56.415406542831704, 251.10527473277773
-51.05935112075696, 251.10527473277773
-50.42452067413046, 251.10527473277773
-50.333780147724724, 251.10527473277773
-50.08316383304714, 251.10527473277773
-50.42452067413046, 251.01032909825267
-51.05935112075696, 250.8337021466649
-56.415406542831704, 249.34369034589741
-63.033699122469784, 247.50248731558116
-69.31410177682733, 245.75530591127773
-69.31409869882441, 221.3967737769891
-69.31409869882441, 214.33427547983945
-69.31410177682733, 200.97854094587876
-63.57561089372604, 198.10926902561914
-61.41444466274572, 197.028683913689
-61.42548543713667, 206.91475362751635
-61.44392103802744, 214.98422961343016
-61.452236964633016, 221.79928784482826
-61.44539956685526, 224.39783396716678
-61.43935177675712, 238.9355723627654
-47.47283493672785, 242.29066988419765
-46.79020827773962, 242.4564103593197
-45.57903731206329, 242.7444359576004
-36.70707770201807, 244.84038653920402
-35.62608801244227, 245.09572943091337
-33.90713902588203, 245.50185916614555
-33.90713902588203, 252.8153382343695
-33.90713902588203, 262.66429047162586
-33.90713902588203, 265.3668724140967
-33.90713902588203, 267.41083069460456
-33.90713902588203, 273.4884790746957
-41.137121085070305, 277.1034634253843
-45.57903731206329, 279.32446312810396
-61.33713111820339, 287.20344978160585
-45.57903731206329, 287.20344978160585
-33.90713902588203, 287.20344978160585
-33.90713902588203, 291.4546957881564
-33.90713902588203, 300.0035138685199
-38.07086981014919, 300.0035138685199
-45.57903731206329, 300.0035138685199
-61.33713111820339, 300.0035138685199
-45.57903731206329, 307.8825005220218
-33.90713902588203, 313.7184592361795
-33.90713902588203, 321.84007020410155
-33.90713902588203, 323.30166297740664
-33.90713902588203, 326.83024204264
-33.90713902588203, 336.10168891734804
-33.90713902588203, 337.5632606587256
-33.90713902588203, 339.60720613151136
-33.90713902588203, 345.6848673193246
-41.137121085070305, 349.2998516700132
-45.57903731206329, 351.52085137273286
-61.33713111820339, 359.39983802623476
-45.57903731206329, 359.39983802623476
-33.90713902588203, 359.39983802623476
-33.90713902588203, 367.9486306292626
-33.90713902588203, 372.19986396617617
-38.07086981014919, 372.19986396617617
-45.57903731206329, 372.19986396617617
-61.33713111820339, 372.19986396617617
-45.57903731206329, 380.07888074446214
-33.90713902588203, 385.9148346730863
-33.90713902588203, 394.03645844873046
-33.90713902588203, 395.49805122203554
-33.90713902588203, 402.5187885605453
-33.90713902588203, 407.38195951638346
-33.90713902588203, 414.4516052666101
-38.07086981014919, 413.2932649929697
-45.57903731206329, 411.20449386539656
-46.91127702395306, 410.83386688055094
-46.91127702395306, 412.42624024107886
-46.91132053580259, 423.182627047105
-46.91130215232653, 423.52886132934515
-46.91130917612645, 425.48176416751687
-47.9083539522976, 425.20438935349836
-62.5667920571791, 421.12643263757684
-63.228114317121765, 420.9424634296838
-66.26401067179495, 420.09788943409677
-69.31410177682733, 419.249361680095
-69.3141502924318, 399.4574912363045
Holes:
Exterior:
120.00500050436489, -454.7877245971452
152.25517886182797, -463.75962613377106
152.4590765995702, -463.81635309424234
153.1027525131767, -463.99544554302236
154.31266983016923, -464.3320891847016
156.25745787519082, -464.8730393367343
159.16476269040544, -465.6818177843648
163.3475969206932, -466.8455163675882
165.59241687916864, -467.47002170200307
165.59241687916864, -456.6623282761022
165.59241687916864, -449.1601614725109
120.44385705252228, -436.59994914184585
110.21927652600141, -433.7554912820404
110.21927652600141, -450.66180740570104
110.21927652600141, -452.0653515115326
113.5745611989488, -452.99871383628494
117.07672960481875, -453.9730912336964
120.00500050436489, -454.7877245971452
Holes:
Exterior:
39.13384040626738, -340.4332192491137
52.15362205562474, -346.9431261461285
52.15362205562474, -340.48384467720643
52.15362205562474, -336.6195635240582
52.15362205562474, -326.4108827814425
52.15362205562474, -326.2959246080426
33.467802922594956, -326.2959246080426
12.800473323414963, -326.2959246080426
10.859295273398175, -326.2959246080426
30.04317811396237, -335.88788375005817
33.467802922594956, -337.60019351280846
39.13384040626738, -340.4332192491137
Holes:
Exterior:
39.13384040626738, 408.2980390150043
52.15362205562474, 408.2980390150043
52.15362205562474, 427.07338644323835
52.15362205562474, 427.4075360853168
52.01263687563511, 427.3683138859798
45.22109642085911, 425.4789014417621
36.009258385426335, 420.8729970845937
31.621888272582964, 418.6793190106276
12.800473323414963, 409.26862804001263
10.859295273398175, 408.2980390150043
30.04317811396237, 408.2980390150043
33.467802922594956, 408.2980390150043
39.13384040626738, 408.2980390150043
Holes:
Exterior:
39.13384040626738, -398.4921984117535
33.467802922594956, -398.4921984117535
12.800473323414963, -398.4921984117535
10.859295273398175, -398.4921984117535
28.142877897288372, -407.134047286137
31.621888272582964, -408.8735877092603
36.009258385426335, -411.0672797481376
45.22109642085911, -415.67321342640196
47.6817822566486, -416.35775127947227
52.15362205562474, -417.60177177601133
52.15362205562474, -411.6235722330224
52.15362205562474, -408.0470995348004
52.15362205562474, -398.59859635816156
52.15362205562474, -398.4921984117535
39.13384040626738, -398.4921984117535
Holes:
Exterior:
39.13384040626738, 350.23898355841914
33.467802922594956, 347.4059578221139
12.800473323414963, 337.0722779423564
10.859295273398175, 336.10168891734804
30.04317811396237, 336.10168891734804
33.467802922594956, 336.10168891734804
52.15362205562474, 336.10168891734804
52.15362205562474, 342.5609703862701
52.15362205562474, 346.42525153941835
52.15362205562474, 356.63393228203404
52.15362205562474, 356.748890455434
39.13384040626738, 350.23898355841914
Holes:
Exterior:
-69.31413367262098, 84.11444152560958
-69.31413367262098, 79.51074456603926
-69.31413367262098, 70.01493483181994
-69.31410177682733, 56.58584075056625
-63.385682866161915, 53.621604641073056
-61.1969808650299, 52.52725161863013
-61.202907901034166, 56.96055076826231
-61.22596268707741, 70.45001873942832
-61.226241733432516, 70.64379366343918
-61.28103356160142, 70.67118957752363
-61.33713111820339, 70.69923835582459
-61.226314913938495, 70.69923835582459
-61.226401528079805, 70.75227520945324
-61.245539530330916, 83.49922614879334
-61.29071198089537, 83.49922614879334
-61.33713111820339, 83.49922614879334
-61.245635361851555, 83.54497415886412
-61.24587881459115, 83.69751374859894
-61.27204471974392, 101.36595627757691
-66.79277039857573, 98.60562591299148
-69.31410177682733, 97.34496263855473
-69.31410177682733, 87.08051153290208
-69.31413367262098, 84.11444152560958
Holes:
Exterior:
-69.31413367262098, 142.21127508224885
-69.31410177682733, 128.78219661193123
-63.51959564990091, 125.88492599735012
-61.305521861782836, 124.7778911354314
-61.31672661739077, 134.59765206581477
-61.33505973941732, 142.89455276106418
-61.336076362082224, 142.8950610799261
-61.33713111820339, 142.89558845348085
-61.335061071598716, 142.89558845348085
-61.335062718736026, 142.89659995402627
-61.33713111820339, 144.26488082062485
-61.35438963028628, 155.68698513738082
-61.354403171179115, 155.69709606860505
-61.38107017572878, 173.77555630520948
-66.82160583477827, 171.05523562729115
-69.31410177682733, 169.80899004333992
-69.31410177682733, 159.39052222270237
-69.31413367262098, 156.3799179174269
-69.31413367262098, 151.70711311621346
-69.31413367262098, 142.21127508224885
Holes:
Exterior:
-69.31413367262098, -146.57419175509415
-69.31410177682733, -160.0032858363478
-63.55881941317148, -162.88090052395512
-61.38107017572878, -163.96977313091753
-61.363359205199004, -154.1462502576892
-61.354403171179115, -145.8913699062723
-61.35438963028628, -145.881258975048
-61.33713111820339, -134.45918872446373
-61.335061071598716, -133.0899004381207
-61.336076362082224, -133.0899004381207
-61.33713111820339, -133.0899004381207
-61.33505973941732, -133.0888647426804
-61.335054689025924, -133.08533626471518
-61.305521861782836, -114.97207979798718
-66.81438871247803, -117.72657000674242
-69.31410177682733, -118.97642653891707
-69.31410177682733, -129.39493827023597
-69.31413367262098, -132.40557721966132
-69.31413367262098, -141.90138695388066
-69.31413367262098, -146.57419175509415
Holes:
Exterior:
-69.31413367262098, -69.70501716176969
-69.31413367262098, -74.30873381579474
-69.31410177682733, -87.5391763739086
-63.50287599635135, -90.44483317482795
-61.27204471974392, -91.56024881313168
-61.255050231580526, -81.9360091722086
-61.245635361851555, -73.7392856159244
-61.29071198089537, -73.716746908896
-61.33713111820339, -73.69353813343322
-61.245539530330916, -73.69353813343322
-61.24546807425645, -73.64979292615882
-61.226314913938495, -60.89347404651916
-61.28103356160142, -60.89347404651916
-61.33713111820339, -60.89347404651916
-61.226241733432516, -60.8380296708158
-61.22596268707741, -60.644254430122885
-61.202907901034166, -47.15478645895688
-61.1969808650299, -42.72146836745424
-66.78570493196065, -45.515850478474924
-69.31410177682733, -46.780044057996896
-69.31410177682733, -57.19855578931582
-69.31413367262098, -60.20915082805978
-69.31413367262098, -69.70501716176969
Holes:
Exterior:
682.1302535080074, 620.9751247659136
680.6343563394032, 620.5589771897357
680.6343563394032, 614.9893815268625
680.5448371223505, 602.2242068005594
693.6844170173606, 605.8795831197867
705.1317559023239, 609.0642123762813
712.0904571912029, 611.0001064069286
750.1512583390929, 621.588489566296
750.1512583390929, 628.5323720142644
750.1513198055109, 632.5744366914596
750.1513283319006, 637.4538512089915
750.1514411036517, 639.4775751520972
750.151321316569, 642.7890068834159
750.1513050263507, 643.2588373367649
750.151348470711, 644.3549385493026
750.1513435567335, 645.8273290378633
750.1513516897865, 647.2223161433814
716.6750417361361, 637.9092966838208
706.5436341144068, 635.0907750197016
706.5436559406446, 633.0548109063876
706.543677049636, 632.0505222154668
706.543677049636, 627.766866957805
687.5067530907486, 622.4708490993071
685.5183063070905, 621.9177042133514
682.1302535080074, 620.9751247659136
Holes:
Exterior:
682.1302535080074, -611.1693630766237
685.5183063070905, -612.1119496871488
687.5067530907486, -612.6650088761272
706.543677049636, -617.9611472717678
706.543677049636, -622.2448025294296
706.5436559406446, -623.249112286673
706.5436341144068, -625.2850692593721
743.1149943628125, -635.459126160577
750.1513516897865, -637.4166281280212
750.1513435567335, -636.0216410225031
750.151348470711, -634.5492281317016
750.1513050263507, -633.4531286775288
750.151321316569, -632.9833188680558
750.1514411036517, -629.6718669672563
750.1513283319006, -627.6481886332832
750.1513198055109, -622.768719542667
750.1513198055109, -615.658039043008
750.1512583390929, -611.7828497741835
716.6158600555414, -602.4534090228008
712.0904571912029, -601.194364000006
705.1317559023239, -599.2585541855981
693.6844170173606, -596.0739106807976
680.5448371223505, -592.4184920479952
680.6343563394032, -605.1836404250276
680.6343563394032, -610.753201276695
682.1302535080074, -611.1693630766237
Holes:
Exterior:
-75.5897652376022, -283.07150879346034
-75.5897652376022, -276.175064946625
-75.5897652376022, -266.42218051108927
-79.97818187201995, -268.6163928822252
-90.36987398506119, -273.8122485383728
-90.36987398506119, -274.6316379074347
-90.36987398506119, -274.907196552967
-90.36987398506119, -275.68145441973087
-90.36987398506119, -292.6883147724932
-90.36987398506119, -293.7832627870874
-89.32790919284491, -294.3042461457407
-75.5897652376022, -301.1733308143709
-75.5897652376022, -293.8748931555479
-75.5897652376022, -291.42044637883515
-75.5897652376022, -283.07150879346034
Holes:
Exterior:
-75.5897652376022, -66.56718588534626
-75.5897652376022, -59.67078314406865
-75.5897652376022, -49.917847257988484
-89.32790919284491, -56.78690654460103
-90.36987398506119, -57.307887978163976
-90.36987398506119, -58.12727734722593
-90.36987398506119, -58.4028417690669
-90.36987398506119, -59.177095020944904
-90.36987398506119, -75.93257691234295
-90.36987398506119, -77.01133245374153
-89.32790919284491, -77.53231388730448
-75.5897652376022, -84.40137317391702
-75.5897652376022, -77.21090511959898
-75.5897652376022, -74.79271779555792
-75.5897652376022, -66.56718588534626
Holes:
Exterior:
-75.5897652376022, 244.00946300638452
-79.97818187201995, 242.78861880367828
-90.36987398506119, 239.8976815638057
-90.36987398506119, 237.9115893688446
-90.36987398506119, 212.59539628637276
-90.36987398506119, 211.50642532326412
-79.97818187201995, 206.31056966711662
-75.5897652376022, 204.11635729598066
-75.5897652376022, 211.4147949548036
-75.5897652376022, 213.81600313787783
-75.5897652376022, 227.93326776778326
-75.5897652376022, 244.00946300638452
Holes:
Exterior:
-75.5897652376022, 139.21842209046025
-75.5897652376022, 141.67291514522412
-75.5897652376022, 150.02188791898647
-75.5897652376022, 156.91827010748523
-75.5897652376022, 166.6711956485787
-89.32790919284491, 159.8021109799485
-90.36987398506119, 159.28112762129518
-90.36987398506119, 158.46173825223326
-90.36987398506119, 158.1861749918151
-90.36987398506119, 141.17924295999336
-90.36987398506119, 140.40499201555826
-90.36987398506119, 139.3100388053668
-89.32790919284491, 138.78905640925865
-75.5897652376022, 131.91998443163726
-75.5897652376022, 139.21842209046025
Holes:
Exterior:
-75.5897652376022, 310.9790797433908
-79.97818187201995, 308.78487142618195
-90.36987398506119, 303.58902536966133
-90.36987398506119, 302.7696377273309
-90.36987398506119, 302.49407446691276
-90.36987398506119, 285.487142435091
-90.36987398506119, 284.712889183213
-90.36987398506119, 283.61793828046444
-89.32790919284491, 283.0969558843563
-75.5897652376022, 276.227883906735
-75.5897652376022, 283.5263061852724
-75.5897652376022, 285.9807940675429
-75.5897652376022, 292.8771968088205
-75.5897652376022, 301.2261695825829
-75.5897652376022, 310.9790797433908
Holes:
Exterior:
-75.5897652376022, 348.4242493846767
-75.5897652376022, 355.72267166321416
-75.5897652376022, 358.17716471797803
-75.5897652376022, 365.07354690647674
-75.5897652376022, 373.4225372744329
-75.5897652376022, 383.1754679880197
-79.97818187201995, 380.98125967081086
-90.36987398506119, 375.78541361429023
-90.36987398506119, 374.9660259719598
-90.36987398506119, 374.6904604040987
-90.36987398506119, 357.68349253274727
-90.36987398506119, 356.9092415883122
-90.36987398506119, 355.8142901048522
-89.32790919284491, 355.2933086712893
-75.5897652376022, 348.4242493846767
Holes:
Exterior:
-75.5897652376022, -386.8896319138311
-75.5897652376022, -382.063957556645
-81.12313807685427, -380.52459039134794
-90.36987398506119, -377.9521771351339
-90.36987398506119, -378.4494569524782
-90.36987398506119, -388.9381221928078
-89.32790919284491, -389.22799267638385
-75.5897652376022, -393.0498899818326
-75.5897652376022, -386.8896319138311
Holes:
Exterior:
-75.5897652376022, 84.5984409993056
-75.5897652376022, 94.20713748322245
-79.97818187201995, 92.01293321994068
-90.36987398506119, 86.81709676304696
-90.36987398506119, 86.00982559590202
-90.36987398506119, 85.73833660676247
-90.36987398506119, 68.98292639442386
-90.36987398506119, 68.20867775743174
-90.36987398506119, 67.11372512795165
-79.97818187201995, 61.91786947180414
-75.5897652376022, 59.723657100668134
-75.5897652376022, 67.02209475949113
-75.5897652376022, 69.47658264176164
-75.5897652376022, 76.3729442774815
-75.5897652376022, 84.5984409993056
Holes:
Exterior:
-75.5897652376022, -248.9388119784768
-75.5897652376022, -241.29958671741758
-79.97818187201995, -241.29958671741758
-90.36987398506119, -241.29958671741758
-90.36987398506119, -241.87898112380645
-90.36987398506119, -254.09957451038633
-89.32790919284491, -254.09957451038633
-75.5897652376022, -254.09957451038633
-75.5897652376022, -248.9388119784768
Holes:
Exterior:
-75.5897652376022, 396.29903792213656
-75.5897652376022, 402.85559337747827
-89.32790919284491, 399.0336833810207
-90.36987398506119, 398.74381193489944
-90.36987398506119, 398.05220809369706
-90.36987398506119, 387.75790569896856
-88.51714152596287, 388.27333250424186
-75.5897652376022, 391.86970510955484
-75.5897652376022, 396.29903792213656
Holes:
Exterior:
-75.5897652376022, -24.795298997691035
-89.32790919284491, -24.795298997691035
-90.36987398506119, -24.795298997691035
-90.36987398506119, -37.01589238427091
-90.36987398506119, -37.595286790659785
-89.32790919284491, -37.595286790659785
-75.5897652376022, -37.595286790659785
-75.5897652376022, -29.956061529600575
-75.5897652376022, -24.795298997691035
Holes:
Exterior:
-75.5897652376022, -131.8672095356702
-75.5897652376022, -122.11424288901895
-79.97818187201995, -124.30845526015496
-90.36987398506119, -129.50431091630247
-90.36987398506119, -130.32370373882748
-90.36987398506119, -130.5992681606685
-90.36987398506119, -131.37351679766056
-90.36987398506119, -148.3804488294823
-90.36987398506119, -149.47539800549936
-79.97818187201995, -154.67123446239304
-75.5897652376022, -156.86543872567484
-75.5897652376022, -149.56700106685184
-75.5897652376022, -147.11254394515242
-75.5897652376022, -140.21618230943255
-75.5897652376022, -131.8672095356702
Holes:
Exterior:
-75.5897652376022, -366.07131954714947
-75.5897652376022, -363.616831664879
-75.5897652376022, -355.26782370272906
-75.5897652376022, -348.37142096145146
-75.5897652376022, -338.61848507537127
-79.97818187201995, -340.81268933865306
-90.36987398506119, -346.00852579554675
-90.36987398506119, -346.82791171114565
-90.36987398506119, -347.1034795864497
-90.36987398506119, -347.8777328383277
-90.36987398506119, -364.88473654920887
-90.36987398506119, -365.9796857252259
-89.32790919284491, -366.5006671587888
-75.5897652376022, -373.3697264454014
-75.5897652376022, -366.07131954714947
Holes:
Exterior:
-75.5897652376022, -194.31057821387208
-89.32790919284491, -201.179612118467
-90.36987398506119, -201.70059162693957
-90.36987398506119, -202.5199775425384
-90.36987398506119, -202.789562567649
-90.36987398506119, -204.37449066525988
-90.36987398506119, -230.09191552776872
-89.32790919284491, -230.3817860113448
-75.5897652376022, -234.20368331679356
-75.5897652376022, -216.51326498126343
-75.5897652376022, -204.0102238562563
-75.5897652376022, -194.31057821387208
Holes:
Exterior:
-75.5897652376022, 191.79375129527773
-79.97818187201995, 191.79375129527773
-90.36987398506119, 191.79375129527773
-90.36987398506119, 179.57319432893894
-90.36987398506119, 178.99380164928164
-79.97818187201995, 178.99380164928164
-75.5897652376022, 178.99380164928164
-75.5897652376022, 186.6330041436537
-75.5897652376022, 191.79375129527773
Holes:
Exterior:
-75.5897652376022, 106.66351753062928
-75.5897652376022, 114.3027883250627
-75.5897652376022, 119.46358161754334
-79.97818187201995, 119.46358161754334
-90.36987398506119, 119.46358161754334
-90.36987398506119, 107.24291539048122
-90.36987398506119, 106.66351753062928
-89.32790919284491, 106.66351753062928
-75.5897652376022, 106.66351753062928
Holes:
Exterior:
-75.5897652376022, 22.27850283966777
-89.32790919284491, 15.409443553055215
-90.36987398506119, 14.888462119492278
-90.36987398506119, 14.069072750430324
-90.36987398506119, 13.79350832858935
-90.36987398506119, -3.2135670613512257
-90.36987398506119, -3.987820313229232
-90.36987398506119, -5.082770650669087
-79.97818187201995, -10.278587908309005
-75.5897652376022, -12.472784063736565
-75.5897652376022, -5.174346404913583
-75.5897652376022, -2.7198789382274837
-75.5897652376022, 5.6291642123099885
-75.5897652376022, 12.525566953587603
-75.5897652376022, 22.27850283966777
Holes:
Exterior:
-75.5897652376022, -313.49593681507383
-89.32790919284491, -313.49593681507383
-90.36987398506119, -313.49593681507383
-90.36987398506119, -325.7165302016537
-90.36987398506119, -326.2959246080426
-79.97818187201995, -326.2959246080426
-75.5897652376022, -326.2959246080426
-75.5897652376022, -318.6566993469834
-75.5897652376022, -313.49593681507383
Holes:
Exterior:
-75.5897652376022, 323.30166297740664
-75.5897652376022, 330.94091100515294
-75.5897652376022, 336.10168891734804
-89.32790919284491, 336.10168891734804
-90.36987398506119, 336.10168891734804
-90.36987398506119, 323.881059110527
-90.36987398506119, 323.30166297740664
-79.97818187201995, 323.30166297740664
-75.5897652376022, 323.30166297740664
Holes:
Exterior:
-75.5897652376022, -96.85782951526916
-79.97818187201995, -96.85782951526916
-90.36987398506119, -96.85782951526916
-90.36987398506119, -109.07835006136679
-90.36987398506119, -109.6577410142926
-89.32790919284491, -109.6577410142926
-75.5897652376022, -109.6577410142926
-75.5897652376022, -102.01856128660762
-75.5897652376022, -96.85782951526916
Holes:
Exterior:
-75.5897652376022, -181.98806327991758
-75.5897652376022, -174.34879248548418
-75.5897652376022, -169.18799919300352
-89.32790919284491, -169.18799919300352
-90.36987398506119, -169.18799919300352
-90.36987398506119, -181.40866542006563
-90.36987398506119, -181.98806327991758
-89.32790919284491, -181.98806327991758
-75.5897652376022, -181.98806327991758
Holes:
Exterior:
-75.5897652376022, 256.2660526449728
-75.5897652376022, 263.90530067271914
-79.97818187201995, 263.90530067271914
-90.36987398506119, 263.90530067271914
-90.36987398506119, 263.32590453959875
-90.36987398506119, 251.10527473277773
-89.32790919284491, 251.10527473277773
-75.5897652376022, 251.10527473277773
-75.5897652376022, 256.2660526449728
Holes:
Exterior:
-75.5897652376022, 47.401051099965215
-79.97818187201995, 47.401051099965215
-90.36987398506119, 47.401051099965215
-90.36987398506119, 35.18045771338534
-90.36987398506119, 34.601063306996465
-79.97818187201995, 34.601063306996465
-75.5897652376022, 34.601063306996465
-75.5897652376022, 42.240288568055675
-75.5897652376022, 47.401051099965215
Holes:
Exterior:
-69.31410177682733, -176.55502594229995
-69.31410177682733, -181.98806327991758
-63.57561089372604, -181.98806327991758
-61.40740609416952, -181.98806327991758
-61.392446364316584, -172.42652213415573
-61.38808678284772, -169.18799919300352
-66.8298804869109, -169.18799919300352
-69.31410177682733, -169.18799919300352
-69.31410177682733, -176.55502594229995
Holes:
Exterior:
-69.31410177682733, -104.22476844320282
-69.31410177682733, -109.6577410142926
-63.51959564990091, -109.6577410142926
-61.29841098605607, -109.6577410142926
-61.28351508283663, -100.12435450268214
-61.2791336813757, -96.85782951526916
-66.80102222431265, -96.85782951526916
-69.31410177682733, -96.85782951526916
-69.31410177682733, -104.22476844320282
Holes:
Exterior:
-69.31410177682733, 40.03406826135017
-69.31410177682733, 34.601063306996465
-63.36884417504598, 34.601063306996465
-61.170975954579376, 34.601063306996465
-61.185892537617065, 44.226572641470234
-61.19012608082966, 47.401051099965215
-66.7775319931709, 47.401051099965215
-69.31410177682733, 47.401051099965215
-69.31410177682733, 40.03406826135017
Holes:
Exterior:
-69.31410177682733, -24.795298997691035
-69.31410177682733, -32.16228183630608
-69.31410177682733, -37.595286790659785
-63.385682866161915, -37.595286790659785
-61.19012608082966, -37.595286790659785
-61.17520536306449, -27.96646476872995
-61.170975954579376, -24.795298997691035
-66.77248353360324, -24.795298997691035
-69.31410177682733, -24.795298997691035
Holes:
Exterior:
-69.31410177682733, 191.79375129527773
-69.31410177682733, 184.42679041200336
-69.31410177682733, 178.99380164928164
-63.55881941317148, 178.99380164928164
-61.38808678284772, 178.99380164928164
-61.40304238685849, 188.55197288521623
-61.40740609416952, 191.79375129527773
-66.83502090264568, 191.79375129527773
-69.31410177682733, 191.79375129527773
Holes:
Exterior:
-69.31410177682733, 106.66351753062928
-63.50287599635135, 106.66351753062928
-61.2791336813757, 106.66351753062928
-61.294025541807514, 116.19378074461581
-61.29841098605607, 119.46358161754334
-66.80612155809979, 119.46358161754334
-69.31410177682733, 119.46358161754334
-69.31410177682733, 112.0965548682469
-69.31410177682733, 106.66351753062928
Holes:
Exterior:
820.4816302204913, 464.89285975744883
820.4816597974454, 453.0893985714653
820.4816400515193, 439.67665928638957
831.528120246334, 441.22681662520455
832.6824677980038, 441.3680872325759
833.2868402964943, 441.46558151690255
833.2868402964943, 443.8396513853597
833.2867705802826, 496.8563470531427
825.5874825523128, 494.7144405726612
820.4816347440477, 493.2940064642636
820.4816302204913, 464.89285975744883
Holes:
Exterior:
820.4816347440477, -530.1191447463507
820.4816682109566, -539.8632414745628
823.8772221009594, -538.8176149784497
833.2867887361956, -535.9199947514569
833.2867705802826, -529.9276065421769
833.2867705802826, -520.8871726314906
828.7831747533045, -522.2740307593625
820.4816347440477, -524.8304060948851
820.4816347440477, -530.1191447463507
Holes:
Exterior:
820.4816347440477, 652.1401368353573
820.4816628794775, 647.9273902933237
820.4816628794775, 641.1542141642523
826.1144655100484, 642.721242552602
833.2867723926756, 644.7165666823414
833.2867887361956, 648.5797258362724
833.2867887361956, 655.7025346037422
828.7831747533045, 654.4496365086358
820.4816347440477, 652.1401368353573
Holes:
Exterior:
820.4816347440477, 534.6361704041906
825.5874825523128, 533.0638548599471
833.2867705802826, 530.6928910591188
833.2867887361956, 535.9790934353344
833.2867887361956, 545.7257590607624
828.7831747533045, 547.1126014651524
820.4816682109566, 549.6690057838682
820.4816682109566, 545.6819773182193
820.4816347440477, 534.6361704041906
Holes:
Exterior:
820.4816347440477, -483.488266881325
825.5874825523128, -484.90869919978667
833.2867705802826, -487.0505368621601
833.2867900152743, -453.41552503082545
833.2868402964943, -434.0339561649098
833.2868402964943, -431.6598898989975
832.6824677980038, -431.5623956163248
831.528120246334, -431.42111289205695
820.4816400515193, -429.870908050489
820.4816597974454, -443.2836999714677
820.4816347440477, -483.488266881325
Holes:
Exterior:
820.4816347440477, -635.2134734731737
820.4816347440477, -642.3343704112071
828.7831747533045, -644.6438453665035
833.2867887361956, -645.8967971227147
833.2867723926756, -641.0654894281674
833.2867723926756, -634.9108786669813
826.1144655100484, -632.9155545372419
820.4816628794775, -631.3485261488921
820.4816347440477, -635.2134734731737
Holes:
Exterior:
820.4816347440477, 596.0836500858675
820.4816682109566, 579.5143232092695
823.8772221009594, 582.4492349745349
833.2867887361956, 590.5822910765625
833.2867723926756, 601.823938200069
833.2867723926756, 616.1448823455463
828.3779230819663, 611.9019752012159
820.4816628794775, 605.076924639083
820.4816347440477, 596.0836500858675
Holes:
Exterior:
820.4816628794775, -595.2712366237229
826.1144655100484, -600.1398853056387
833.2867723926756, -606.3391302169861
833.2867887361956, -597.3502232977874
833.2867887361956, -580.776553595535
828.7831747533045, -576.883888177203
820.4816682109566, -569.708569017374
820.4816884324252, -577.1882519038708
820.4816628794775, -595.2712366237229
Holes:
Exterior:
680.6406303253784, 454.39061850071755
680.5334022606182, 448.4010215403683
680.6421576267436, 442.52291475169176
680.6343563394032, 413.52485971615135
693.6844170173606, 416.55353454249706
698.9958404484017, 417.7831955345087
712.5976110617372, 420.6784003707472
725.5082286840428, 423.42407661266054
731.8528378206005, 424.65582483301864
750.1513183083739, 428.20830857014937
750.1513145619324, 429.3551813333785
750.1513198055109, 473.72830632036585
716.6158600555414, 464.39881438479574
712.0904571912029, 463.1398658747774
705.1317559023239, 461.20399051348835
693.8932246524942, 458.0774620347056
680.6406303253784, 454.39061850071755
Holes:
Exterior:
680.6406303253784, -448.83853099411533
680.6326747742937, -466.72856840311437
680.6343563394032, -474.3958054511097
693.6844170173606, -485.67535328239774
750.1513868147053, -534.4820305247165
750.1513261737747, -516.4478738190011
750.1513261737747, -508.91934200774597
712.0904571912029, -476.021853307434
705.1317559023239, -470.00720816368124
693.8932246524942, -460.293209167994
680.6406303253784, -448.83853099411533
Holes:
Exterior:
680.6406303253784, 458.64428924751377
693.8932246524942, 470.0990260248873
705.1317559023239, 479.8129575606483
750.1513261737746, 518.7250950822478
750.1513868147053, 541.2788703283388
750.1513868147053, 544.287794834022
705.1317559023239, 505.3755640257211
693.6844170173606, 495.4811175917032
680.6343563394032, 484.20146358746564
680.6326747742937, 476.53424876216843
680.6406303253784, 458.64428924751377
Holes:
Exterior:
680.6406303253784, -444.5848602473191
693.8932246524942, -448.27164517781233
705.1317559023239, -451.39826435115555
712.0904571912029, -453.3341397124446
750.1513198055109, -463.922566701952
750.1513441239995, -428.917956259355
750.1513145619324, -419.5494921981586
750.1513183083739, -418.4026139855722
735.2833493244964, -415.4266062108302
731.8528378206005, -414.8500784750397
725.5082286840428, -413.6183123033551
712.5976110617372, -410.8726548269562
705.1317559023239, -409.09372986648043
693.6844170173606, -406.74773208621895
680.6343563394032, -403.71911034634803
680.6421576267436, -432.71716687970564
680.6406303253784, -444.5848602473191
Holes:
Exterior:
680.544827161491, 588.2654751962353
680.401914248341, 577.7729393963322
693.6844170173606, 573.6826508574424
705.1317559023239, 570.1574932952009
750.1513868147055, 556.2939832518224
750.1511913425002, 567.8537021679529
750.1511913425002, 571.326919546019
715.6942952730799, 581.9377280861163
705.1317559023239, 585.190390897969
693.6844170173606, 588.7155413360575
680.544827161491, 592.7617929168592
680.544827161491, 588.2654751962353
Holes:
Exterior:
680.544827161491, -582.9560667545264
693.6844170173606, -578.9098307500957
705.1317559023239, -575.3846713256789
750.1511913425002, -561.5212403441642
750.1513868147053, -548.2577265704531
750.1513868147053, -546.4882279229201
713.6045330237077, -557.7426380087355
705.1317559023239, -560.3518052798407
693.6844170173606, -563.8769932008694
680.401914248341, -567.9672624785184
680.401914248341, -572.3405391617066
680.544827161491, -582.9560667545264
Holes:
Exterior:
916.7332278378739, -683.75923404796
948.6379589086522, -692.6350359361676
948.6379589086522, -697.1081153605088
948.6379589086522, -699.0971331041363
959.2032404900467, -699.0971331041363
998.6046709066381, -699.0971331041363
998.604670906638, -701.3202032699546
998.6046709066381, -731.0971025865582
1007.4705757154825, -731.0971025865582
1058.6579002326923, -731.0971025865582
1058.6579002326923, -711.363244742518
1058.6579002326923, -411.0971025865582
998.604670906638, -411.0971025865582
998.6046709066381, -416.87572114949177
998.6046709066381, -443.0970720689801
957.300563628722, -443.0970720689801
948.6379589086522, -443.0970720689801
931.8804669631638, -441.784645270591
903.8379634862889, -439.5883898180035
903.8379634862889, -488.02908330748744
903.8379634862889, -514.1941790025738
903.8379634862889, -597.019104351873
903.8379634862889, -641.7567400377301
903.8379634862889, -657.1885412197149
903.8379634862889, -665.5239824693707
903.8379634862889, -674.1685065489171
903.8379634862889, -680.1718096178082
916.7332278378739, -683.75923404796
Holes:
Exterior:
957.300563628722, 452.9028745252582
998.604670906638, 452.9028745252582
998.604670906638, 450.6798017093313
998.6046709066381, 420.90286689586367
1007.4705757154827, 420.90286689586367
1058.6579002326923, 420.90286689586367
1058.6579002326923, 440.6367247399066
1058.6579002326923, 740.9028668958637
998.604670906638, 740.9028668958637
998.6046709066381, 735.1242345556167
998.604670906638, 708.9028211194965
993.9051559865637, 708.9028211194965
948.6379589086522, 708.9028211194965
948.6379589086522, 706.913803375869
948.6379589086522, 702.4407239515277
931.3407471372373, 697.6286907593073
903.8379634862889, 689.9774976331684
903.8379634862889, 680.1809747442447
903.8379634862889, 675.3296704847309
903.8379634862889, 659.897869302746
903.8379634862889, 651.5624280530902
903.8379634862889, 606.8248191243842
903.8379634862889, 523.9999433118793
903.8379634862889, 475.55929935918954
903.8379634862889, 449.3942304212543
931.8804669631638, 451.59046199578995
948.6379589086522, 452.9028745252582
957.300563628722, 452.9028745252582
Holes:
Exterior:
30.04317811396237, -313.49593681507383
33.467802922594956, -313.49593681507383
52.15362205562474, -313.49593681507383
52.15362205562474, -307.0366076102988
52.15362205562474, -303.1722978990582
52.15362205562474, -292.9636171564425
52.15362205562474, -292.8486589830426
33.467802922594956, -302.19159161636264
12.800473323414963, -312.525333539331
10.859295273398175, -313.49593681507383
30.04317811396237, -313.49593681507383
Holes:
Exterior:
30.04317811396237, 313.70968611365754
33.467802922594956, 311.99733285886293
52.15362205562474, 302.65442329234804
52.15362205562474, 309.1137524971231
52.15362205562474, 312.97806220836367
52.15362205562474, 323.1867052287897
52.15362205562474, 323.30166297740664
33.467802922594956, 323.30166297740664
12.800473323414963, 323.30166297740664
10.859295273398175, 323.30166297740664
30.04317811396237, 313.70968611365754
Holes:
Exterior:
30.04317811396237, -385.6922869127301
33.467802922594956, -385.6922869127301
52.15362205562474, -385.6922869127301
52.15362205562474, -379.233005443808
52.15362205562474, -375.36872429065977
52.15362205562474, -365.1600435480441
52.15362205562474, -365.04508537464415
33.467802922594956, -374.3880180079642
12.800473323414963, -384.72169788772175
10.859295273398175, -385.6922869127301
30.04317811396237, -385.6922869127301
Holes:
Exterior:
33.467802922594956, 395.49805122203554
12.800473323414963, 395.49805122203554
10.859295273398175, 395.49805122203554
30.04317811396237, 385.90607435828645
33.467802922594956, 384.193744170297
52.15362205562474, 374.85081153697695
52.15362205562474, 381.3101168738255
52.15362205562474, 385.1744123060199
52.15362205562474, 395.3830930486356
52.15362205562474, 395.49805122203554
33.467802922594956, 395.49805122203554
Holes:
Exterior:
165.59241687916864, -416.36558283019065
165.59241687916864, -407.4820011806274
165.59241687916864, -401.31552022852156
120.44385705252228, -415.27636247491574
110.21927652600141, -418.43801740167055
110.21927652600141, -432.33433283642296
110.21927652600141, -433.4880016324897
113.44116695503067, -432.49171898691077
120.44385705252222, -430.3263637003411
165.59241687916864, -416.36558283019065
Holes:
Exterior:
165.59241687916864, 411.1212376475261
165.59241687916864, 420.00477426334464
165.59241687916864, 426.1713021057514
120.44385705252228, 440.1321756123462
110.21927652600141, 443.2938334632609
110.21927652600141, 429.39744758288293
110.21927652600141, 428.2437846351359
113.44116695503067, 427.2475037588905
120.44385705252239, 425.0821267842212
165.59241687916864, 411.1212376475261
Holes:
Exterior:
165.59241687916864, 469.7736192077172
165.59241687916864, 477.2757547511079
120.44385705252228, 464.7155736806435
110.21927652600141, 461.87112166915784
110.21927652600141, 444.96480554549726
110.21927652600141, 443.56126143966566
113.44116695503067, 444.45758033364206
120.44385705252228, 446.4057134511513
165.59241687916864, 458.96592578181634
165.59241687916864, 469.7736192077172
Holes:
Exterior:
52.15362205562474, 284.55254035777773
51.42789159784974, 284.18967390206575
29.587704086874737, 273.2695432264301
51.42789159784974, 279.3454181762335
52.15362205562474, 279.5473142225238
52.15362205562474, 281.11314567067427
52.15362205562474, 282.04990821666445
52.15362205562474, 284.5246724691413
52.15362205562474, 284.55254035777773
Holes:
Exterior:
52.15362205562474, -269.8291853270152
52.15362205562474, -269.74166435413633
43.950828570415695, -267.4596439673219
29.587704086874737, -263.46381706409727
43.950828570415695, -270.6454278666857
52.15362205562474, -274.7468523424176
52.15362205562474, -269.8291853270152
Holes:
