Exterior:
-99.04976524881886, -207.3571403517811
-98.35319971201898, -207.77004030480606
-97.96230050318036, -208.0018928926289
-97.81578823873042, -208.07640920242434
-97.4007560876928, -208.28426267777186
-97.16703867215915, -208.40301387919757
-97.12296437331838, -208.42203047226857
-96.35209483199037, -208.8082980255495
-96.32354774892997, -208.82060457045813
-95.33156046451916, -209.24060853255907
-94.95221470628235, -209.4041740192651
-94.89385396350428, -209.42541504765262
-94.6124909311095, -209.54450516912237
-94.36370768216398, -209.6351483569181
-93.686263108719, -209.87635549344807
-93.5077837655, -209.94140861546668
-93.4317893374025, -209.96463352534033
-92.75622260973876, -210.2052702698162
-92.63840897020816, -210.2412602025755
-92.32348346662627, -210.33456143576566
-91.99990588990181, -210.43344680458313
-91.93706369064762, -210.44931302034908
-90.91864877249247, -210.75118428535254
-90.88348815842312, -210.76005902247792
-90.79552686445572, -210.78607122436475
-90.42666793872968, -210.87915178405402
-89.46397477014864, -211.11257305212305
-89.38322359253868, -211.13291193989275
-88.8686576353299, -211.2575621517973
-88.74471964654276, -211.28275639530997
-88.52958865845721, -211.3265252560757
-87.97997344215435, -211.43235557453713
-87.74087498734218, -211.48097416349995
-87.59110040279313, -211.5045633330307
-86.61809783273736, -211.69186573595323
-86.57587658833017, -211.69856601103805
-86.16318979356981, -211.76355968131517
-84.95851092184705, -211.93934462000175
-84.78185905227667, -211.95945341302303
-84.43044592162335, -212.01067570810403
-84.1200059721856, -212.0460945626147
-83.3646353501091, -212.12259944778546
-83.22081648821131, -212.13894993863408
-82.39898691677331, -212.22229079156799
-82.19698944202548, -212.23679227968512
-82.07522983160891, -212.24557735474428
-81.78575850882044, -212.26252663568
-81.45686010811608, -212.2861170435848
-81.31055872733941, -212.29062784945674
-80.19267636437246, -212.35591212206776
-80.1143766554153, -212.35830101653522
-79.93373254264384, -212.36880076021222
-79.48949921605686, -212.38240768386845
-78.55138960519923, -212.39775973313564
-78.30486788366329, -212.3952294662366
-77.65615050043436, -212.40576475409273
-77.44912383468613, -212.40367560412088
-76.98255767166711, -212.39167291263263
-76.75379536545893, -212.389319317873
-75.64751841732482, -212.3609103177809
-75.38072289156594, -212.3471942230779
-75.37834646947897, -212.3470753459094
-74.95694673489015, -212.32544722278212
-74.87629280639169, -212.31794481615077
-73.76947050482454, -212.24274986198864
-73.56664007882875, -212.22388426363182
-73.12291695023691, -212.19379072906978
-72.82034437365246, -212.1655291278924
-72.17342410619665, -212.09358218486932
-72.06623769289763, -212.08363817298485
-71.19770121071826, -211.987128218975
-70.89879303036503, -211.94632034803357
-70.79813363976666, -211.93263163130308
-70.5052831931082, -211.89266103182695
-70.2896000938614, -211.8568897882817
-70.07863432112742, -211.82458122356414
-69.01430082401987, -211.6617394380255
-68.93979126741874, -211.7454083185735
-68.90084596426573, -211.78504808636822
-68.77911016909684, -211.90854617184365
-68.5223700574386, -212.1627135377612
-68.38236294436297, -212.30476422959873
-68.3591027697513, -212.3240601326738
-68.02320574088253, -212.6567190670398
-68.01680805005026, -212.66214206902134
-68.00511082660614, -212.67368522920907
-67.82594689185419, -212.82266949498285
-67.45392457375522, -213.12640135526232
-67.33121171228663, -213.22847880753113
-67.29160369830424, -213.2561034396118
-66.96546721108245, -213.52214769987935
-66.93445603263217, -213.54369411306203
-66.4421134796529, -213.87996788173535
-66.23281728816073, -214.02593234790265
-66.13686537191154, -214.09283671962152
-66.08357387942726, -214.1242484817398
-65.78971623662267, -214.3250103551953
-65.71785666287951, -214.3674097732322
-65.57181721336474, -214.45163133000693
-65.34034152515665, -214.58820096328077
-64.87144555740815, -214.85876418191765
-64.8087562904758, -214.89580185334066
-64.55502468347026, -215.04215958958693
-64.48578676217505, -215.0768799901109
-64.37038791143334, -215.1347060230402
-64.13901270357371, -215.24780753600555
-63.86101658259986, -215.38726715372934
-63.355445082507, -215.63464673958435
-63.269631173053995, -215.67121293748735
-63.06273040432393, -215.7724375802525
-62.90136366746913, -215.84120476729186
-62.582917246826355, -215.9731837923787
-62.32518543886795, -216.08308759666235
-61.78645597289972, -216.30654372067278
-61.68447305167979, -216.34331697327977
-61.5303093910735, -216.40728102534067
-61.32103681976844, -216.48277842895084
-60.91431632363094, -216.6248588310278
-60.67975955644647, -216.70952740451048
-60.56374322704312, -216.7446364496061
-59.89891785749228, -216.97696209495308
-59.795793767588975, -217.00814520731933
-59.598854325148864, -217.06556701329168
-59.44244973621221, -217.11283006514904
-59.14439913005128, -217.19971140222867
-58.93576069157109, -217.26284345898364
-58.6383195774082, -217.34960945447884
-58.528490456183704, -217.37704310916152
-58.509975783924006, -217.3816456960094
-58.17963652617027, -217.4778472349024
-58.03335614345201, -217.51438787366357
-57.75874676632077, -217.58010886391295
-57.593355746802104, -217.62132141068008
-57.28425932011362, -217.6951757922978
-57.1035660428563, -217.74026889507334
-56.96635434935024, -217.7677565940104
-56.384277857155325, -217.90668592541897
-56.36477869875739, -217.91059077642737
-55.69233131838837, -218.03844845125028
-55.34530086282177, -218.10800756263458
-55.1967549919201, -218.13776623820056
-55.05174564476465, -218.1601928497639
-54.52414110256598, -218.26053442080854
-54.46288461899121, -218.26996161339352
-53.70123207831318, -218.3800588245892
-53.33899493982892, -218.43604536073377
-53.22763848822001, -218.4532329356203
-52.76408944364846, -218.52013726471858
-52.61255192401427, -218.5369020086057
-52.50511816537687, -218.5487577306631
-52.314919431724434, -218.56795115977218
-51.87191492915622, -218.61696967678384
-51.2093426914214, -218.68385048817623
-51.05194463211387, -218.69459692630676
-50.66199757224604, -218.73390599053604
-50.50347547764352, -218.7447323578661
-50.22825980265486, -218.76089164535506
-49.82429551510188, -218.78843513821462
-49.15421812498926, -218.82774411420812
-48.99087091851618, -218.83214097256618
-48.68570599072814, -218.85004260997528
-48.470347037413944, -218.85577408236878
-48.10384823444667, -218.86216383693645
-47.74913922941073, -218.87169494486656
-47.074895725878946, -218.8833507017981
-46.90582957189122, -218.8808729172033
-46.6969101129464, -218.88454971020818
-46.41787751953325, -218.880543564662
-45.95266271878745, -218.8694772008704
-45.65815121212722, -218.86522791961877
-45.54497228124126, -218.85893245891927
-45.48458013090021, -218.85556575144543
-44.70934288744843, -218.83705871848136
-44.3585659004425, -218.81749559834276
-43.78568100398206, -218.78013049132963
-43.56222728947944, -218.76769177650584
-43.38627067212087, -218.7505144021836
-42.73605525158632, -218.70811978262003
-42.721569528260375, -218.70668851237266
-42.69840201984414, -218.70414540312882
-42.281359787236056, -218.66335453864332
-41.61449109568275, -218.5917084938022
-41.471422929466826, -218.57770878897443
-40.964303527034645, -218.5231553960591
-40.78943938515317, -218.50091337940634
-40.62884090684395, -218.4795994775849
-40.52705717167612, -218.46662530228332
-40.52705717167612, -224.3956878082471
-40.52705717167612, -228.14817437454894
-22.99556244567657, -228.14817437454894
-22.155819477721707, -228.14817437454894
-21.708651527350526, -228.14817437454894
-20.73768594608373, -228.14817437454894
-20.31282377323862, -228.14817437454894
-20.31282377323862, -222.89859547341808
-20.31282377323862, -198.80201348587707
-19.001174484859234, -198.80201348587707
-19.001174484859234, -198.80256813799028
-19.001174484859234, -198.80751330513905
-19.001174484859234, -198.8186777676061
-19.001174484859234, -198.8381281968697
-19.001174484859234, -198.86930687536
-19.001174484859234, -198.91817958980567
-19.001174484859234, -198.99550880488346
-19.001174484859234, -199.106372665047
-19.001174484859234, -199.2879730107421
-19.001174484859234, -199.61555702203952
-19.001174484859234, -200.3221500858031
-19.001174484859234, -202.64799039367298
-19.001174484859234, -227.22714712328764
-14.627558002488968, -224.1560365737552
-12.23817777714487, -222.47823724075988
-9.393682438757537, -220.76390893376134
-4.221021689070426, -217.64643546631817
-4.221021689070426, -217.4516155735919
-4.221021689070426, -208.78286864797272
-4.221021689070426, -204.76394596609535
-4.221021689070426, -202.5360052755221
-4.221021689070426, -201.17588614013727
-4.221021689070426, -200.22718252295823
-4.221021689070426, -199.6275938561223
-4.221021689070426, -199.24508221375183
-4.221021689070426, -199.00645710189076
-4.221021689070426, -198.86948731737047
-4.221021689070426, -198.80881816462048
-4.221021689070426, -198.80201348587707
-2.865635060940008, -198.80201348587707
3.111351396702503, -198.80201348587707
3.111351396702503, -198.81191877715685
3.111351396702503, -198.90023237025198
3.111351396702503, -199.09961365824014
3.111351396702503, -199.44697042977785
3.111351396702503, -200.00377691226888
3.111351396702503, -200.8765735007687
3.111351396702503, -202.25756237926245
3.111351396702503, -204.23743192479878
3.111351396702503, -207.48055365418995
3.111351396702503, -213.33073428668507
3.111351396702503, -213.85057740998369
3.4183018995785233, -213.69207333269776
3.5687069884801303, -213.61440667435363
8.419241568536563, -211.46719068631515
10.903454302933255, -210.36748894974426
13.35590606827077, -209.43984699545535
17.98521089473013, -207.68880852982238
18.22940569477464, -207.61045905899516
18.78313048559255, -207.43279743664866
18.78313048559255, -204.56947297996044
18.78313048559255, -202.26454323819397
18.78313048559255, -200.80780825163868
18.78313048559255, -199.8784743215191
18.78313048559255, -199.29872095334244
18.78313048559255, -198.96594502169492
18.78313048559255, -198.8185458423842
18.78313048559255, -198.80201348587707
22.076076984151086, -198.80201348587707
26.115415474705856, -198.80201348587707
26.115415474705856, -198.8216464176675
26.115415474705856, -198.99668970518218
26.115415474705856, -199.3918763904387
26.115415474705856, -200.08036011190785
26.115415474705856, -201.18398678803834
26.115415474705856, -202.9139264137315
26.115415474705856, -205.14665293489975
30.286668298426093, -204.03556760824176
32.40598726191763, -203.47105035111144
35.23749855634048, -202.86434382679897
39.80253267207388, -201.88619622513488
40.166046374278494, -201.82567337031128
40.89556827049478, -201.70421234271433
40.89556827049478, -200.48731412879
40.89556827049478, -199.57965572472338
40.89556827049478, -199.0586637174136
40.89556827049478, -198.8278964442977
40.89556827049478, -198.80201348587707
46.05098560417639, -198.80201348587707
48.22785325960808, -198.80201348587707
48.22785325960808, -198.830997019581
48.22785325960808, -199.08940840090085
48.22785325960808, -199.67281116181962
48.22785325960808, -200.53071468799078
52.46827302951169, -200.01377290147974
54.600964068558255, -199.7537804536505
57.45637999520113, -199.526241288079
62.202892779495755, -199.14800652786926
62.48278708989892, -199.13706802979553
63.00809415205663, -199.11653860110064
63.00809415205663, -198.83724708346426
63.00809415205663, -198.80201348587707
70.02598974100465, -198.80201348587707
70.3403791411697, -198.80201348587707
70.3403791411697, -198.83772732499204
73.27879502899032, -198.80961254022833
74.07300996699576, -198.80201348587707
74.07300996699576, -196.57406198837919
74.07300996699576, -195.428811620054
74.07300996699576, -193.65044045659965
74.07300996699576, -192.95649182775443
74.07300996699576, -183.84359368607238
84.86974883782841, -185.18298599300465
86.8729977599645, -185.43149956986144
98.99156694779163, -186.93721640125918
99.79665429972647, -187.03785046237348
99.7966548432571, -186.93026675309255
99.7966548432571, -163.99052637841874
99.6921198388726, -163.97731137279567
99.30091539824332, -163.9278592693282
97.13697481074576, -163.6544609956427
99.30091539824332, -162.32398771807777
99.79665486247654, -162.01923679304775
99.79665487343141, -161.82360828679907
99.79665487343141, -146.80523115960625
99.59145350533277, -146.9313755064884
99.29868227406337, -147.1113531945512
99.1392646872572, -147.20934976286966
86.8729977599645, -154.74973687454894
86.8729977599645, -122.4741151351091
86.8729977599645, -85.65206536575987
99.1392646872572, -95.73849676761725
99.29868227406337, -95.86958382721275
99.79665487343141, -96.27906735773516
99.79665531449461, -96.1044952732389
99.79665531449461, -77.801285436364
99.33866548457388, -77.42467889115049
99.79665429972647, -77.46184419416883
99.79665449457241, -77.35732126150172
99.79665449457241, -54.76882068126965
99.69348273615947, -54.760448368856046
99.29868227406337, -54.728410877093985
97.01719331660513, -54.54328545853331
99.29868227406337, -52.57753693751053
99.79665420674917, -52.14848995353993
99.79665623660992, -51.91909578623347
99.79665623660992, -33.02220655010885
99.59930805641966, -33.192239145528234
99.29868227406337, -33.45125519922928
99.1392646872572, -33.58860441616112
86.8729977599645, -44.15693291947081
86.8729977599645, -3.387407654285311
86.8729977599645, 43.12501898482606
99.1392646872572, 32.55669048151638
99.29868227406337, 32.41934126458453
99.79665623660992, 31.990292615464103
99.79665420674917, 32.17069521763012
99.79665420674917, 51.116499724949875
99.62572454942472, 51.263770499930516
99.29868227406337, 51.54554670892047
97.01719331660513, 53.51129522994325
99.29868227406337, 53.69649562842234
99.79665449457241, 53.736906746624896
99.79665429972647, 53.840728652582804
99.79665429972647, 76.43000655346941
99.69348273615947, 76.4216341375524
99.33866548457388, 76.39284125045107
99.62554768708503, 76.62874497871367
99.79665531449461, 76.7694470748589
99.79665487343141, 77.00703883457638
99.79665487343141, 95.24715244207418
99.59145350533277, 95.07841553272792
99.29868227406337, 94.83766989256802
99.1392646872572, 94.70658283297253
86.8729977599645, 84.62015143111513
86.8729977599645, 116.89579098906073
86.8729977599645, 153.71786108687684
99.1392646872572, 146.17743643842383
99.29868227406337, 146.07943860289302
99.79665487343141, 145.77331624394523
99.79665486247654, 145.92412050622966
99.79665486247654, 160.9873602491434
99.6203746054315, 161.09572565698423
99.30091539824332, 161.29210931414076
97.13697481074576, 162.62243262007996
99.30091539824332, 162.89598086539118
99.7966548432571, 162.9586504120358
99.79665429972647, 163.06370419598483
99.79665429972647, 186.00586005925908
99.7094335733932, 185.99515043304643
99.68456217046855, 185.9917290931883
98.99156694779163, 185.9052261726691
86.8729977599645, 184.39950934127137
84.86974883782841, 184.15100770472
74.07300996699576, 182.81167975142762
74.07300996699576, 191.92453141367122
74.07300996699576, 192.61847650309988
74.07300996699576, 194.39683859614746
74.07300996699576, 195.54208312323607
74.07300996699576, 197.770023257287
70.3403791411697, 197.805844024064
70.3403791411697, 197.770023257287
63.80570147265166, 197.770023257287
63.00809415205663, 197.770023257287
63.00809415205663, 197.80536234468732
63.00809415205663, 198.08456007352447
62.202892779495755, 198.11601629927918
61.35017374507947, 198.1839668124593
54.600964068558255, 198.72179022506043
48.22785325960808, 199.498789868917
48.22785325960808, 198.64082093322955
48.22785325960808, 198.05741817231078
48.22785325960808, 197.79909356803793
48.22785325960808, 197.770023257287
43.28714275857317, 197.770023257287
40.89556827049478, 197.770023257287
40.89556827049478, 197.7959837095951
40.89556827049478, 198.02667348882352
40.89556827049478, 198.5476654961333
40.89556827049478, 199.45539310319924
40.89556827049478, 200.67223343716321
39.80253267207388, 200.8542059965448
38.70758178744677, 201.08883187513172
32.40598726191763, 202.43913641646668
26.115415474705856, 204.1147070450604
26.115415474705856, 201.88200337545695
26.115415474705856, 200.15199655944826
26.115415474705856, 199.04842237568528
26.115415474705856, 198.35988616184864
26.115415474705856, 197.9646994765921
26.115415474705856, 197.78971497031034
26.115415474705856, 197.770023257287
22.768665790763407, 197.770023257287
18.78313048559255, 197.770023257287
18.78313048559255, 197.78660511186752
18.78313048559255, 197.93395479310485
18.78313048559255, 198.26673072475236
18.78313048559255, 198.84652829532033
18.78313048559255, 199.7758180230486
18.78313048559255, 201.2326095887364
18.78313048559255, 203.5375157399508
18.78313048559255, 206.40084535503124
17.98521089473013, 206.65685644820496
17.32739278957058, 206.90567670280137
10.903454302933255, 209.33553686812684
3.9710789344316026, 212.40437018190883
3.5687069884801303, 212.58249273970887
3.111351396702503, 212.81866574730367
3.111351396702503, 212.2988188909337
3.111351396702503, 206.44859205045282
3.111351396702503, 203.20546502799002
3.111351396702503, 201.22559191564042
3.111351396702503, 199.8446171713259
3.111351396702503, 198.9717866836788
3.111351396702503, 198.41500668486304
3.111351396702503, 198.06762342965007
3.111351396702503, 197.8682421416619
3.111351396702503, 197.7799582051275
3.111351396702503, 197.770023257287
1.4228160112301111, 197.770023257287
-4.221021689070426, 197.770023257287
-4.221021689070426, 197.77684830932003
-4.221021689070426, 197.8374970887804
-4.221021689070426, 197.97446687330068
-4.221021689070426, 198.2131101787612
-4.221021689070426, 198.59560362753223
-4.221021689070426, 199.19521558220495
-4.221021689070426, 200.14390948956867
-4.221021689070426, 201.5040310752619
-4.221021689070426, 203.7319754020384
-4.221021689070426, 207.75092982760603
-4.221021689070426, 216.41973900479582
-4.221021689070426, 216.61455967864606
-12.23817777714487, 221.44636145308777
-19.001174484859234, 226.19523938525504
-19.001174484859234, 201.61601875491937
-19.001174484859234, 199.29016912166873
-19.001174484859234, 198.5835709837545
-19.001174484859234, 198.25598438501603
-19.001174484859234, 198.07438374293255
-19.001174484859234, 197.9635196830434
-19.001174484859234, 197.88619125941656
-19.001174484859234, 197.83731664676992
-19.001174484859234, 197.80613945124725
-19.001174484859234, 197.78668753901601
-19.001174484859234, 197.77552307654898
-19.001174484859234, 197.77057957003527
-19.001174484859234, 197.770023257287
-19.095724932022904, 197.770023257287
-20.31282377323862, 197.770023257287
-20.31282377323862, 203.01961580623663
-20.31282377323862, 227.11626043990418
-20.46111366967932, 227.11626043990418
-21.99319366569921, 227.11626043990418
-22.669599158342407, 227.11626043990418
-23.961753285634472, 227.11626043990418
-24.50419830295209, 227.11626043990418
-25.496344081986535, 227.11626043990418
-25.944300260339787, 227.11626043990418
-26.77072045152329, 227.11626043990418
-27.146887481876206, 227.11626043990418
-27.84589090620807, 227.11626043990418
-40.52705717167612, 227.11626043990418
-40.52705717167612, 221.1871979339404
-40.52705717167612, 217.43471136763856
-40.688063766336654, 217.45521119102955
-40.7895773021329, 217.46865346063197
-41.10872195632328, 217.5029750301337
-41.38604469295399, 217.53825755652028
-41.802125822653466, 217.58304362983753
-41.816523241585514, 217.584594814624
-42.044271215955405, 217.60687917747757
-42.713343785358006, 217.67230119325083
-42.73669923234729, 217.6745845815784
-43.13807736480453, 217.7007572077447
-43.48899430460051, 217.72362700457637
-43.773244709898904, 217.75142859736715
-44.13587804277881, 217.77165907464519
-44.70963962075746, 217.8036188615028
-45.179127775618326, 217.81479965908497
-45.27844901838921, 217.82032734207277
-45.464957928338436, 217.83075265086416
-45.95258687852174, 217.83779056018318
-46.23169326337825, 217.84441684401546
-46.69698694530075, 217.8510851262191
-46.82168585066779, 217.84891583298645
-47.1051420262944, 217.85302819835633
-47.505007796479845, 217.8461022030528
-48.103769526926726, 217.83005986288964
-48.31943283526755, 217.82631350880567
-48.68554702471113, 217.81653643927524
-48.86421966070941, 217.80607866907792
-49.14324438825338, 217.79860365226205
-49.53282660049149, 217.77573519657668
-50.22801518571771, 217.72830385173262
-50.386870207896436, 217.71897504107287
-50.661586987318174, 217.70020524644104
-50.88557194977602, 217.67761974476093
-51.15948891862138, 217.65898251117795
-51.537219388143285, 217.62086632176928
-52.314329191725164, 217.53486402161775
-52.422036445221465, 217.5240067418812
-52.61178947469239, 217.50301203502576
-52.88027967691937, 217.47332454969083
-53.14147514313743, 217.43559257242757
-53.33950905401673, 217.40502980700083
-53.987425475922805, 217.30494892992536
-54.412599158472176, 217.24353269102892
-54.52283214059025, 217.22649071165515
-54.814745676731945, 217.17094951684552
-55.076523899691665, 217.13056168561684
-55.3456543017852, 217.07659919045008
-55.97823976520931, 216.94980884655823
-56.346747727878665, 216.87975557345987
-56.38248299449526, 216.87262264902944
-56.69876185016892, 216.79705410500947
-56.95090283835805, 216.7465711110715
-57.28425932011362, 216.66333132602148
-57.45107975746282, 216.62348563302663
-57.75764785925742, 216.54706361303616
-57.90521570822216, 216.51177076886083
-58.177517400445254, 216.44381417453275
-58.35424985075383, 216.39231247876478
-58.51277369120544, 216.34608202974604
-58.67108891358771, 216.29993011289244
-58.775400683399425, 216.26951256994073
-58.80990990826422, 216.26091486580296
-59.014947950586475, 216.2097830081787
-59.406352165807675, 216.09134005665976
-59.701376788568496, 216.00212952637594
-59.896651600232644, 215.94312420213345
-60.245718526203405, 215.82112811223334
-60.45797724703925, 215.74694876060252
-60.678343848451505, 215.68026260464956
-61.125858533339056, 215.51873847969372
-61.52789434798444, 215.37366064246433
-61.607840919141154, 215.34051316177252
-61.80458689952479, 215.26959925730793
-62.08260261383532, 215.15431847782335
-62.58252522257101, 214.94111059791288
-62.74581018406616, 214.87341112304517
-63.06065887036357, 214.73922778158774
-63.166330014242135, 214.6875257274392
-63.33435340717176, 214.6159135822905
-63.59128997651726, 214.490228585504
-64.1386123830332, 214.2157315880632
-64.25553038478813, 214.15854034223315
-64.48397701694921, 214.0439848889079
-64.61176627095244, 213.97027439652794
-64.74910469201438, 213.90143466978236
-64.9840864181266, 213.76586638350037
-65.05703366113596, 213.7237986606359
-65.18157404438773, 213.65026973644106
-65.64391054696193, 213.3774099361392
-65.78807976480437, 213.29241881880196
-65.93412551933181, 213.19262510191479
-66.17785537090742, 213.02617640423946
-66.28491400992527, 212.9630801166951
-66.47805303827329, 212.828359431097
-66.90103755238692, 212.53344472189724
-66.96401335677194, 212.4897137358776
-67.12420115745192, 212.35901258752926
-67.30619889366073, 212.21043501119505
-67.38670358612865, 212.15424038507277
-67.63665930898583, 211.9463672409844
-68.00353234111935, 211.6412076434107
-68.00923048502443, 211.63557190430393
-68.02236368508431, 211.6245163378056
-68.18561901093574, 211.46285749731464
-68.3099932870224, 211.33970319303296
-68.35776867202435, 211.300092803273
-68.64596505447423, 211.00768118729198
-68.89765320854463, 210.75228539377562
-68.97834604914658, 210.67022676583036
-69.01430082401987, 210.62990179732606
-69.52413680777727, 210.70788136937588
-69.62436588963703, 210.72321880940953
-70.07390228318377, 210.79779674083773
-70.68848836870075, 210.88157191414888
-70.90086577282659, 210.91052002144593
-71.31013030201234, 210.95599717861168
-71.94329002977804, 211.0423726993232
-72.24460737921515, 211.07588326002818
-72.47338161698838, 211.09718253565055
-73.12437367526718, 211.15785247144242
-73.3291779662701, 211.1717687522854
-73.76901883973187, 211.2127413894915
-74.27442181248318, 211.24707687828655
-74.45041102867822, 211.26345637161992
-75.37639045462754, 211.31099049724307
-75.38164340981905, 211.31125302107577
-75.87913465557108, 211.32401726883097
-76.46996845000513, 211.35436489929265
-76.6774189804296, 211.35969495825768
-77.18935712809662, 211.3649764452022
-77.65638669479517, 211.36969403332694
-77.94194141459445, 211.36504331160768
-78.50249395771903, 211.37083137707938
-78.91083274186633, 211.36420300698785
-79.9332480129375, 211.33284039200691
-80.0111463313549, 211.32828613512575
-80.19279784234197, 211.32271489126256
-80.67076953222147, 211.2947834350067
-80.79370567013768, 211.28760603245826
-81.13496707000843, 211.277180475486
-81.90750265801785, 211.2216926668483
-82.19574795647566, 211.20093662841987
-82.67622944549328, 211.166421856408
-83.02058371652276, 211.13153905153442
-83.36513817427124, 211.09229276144936
-83.67830095627062, 211.06055842940745
-84.42853904625974, 210.97503860396517
-84.57295954393078, 210.95397053818357
-85.00338979843889, 210.90495829908298
-85.49321921867102, 210.83351506925925
-86.51103519704247, 210.67315450325353
-86.61588714112952, 210.65659263525842
-87.00510579185664, 210.5816421171485
-87.37915007650088, 210.52271286453575
-87.97984158487964, 210.40056831451318
-88.19707940490855, 210.35874953839843
-88.74219502174583, 210.2478527734057
-89.05788932952294, 210.18363960828583
-89.25946809936158, 210.13478406393472
-89.46611615853726, 210.08271350332274
-89.83966112832127, 209.99219383571477
-90.79295030449043, 209.75160403422134
-90.8267699146378, 209.7415805021921
-90.91824145058047, 209.71849183104646
-91.30709559736135, 209.603248362601
-91.47134034754492, 209.5618786090255
-92.32224465368756, 209.30180442019642
-92.4411619050403, 209.26656161112388
-92.75345817670996, 209.17117934416123
-93.0067979290269, 209.08093204689976
-93.25911498701339, 208.99106984960113
-93.46135553798092, 208.92931884427512
-93.93827699614906, 208.75542785361557
-94.60995840356009, 208.5107694934955
-94.7135756651079, 208.46690948069346
-94.87207157567548, 208.40915122063814
-95.90966881232498, 207.96181390039783
-96.2708017334262, 207.80890453598565
-96.34966358187535, 207.77496168524672
-96.62729660575417, 207.63583845853543
-96.74951673680744, 207.5830846661634
-97.40061167372448, 207.25223634568968
-97.54865212706613, 207.17810565686852
-97.95997792743765, 206.9689528300751
-98.09855048659972, 206.8867687608846
-98.34390146377848, 206.7413080653847
-98.43133242882959, 206.69702589384957
-98.739386249772, 206.5123655883686
-99.43020919844889, 206.09836880494285
-99.69365443099025, 205.91260068164118
-99.77062913536531, 205.85834827037925
-99.82526283410323, 205.82562945010895
-100.52848754632134, 205.32629241049776
-100.74946700873659, 205.16929150917295
-100.89097978566792, 205.04933071906459
-101.0452934932365, 204.91859733885414
-101.07090680987551, 204.90047292246288
-101.45897683708017, 204.570641248403
-101.90897048559702, 204.18835671680418
-101.95460460025163, 204.14105962114797
-102.13092505313762, 203.9582543388884
-102.1593608944761, 203.92866232751535
-102.15981584397787, 203.92829290158156
-102.29407880350539, 203.78965055643596
-102.81597275702825, 203.25000452331687
-102.88037915741825, 203.1831718366859
-102.89728413749185, 203.1616121570662
-103.01814048496874, 203.00384470913855
-103.38174701668709, 202.5339982871353
-103.59922754980073, 202.2528775567306
-103.68263740396924, 202.14394663058252
-103.71034385749488, 202.0971771365235
-103.75709624334979, 202.0163684329763
-103.90069840479703, 201.7736813683016
-104.19996845115759, 201.26890566484758
-104.31084876767648, 201.07736189998104
-104.34227609406457, 201.002491400688
-104.34265486088566, 201.00156340708998
-104.3438019495826, 200.99881035020346
-104.42268138337545, 200.80211013860742
-104.67235356263245, 200.2068820939769
-104.73046341885674, 200.06936145254835
-104.76231966318221, 199.9900435921938
-104.78850501142949, 199.88532864757136
-104.81588883710151, 199.76619134579173
-104.90778379778646, 199.4037243527393
-104.99765848692607, 199.04862280905112
-105.03441142102986, 198.88819095600476
-105.04590521269267, 198.75345120427363
-105.04884120250279, 198.71344722146114
-105.05941598251104, 198.59131715187428
-105.07409271855681, 198.38870760292303
-105.12697172245748, 197.770023257287
-105.12697172245737, 181.52109354995662
-105.12697172245737, 177.31706610396668
-112.76006594688704, 177.31706610396668
-143.52662992558237, 177.31706610396668
-143.52662992558237, 175.68158782049056
-143.52662992558248, 170.7152365751581
-145.6650292353246, 170.52569362389644
-146.21072243112962, 170.47732459462063
-149.92708158573862, 170.14791479781434
-149.92708158573862, 168.2989819054313
-149.92708158573862, 157.14933386519715
-152.85324952662677, 156.89127083059154
-158.95074268230508, 156.35601632493118
-158.95074268230508, 169.0466758197774
-158.95074268230508, 169.35284658028326
-159.08225822985514, 169.3412774728855
-163.5872028531977, 168.94504317463313
-174.57964133355858, 168.02344000081547
-182.88808530767733, 167.35032156803197
-182.87215941353577, 150.2433681203182
-182.81581169401318, 144.60521252234852
-174.00673261459235, 145.3550178106578
-169.4383488096205, 145.71058495531398
-168.42134428105112, 145.79645147994324
-169.1585009085967, 145.4835877825045
-169.15803341986748, 145.17778366885724
-169.16962346665525, 128.6891749646979
-163.28757087117037, 131.18569734670987
-156.32661771855123, 134.13995733931824
-156.32661771855123, 117.76175909641805
-156.32661771855112, 98.12623968795107
-163.28757087117037, 99.94551584748956
-167.092485589352, 100.9400481960965
-169.16962346665525, 101.4829369164382
-169.16244000561903, 88.7404058007629
-169.16531654841265, 87.03845350434781
-165.49667293456082, 86.0795868444745
-163.85957670292612, 85.65172186568545
-165.49667293456082, 85.50304925835042
-166.4238311529407, 85.42013753407211
-166.90059638331036, 85.3755521964239
-176.94143424979825, 84.52481146082802
-182.79565707388736, 83.99352205584887
-182.7967933005491, 73.80303800370861
-182.79946522998205, 61.27019289729296
-172.73688504214817, 62.13545457478209
-164.4839010063837, 62.833875172061475
-161.15419340214487, 63.13142767623231
-164.4839010063837, 60.6617279088839
-168.1792551919043, 57.920722239041545
-169.16994803146952, 57.18590948685218
-169.17750291390678, 38.13052680345675
-169.17198274109694, 34.28457238609801
-163.28757087117037, 38.64933391979208
-156.32661771855123, 43.812351138146376
-156.32661771855112, 23.65287121574616
-156.32661771855123, 8.76356971788325
-156.32661771855112, -26.285211702379847
-156.32661771855112, -44.844265072791124
-163.28757087117037, -39.681247854436826
-167.31242092848572, -36.69577709957397
-169.17198274109694, -35.31648632074276
-169.1664907207628, -54.88049291190585
-169.16994803146952, -58.21783196172398
-164.4839010063837, -61.693676800354794
-161.15419340214487, -64.16334161087705
-164.4839010063837, -63.865789106706224
-172.73688504214817, -63.16736850942684
-182.79946522998205, -62.30210683193771
-182.79799974808418, -74.66831114274082
-182.79565707388736, -85.02547558551282
-173.09479276477964, -85.88211313416826
-172.32302575508834, -85.94252390053333
-165.49667293456082, -86.53499057284917
-163.85957670292612, -86.68363580033018
-165.49667293456082, -87.11150077911924
-168.46245429559406, -87.88667222709363
-169.16531654841265, -88.07037663289506
-169.16244000561903, -89.77231973540763
-169.16962346665525, -102.51485085108294
-163.28757087117037, -100.9774297821343
-156.32661771855112, -99.1581536225958
-156.32661771855123, -118.79371462830244
-156.32661771855123, -135.17194756790832
-163.28757087117037, -132.2176436653714
-167.092485589352, -130.60272095054185
-169.16962346665525, -129.72114653491528
-169.15803341986737, -146.20977250693258
-169.1585009085967, -146.51557713860421
-168.42134428105112, -146.82844170853332
-169.05849250992117, -146.77502191306732
-169.4383488096205, -146.74257518390405
-182.81581169401318, -145.637183056647
-182.82111050400874, -156.3772796999505
-182.88808530767733, -168.38224124578
-163.5872028531977, -169.9770259957126
-159.08225822985514, -170.37319161764725
-158.95074268230508, -170.38475961640782
-158.95074268230508, -157.69406287310917
-158.95074268230508, -157.3878939096437
-152.85324952662677, -157.92324035479325
-149.92708158573862, -158.18128594681457
-149.92708158573862, -160.03020798706032
-149.92708158573862, -171.17979058548644
-146.21072243112962, -171.5092446816199
-145.6650292353246, -171.55762021560648
-143.52662992558237, -171.7471886567755
-143.52662992558237, -176.71351120532563
-143.52662992558237, -178.34898003861144
-138.27963746380067, -178.34898003861144
-105.12697172245748, -178.34898003861144
-105.12697172245737, -193.48575498508418
-105.12697172245737, -198.80201348587707
-105.10966574931649, -199.00447456078476
-105.06482788160645, -199.6233951218137
-105.06136512550142, -199.6633852558517
-105.05239876554128, -199.78551974731954
-105.04863445842989, -199.82963618928943
-104.93647688559884, -200.3192475807945
-104.90701170048237, -200.43569573685363
-104.87685239428254, -200.5546368970113
-104.79344146844744, -200.9175699751284
-104.78483886346896, -200.95197964974108
-104.68791656291125, -201.19325771879187
-104.66880917489209, -201.23847800016077
-104.5865663679424, -201.43456370370026
-104.34733637372676, -202.03113686845708
-104.34695760963189, -202.0320458877831
-104.34581047143149, -202.03479897554402
-104.33543128284202, -202.05951544445753
-104.00031522504742, -202.6384722979725
-103.9011576386921, -202.8057291236089
-103.85345504108466, -202.88631742588373
-103.71278906661814, -203.12944451011117
-103.703571135826, -203.14502339348516
-103.45320990108144, -203.4719958130223
-103.3806803199227, -203.565750337824
-103.2590064452371, -203.7229674314905
-102.8983463240969, -204.1938583427629
-102.89266895482251, -204.20108927516696
-102.80838526151433, -204.28868538244845
-102.78673422895338, -204.31118107403475
-102.61069076066417, -204.4932051083565
-102.08932925211798, -205.03374156711368
-102.04373018138551, -205.080828450712
-102.04357554725641, -205.08094444362175
-101.90912090863685, -205.2202985851563
-101.75586842532596, -205.35048173124798
-101.30457322415907, -205.73289954345233
-101.17141929303011, -205.84608065556475
-101.16260952900632, -205.85231909803588
-100.7505091558836, -206.20156787058286
-100.67434275883909, -206.25570115475415
-100.45213241064891, -206.412371651089
-100.20812323207076, -206.58562335135053
-100.18908129203783, -206.5970174980464
-99.43182752004827, -207.1310098289759
-99.18942875894959, -207.27630071241188
-99.0806974557604, -207.341467184549
-99.04976524881886, -207.3571403517811
Holes:
Exterior:
146.626188898083, -58.56899066367421
143.49545939508357, -58.31494047963558
107.560241192425, -55.398828652224246
107.56024119242534, -59.247591677016196
107.56024119242522, -78.09186527336261
146.626188898083, -81.26209063926014
147.59961521622006, -81.34108393540443
156.90076956131776, -82.0958702259642
163.52650922001692, -82.6335473053346
198.93735847484072, -85.50702610269468
199.444408892777, -85.54815301224424
199.44258896964084, -85.54925878832695
198.93735847484072, -85.85987947949192
189.4408523565633, -91.69769718603999
157.1594270177792, -111.5423559821797
147.814770220902, -117.28673943802549
147.59961521622006, -117.1098144548366
146.626188898083, -116.30935849539367
143.67254109052226, -113.8805707845758
107.560241192425, -84.18530766773368
107.55986385898109, -88.44994810760612
107.5598638589812, -102.66276409051065
134.95664644160513, -125.19117364212705
132.1578870198714, -126.9116609513865
107.55986385898109, -142.03291927754745
107.56014177753138, -144.73986068114567
107.56014177753138, -157.2467728758168
144.61550492279144, -134.46764743205446
145.54380464473013, -133.89699944779113
147.59961521622006, -135.58759042974805
156.90076956131776, -143.2358648395235
163.52650922001692, -148.68421780268048
197.099438189652, -176.291256039588
187.3636217242364, -175.0604874752157
156.90076956131776, -171.2095123709075
147.59961521622006, -170.03366381592537
146.626188898083, -169.9106106667174
143.50453770073955, -169.51598816920057
107.560241192425, -164.97198093631826
107.56024119242511, -166.63002229708584
107.56333085804158, -174.8165944258921
142.7416440778195, -179.2048579310699
146.626188898083, -179.68829461760322
147.59961521622006, -179.81007036785292
156.90076956131776, -180.97654353555924
163.52650922001692, -181.81122353083435
207.24421543742204, -187.33498850788274
207.26366780025313, -187.33842564589736
210.375805377152, -187.73275384232238
210.375805377152, -190.9118258539238
210.375805377152, -194.336910336463
210.60531967040657, -194.36616612799986
210.9448638348312, -194.40958271696599
214.98882756477758, -194.92496873966948
215.09189118806972, -194.93814513461504
216.96241916038502, -195.17729195049793
216.9625082140035, -195.17730333599425
216.9636604773449, -197.0548243113432
216.9636604773449, -201.78371310774756
222.22651776889808, -202.46517842308987
228.2563392974742, -203.23145370653114
240.40735380768774, -204.78925268094264
247.97927687596098, -205.7917597445894
247.95706624692798, -200.91824247193483
247.94675277255715, -195.79446542905043
247.95010416188296, -183.01223925497888
246.70834491785808, -182.848085784442
244.625072955277, -182.57268914505676
235.47227162245912, -181.36272888409337
230.02257222186597, -180.6423024846619
230.02257222186597, -90.80417732641625
230.0225702958594, -88.0402453909052
241.0885280128809, -88.93906446626829
247.95005344432542, -89.4963835977507
247.957475766789, -79.77025926750822
247.9660347231973, -66.92590398484944
242.9673087281074, -66.53436430734871
239.00172948589892, -66.25354146171108
238.99551495371668, -66.0988582685075
238.98415424889146, -66.08716520263201
238.98425745828598, -66.07451359400247
236.82468728737405, -65.89910511026906
230.0225702958594, -65.34661135770207
230.0225702958594, -1.5114014223126007
230.0225702958594, -0.5159569673223738
230.0225702958594, 63.31910263917458
230.0225702958594, 64.31454483516671
230.21162785825885, 64.32990080776047
238.98425745828598, 65.04244707146711
238.98415424889146, 65.05514663170476
238.99551495371668, 65.06694433386276
239.00172948589892, 65.22162752706635
244.5566466770556, 65.66029522820092
247.9660347231973, 65.89395283478994
247.957475766789, 78.73830172983502
247.95005344432542, 88.46439336916065
230.67940415698223, 87.06160570086035
230.0225702958594, 87.00825516231515
230.02257222186597, 89.77218935684552
230.02257222186597, 179.61046258494315
235.47227162245912, 180.33086135430636
237.95992643590517, 180.65970581607834
244.625072955277, 181.540775210412
246.14189523328355, 181.74128275074085
246.70834491785808, 181.8161665687387
247.95010416188285, 181.98030846254053
247.94675277255715, 194.76249660643964
247.97927687596098, 204.75980152232188
244.75492534092143, 204.32824254489725
240.40735380768774, 203.75730990862465
233.27530366588076, 202.86394082032862
222.22651776889802, 201.43322634147245
217.90555116592793, 200.8841261578618
216.9636604773449, 200.75170640551733
216.9625082140035, 199.81201770415663
216.9625082140035, 194.1453894013495
216.96241916038502, 194.14537801585317
215.09189118806972, 193.90623119997028
214.98882756477758, 193.89305480502472
210.94486383483115, 193.37770509478133
210.60531967040657, 193.3342883935756
210.375805377152, 193.3050345487909
210.375805377152, 189.87991049826016
210.375805377152, 186.70080176070496
207.24421543742204, 186.30303642626532
196.7009204036026, 184.9753687245262
156.90076956131776, 179.94465438715108
147.59961521622006, 178.77808013926284
146.626188898083, 178.65631496772122
142.7416440778195, 178.1728708780423
107.56333085804135, 173.78457252191134
107.56333085804135, 172.126074323948
107.56024119242511, 163.9400986788973
146.626188898083, 168.87868967960057
147.59961521622006, 169.0017498812806
156.90076956131776, 170.17756474286878
163.52650922001692, 171.01516804103855
197.099438189652, 175.25934210494324
187.3636217242364, 167.25356185596695
156.90076956131776, 142.20391275790607
147.59961521622006, 134.55560381526476
145.54380464473013, 132.8650473661737
144.61550492279144, 133.43570204001765
141.6402046802363, 135.26472791577717
107.56014177753127, 156.2148835128396
107.5598638589812, 152.7033865736603
107.5598638589812, 141.0009877330426
134.95664644160513, 124.15918341353701
132.1578870198714, 121.85777240748568
107.55986385898109, 101.63083254600572
107.56024119242511, 98.49733410077872
107.56024119242511, 83.15345708753661
146.626188898083, 115.27744808698495
147.59961521622006, 116.07788967787153
147.814770220902, 116.25482550338076
157.1594270177792, 110.51034103732226
163.52650922001692, 106.59627244603644
198.93735847484072, 84.82800884488191
199.44258896964084, 84.51740962912666
199.444408892777, 84.51631537154482
198.93735847484072, 84.47515546808467
189.05055945481945, 83.67285947556452
156.90076956131776, 81.06395629131947
147.59961521622006, 80.30910093502793
146.626188898083, 80.23010746314213
143.67254109052226, 79.99042543745345
107.560241192425, 77.0600017536677
107.56024119242511, 73.21125166837358
107.56024119242511, 54.366914717579505
146.626188898083, 57.53707672902946
147.59961521622006, 57.61607002517375
156.90076956131776, 58.37078892894559
163.52650922001692, 58.908457101158604
198.41299035922333, 61.73952972144516
198.77271699824576, 61.76874151900575
198.41299035922333, 61.40040387845648
188.97160481910373, 51.73353116303446
157.16860333288128, 19.170961579834874
147.89487886348013, 9.675693423302626
147.658634265057, 9.8792489326916
147.59961521622006, 9.930121436858835
146.626188898083, 10.768814803820268
143.49545939508357, 13.466203531989052
107.560241192425, 44.42749822563664
107.56025813638041, 40.30957192851314
107.56025813638041, 25.30127536915587
137.34400222239344, -0.3600037457768008
137.52500581660513, -0.5159569673223737
137.34400222239344, -0.671915565638212
134.3180469198909, -3.279022469770668
107.5602581363803, -26.33318930380074
107.56024119242511, -29.577035282128175
107.56024119242522, -45.459488454226545
146.626188898083, -11.80079797993829
147.59961521622006, -10.962104437235341
147.82240201534148, -10.77015179243121
147.89487886348013, -10.707683651892687
157.16860333288128, -20.2028844699182
163.52650922001692, -26.712626673646962
198.41299035922333, -62.43231781310123
198.77271699824576, -62.8006554536505
198.41299035922333, -62.77146005799758
188.56928529397396, -61.97264542501173
156.90076956131776, -59.40270286359034
147.59961521622006, -58.6479839598185
146.626188898083, -58.56899066367421
Holes:
210.375805377152, -36.611587993105054
210.375805377152, -52.80347832962706
207.24421543742204, -49.59707906558524
199.291145271694, -41.45407052472972
159.30799531855826, -0.5159569673223737
164.39018238270256, 4.687605864918221
207.24421543742204, 48.56516513094049
210.375805377152, 51.77156439498231
210.375805377152, 42.592041321838586
210.375805377152, 27.031794764121027
210.375805377152, -36.611587993105054
210.375805377152, 93.0104254789667
207.24421543742204, 94.93553735378073
199.11604221675157, 99.93220171218034
158.401928424027, 124.96061316207216
163.52650922001692, 129.1745588118834
207.24421543742204, 165.12371402585643
210.375805377152, 167.69884100631043
210.375805377152, 150.02947988439814
210.375805377152, 93.0104254789667
210.375805377152, -151.06147011298822
210.375805377152, -168.7308312349005
207.24421543742204, -166.1556772604637
199.11604221675157, -159.47191267607357
158.401928424027, -125.99264153763487
163.52650922001692, -122.84236647712093
207.24421543742204, -95.96750058838799
210.375805377152, -94.04241570755674
210.375805377152, -151.06147011298822
