Exterior:
-101.76092307795889, -175.95784235709954
-101.76097891624869, -175.96834704185096
-101.76102872730647, -176.05749492777994
-101.76102872730647, -177.01805099686825
-97.39890721607946, -177.68289095211534
-68.68550008396704, -182.05924869115722
-68.68538582876613, -163.8117425360181
-68.68534997009104, -159.94316125722685
-64.44626848141652, -159.94316125722685
-60.898528490396615, -159.94316125722685
-60.898528490396615, -159.18009151522057
-60.898528490396615, -158.94721367634932
-60.898528490396615, -158.34304834218779
-53.860152046755275, -158.34304834218779
-53.860152046755275, -157.36549735316282
-53.860152046755275, -142.34306360097685
-54.832922734870465, -142.34306360097685
-60.898528490396615, -142.34306360097685
-60.898528490396615, -128.9331554374758
-60.898528490396615, -107.14309717031279
-53.860152046755275, -107.14309717031279
-53.860152046755275, -106.16554618128782
-53.860152046755275, -91.14311242910185
-54.832922734870465, -91.14311242910185
-60.898528490396615, -91.14311242910185
-60.898528490396615, -77.73317520037989
-60.898528490396615, -55.94306970449247
-53.860152046755275, -55.94306970449247
-53.860152046755275, -54.96552337679831
-53.860152046755275, -39.94316125722685
-54.832922734870465, -39.94316125722685
-60.898528490396615, -39.94316125722685
-60.898528490396615, -26.533224028504886
-60.898528490396615, -4.743118532617471
-53.860152046755275, -4.743118532617471
-53.860152046755275, -3.765562882261704
-53.860152046755275, 11.256942502538779
-54.832922734870465, 11.256942502538779
-60.898528490396615, 11.256942502538779
-60.898528490396615, 24.66685066603984
-60.898528490396615, 46.45690893320284
-53.860152046755275, 46.45690893320284
-53.860152046755275, 47.43445992222781
-53.860152046755275, 62.45689367441378
-54.832922734870465, 62.45689367441378
-60.898528490396615, 62.45689367441378
-60.898528490396615, 75.86680183791484
-60.898528490396615, 97.65686010507784
-53.860152046755275, 97.65686010507784
-53.86015204675522, 98.63441575543361
-53.860152046755275, 113.65692114023409
-54.832922734870465, 113.65692114023409
-60.898528490396615, 113.65692114023409
-60.898528490396615, 127.0668147711247
-60.898528490396615, 148.8568494239255
-53.860152046755275, 148.8568494239255
-53.860152046755275, 149.83440507428125
-53.860152046755275, 164.85691045908175
-54.832922734870465, 164.85691045908175
-60.898528490396615, 164.85691045908175
-60.898528490396615, 165.46099597221883
-60.898528490396615, 166.2240111390755
-60.898528490396615, 166.45690893320284
-68.68534997009104, 166.45690893320284
-68.68538582876613, 170.32550409482815
-68.68550008396704, 188.57308518613146
-96.58576836936058, 184.32061927385095
-101.76102872730647, 183.5318260794266
-101.76102872730647, 182.57129149111893
-101.76097891624869, 182.48214359757154
-101.76092307795889, 182.4716389102142
-101.76084422447155, 182.39437293858805
-101.7608025468679, 182.37241357742778
-101.76068350420817, 182.30821692481283
-101.7605652026794, 182.2748275810902
-101.7604039291503, 182.22396346793585
-101.76031028973387, 182.19450809204275
-101.76025930599454, 182.17992504823687
-101.75996427646274, 182.1108040896752
-101.80848866079515, 164.97723411508412
-101.80836788113018, 164.9417520248418
-101.80819476336444, 164.84848629855492
-101.80806561037215, 164.79761722437877
-101.80781951817727, 164.71786827077878
-101.80765927101234, 164.65098494642427
-101.8074628626974, 164.58583328311474
-101.80741034947062, 164.5557071223247
-101.80724235359784, 164.50348142258383
-101.80693217991836, 164.41790887638444
-101.80670788210807, 164.3567990925189
-101.80645201525763, 164.2831119208275
-101.80622038275729, 164.2123785105379
-101.8059853195276, 164.15156812577638
-101.80564455260455, 164.0717416589577
-101.80540956378479, 164.02359825568018
-101.80533577826384, 164.00695714174336
-101.80501431840949, 163.93615537231514
-101.80475983812164, 163.8792850428965
-101.80434990859465, 163.80660604135616
-101.80410478020175, 163.75908875824987
-101.80369503797269, 163.68397855149905
-101.80348023432808, 163.64598908795983
-101.80300228851215, 163.56908174978946
-101.8027952560216, 163.5399192187508
-101.80273733646786, 163.52500212267668
-101.80227680803233, 163.46269773713678
-101.80203274454863, 163.42483379488718
-101.80153572695517, 163.3649306047184
-101.80130431298187, 163.3342440815965
-101.80078497052844, 163.27627157410794
-101.80061073823487, 163.25260626926027
-101.80006038731531, 163.19686499577315
-101.77168822255607, 159.91958255200674
-92.96234496971982, 161.21001626134998
-92.87620707958453, 161.22259414503142
-92.78360819378531, 161.23614162658544
-92.47892502198201, 161.2806744813264
-92.34684396202672, 161.30002962821598
-92.01446036175278, 161.34870683613266
-91.83393168456391, 161.37518141536464
-91.4714877851242, 161.42835729352242
-91.23545496534553, 161.4630011909066
-90.83423782278044, 161.52195229429014
-90.73608644216029, 161.53636243138405
-90.5407415629526, 161.56509000223193
-90.00779223607802, 161.6434678119832
-89.73452536523592, 161.68366902641534
-89.17235611926975, 161.76641820630334
-88.80142394238177, 161.8210781345628
-88.20898662439143, 161.90830577220294
-87.72354134600394, 161.97988037887896
-87.08967790805949, 162.073280114535
-86.93567950325146, 162.09596176919084
-86.47864075636633, 162.16338584503248
-85.68197987318177, 162.28090367741854
-85.04019307601942, 162.37557634748222
-84.25172717860485, 162.49194816523283
-83.37824945899888, 162.62089670937246
-82.60961800370848, 162.73437125093727
-81.45855316537364, 162.9043021123478
-80.70985263280329, 163.0148946209456
-80.2607549136078, 163.08121729718823
-79.24226014431369, 163.23168488683376
-78.12511474857459, 163.39672196262165
-76.68539486185753, 163.60947193988648
-76.50023157500007, 163.63683403649603
-76.50023157500007, -95.26792119558871
-76.49881641838428, -135.00078673901155
-76.50023157500007, -157.12301006657472
-76.68539486185753, -157.09564796996517
-78.12511474857459, -156.88300640320168
-79.24226014431369, -156.71789565590385
-80.26075491360783, -156.56746025640453
-80.70985263280329, -156.5010377523994
-81.45855316537364, -156.3904781424265
-82.60961800370848, -156.2205777679453
-83.37824945899891, -156.1071317374474
-84.25172717860485, -155.97818094788397
-85.04019307601942, -155.86175237756092
-85.68197987318177, -155.76705319317512
-86.47864075636633, -155.64956187511117
-86.93567950325146, -155.58221238007985
-87.08967790805946, -155.55950545550004
-87.72354134600394, -155.46605640895766
-88.20898662439143, -155.39448180228163
-88.8014239423818, -155.30727651140793
-89.17235611926975, -155.25263791890515
-89.73452536523592, -155.1698661184756
-90.00779223607802, -155.12964384206188
-90.5407415629526, -155.05126603231062
-90.73608644216029, -155.02257776989327
-90.83423782278047, -155.00808929661798
-91.23545496534553, -154.9491961540578
-91.47148778512422, -154.91449614093972
-91.83393168456391, -154.86137549895537
-92.01446036175278, -154.83488286621136
-92.34684396202672, -154.7862229369537
-92.47892502198201, -154.76683343431648
-92.78360819378531, -154.72230105952548
-101.77168822255607, -153.40576924874776
-101.79972965354989, -156.64946107472943
-101.79987533353972, -156.66573340807972
-101.80006038731531, -156.68304102585185
-101.80061073823487, -156.7387994516417
-101.80078497052844, -156.76243898774223
-101.80130431298187, -156.82043754203153
-101.80153572695517, -156.851124162322
-101.80203274454863, -156.91100982496587
-101.80227680803233, -156.94887376721547
-101.80273733646786, -157.0111871593988
-101.8027952560216, -157.02608622096702
-101.80300228851215, -157.05526684772354
-101.80348023432808, -157.1321742913912
-101.80369503797269, -157.17013613695366
-101.80410478020175, -157.24527410743536
-101.80434990859465, -157.2927914481156
-101.80475983812164, -157.3654800024781
-101.80501431840949, -157.4223409318671
-101.80533577826384, -157.49313317182205
-101.80540956378479, -157.50977428575888
-101.80564455260455, -157.55792736836133
-101.8059853195276, -157.6377636836922
-101.80622038275729, -157.69855454061658
-101.80645201525763, -157.7692978454998
-101.80670788210807, -157.8429751225976
-101.80693217991836, -157.90407488688828
-101.80724235359784, -157.98966754581247
-101.80741034947062, -158.0418831524034
-101.8074628626974, -158.07201947596275
-101.80765927101234, -158.13717118991264
-101.80781951817727, -158.20404430085748
-101.80806561037215, -158.28380357628942
-101.80819476336444, -158.3346623286336
-101.80836788113018, -158.4279280549205
-101.7598026542426, -175.57524890386625
-101.75996427646274, -175.59701826672656
-101.76025930599454, -175.66614981618528
-101.76031028973387, -175.6807434753788
-101.7604039291503, -175.71015639657284
-101.7605652026794, -175.76105241250215
-101.76068350420817, -175.79443110186418
-101.7608025468679, -175.8586063519369
-101.76084422447155, -175.8805764050941
-101.76092307795889, -175.95784235709954
Holes:
Exterior:
109.49791277381081, 428.5300179917523
109.48525235222189, 428.53426471584436
109.47296768678154, 428.53838539889756
109.46236323084042, 428.54194248411875
109.45199606740107, 428.5454199735874
109.44298463637665, 428.5484427055688
109.43411861015568, 428.5514166639705
109.4263664236434, 428.5540170036982
109.41869758912452, 428.5565893844108
109.41195804483516, 428.55885005044803
109.40525926453438, 428.5610970428954
109.39934612285487, 428.5630805061674
109.39308059641144, 428.56518217094293
109.2081963686777, 428.62553095876115
108.98542269524006, 428.68809366529774
108.96638672665108, 428.69401830071007
108.21177418160408, 428.90599764136664
108.15426080320174, 428.92387884410596
107.8205971238682, 429.0175934954095
107.78183663068103, 429.0271208560383
107.7431870008649, 429.0366140833938
107.30431649300226, 429.1362814720226
107.26744065352153, 429.1453431538807
107.23335260209245, 429.15204570999106
106.30448652061398, 429.36305295697423
106.29125926788441, 429.3656556063927
105.62500395608134, 429.4839704430692
105.5502964389475, 429.4986688027987
104.80428296441062, 429.6311448382576
104.74851201474075, 429.63955089873724
103.84728433564192, 429.75744304233643
103.8409417548122, 429.75839844531964
103.77388301552008, 429.7685067018034
103.22801546864247, 429.8398800293395
103.16459540624345, 429.8466744650257
102.87293303891568, 429.8717779460067
102.8452881453199, 429.8747412750778
101.99847258778368, 429.94771953564884
101.95546414265453, 429.95232696176765
101.62266315218676, 429.98096700773635
101.58376220731719, 429.9832551382847
101.5511522905436, 429.98517031662476
101.0324637999675, 430.00733084932574
100.981842160616, 430.01030656042894
100.01580976901653, 430.0516004258354
99.95528659914157, 430.0551594146611
99.93124318353193, 430.05543139155776
99.92009175677583, 430.055558827167
99.84605099203793, 430.0563931602546
99.10144367003915, 430.05639595830934
99.06948577667703, 430.0567546472383
98.32607056704069, 430.05676056840286
98.28304627826122, 430.0554785298853
97.32008089158677, 430.0143046656364
96.80455847607976, 429.99226843516936
96.79304097805868, 429.991926088809
96.70139248176946, 429.9891912062952
96.6518734055482, 429.9856629375446
96.3211283991813, 429.9571883159606
96.2865444830361, 429.9547230959608
95.44610707281174, 429.8823031256524
95.38301964470332, 429.8778121980679
95.0941017966224, 429.8529448204337
95.068750835213, 429.85007441023885
95.03854399253692, 429.8466481827119
94.49819103597105, 429.775996306663
94.44020771995582, 429.7694307890255
93.54985622379218, 429.6529559731721
93.51666701995026, 429.64920066953545
93.46179236838856, 429.6406056402291
93.45463894842413, 429.6394850740584
92.71944759712449, 429.5089071981582
92.63695755617175, 429.4959801125443
91.98118208524835, 429.3795518654063
91.9119511029416, 429.36552405986316
91.00067535080632, 429.15847015476436
90.57106301153567, 429.060901961749
90.5552668251753, 429.0576988532144
90.49611766975147, 429.0457177787997
90.46872923042707, 429.0388053052966
90.42160454330133, 429.02692787704393
90.09480470670474, 428.93514089797065
90.05724987520966, 428.925667602404
89.31912720186438, 428.7183503351617
89.29046639785588, 428.71112387098304
89.23609054836925, 428.694514431643
89.01850238063781, 428.6334026086771
88.9943112642897, 428.6260080386725
88.50134525405923, 428.45842867140016
88.44279167466749, 428.44053136408917
87.72125202507397, 428.19530573940784
87.64289593289834, 428.16676161071285
87.64032188021218, 428.16582197617544
87.00676035019256, 427.9083240727198
86.95671704879032, 427.8900932801189
86.45264809360691, 427.6853165726951
86.4275006242429, 427.6744920545608
86.36983955756887, 427.6496785358453
85.62419526899237, 427.2898471816398
85.31671824077961, 427.14145506881584
85.29935241844095, 427.13398470714503
85.27596759045309, 427.1239177763108
85.2275467495981, 427.09936726906903
85.19187201201021, 427.08129486364004
84.91944516726579, 426.9253080031568
84.88687430953445, 426.9087956521969
84.33340973217679, 426.59187474298585
84.26683845300249, 426.5520557279699
84.13088946776509, 426.4742044367847
84.11494944561872, 426.46467136229853
83.74010909095392, 426.2089984994447
83.71440211457752, 426.1936243122222
83.22599465180667, 425.8604173679965
83.20490262996788, 425.8454811093468
83.14704420620131, 425.80449405411656
82.70277259954696, 425.43994041195344
82.38811225110487, 425.1816940522928
82.38713077110918, 425.18099962202473
82.36882852903454, 425.16804000569465
82.33270391475475, 425.1374503029509
82.29500381774852, 425.10551817568546
82.19062942119439, 425.000735031821
82.17735004527538, 424.98949108339286
81.80351413578927, 424.6139950494208
81.75717817205077, 424.5662984446352
81.58579062402185, 424.39419778706946
81.56503200204082, 424.3728265189475
81.398164417803, 424.1618987349625
81.08999541128162, 423.77230903671546
81.02950117763595, 423.69580915815374
81.02216593005204, 423.6882515420389
81.00784654830068, 423.66981675794466
80.97013165706011, 423.6212428596257
80.9627204397936, 423.6116960330534
80.76952258997147, 423.28937073539464
80.76625868625405, 423.28516006589115
80.74497907865197, 423.24926982177135
80.52010040199178, 422.8744839974861
80.49231018617837, 422.82758051445074
80.30966009495222, 422.3908535607608
80.19471447391334, 422.1155867372002
80.19411937753193, 422.1145922283802
80.17160273388669, 422.06084314645267
80.15819696532179, 422.0288853957333
80.15753339220527, 422.02627363221626
80.12445498715408, 421.8899603723332
80.12013184724083, 421.87285075732325
80.01928244475874, 421.4572869549514
80.00611245744676, 421.40508423695604
80.00249992620468, 421.3907704836222
79.96129390115198, 421.2206947967275
79.96068021570267, 421.21359901809336
79.9412984342568, 420.96668319653827
79.93865566591688, 420.9356177638946
79.90599259113259, 420.5174678422093
79.90148982015029, 420.4648587623044
79.89081124232445, 420.4647905285803
79.8059698006191, 420.4628932547606
78.72393597824993, 420.4396505811965
77.94181531567517, 420.4228062297282
77.88590619385928, 420.42249608155265
77.8030186667969, 420.4199596561875
77.70231021653262, 420.41688372460357
77.33507630818957, 420.3934397547244
77.29182498057173, 420.3921120265048
76.15975797688395, 420.3197392110635
76.00723014028745, 420.30893492795065
75.65934807572705, 420.28668597036744
75.61360697575992, 420.2834419792653
74.85157530898579, 420.2024462367387
73.79753575757462, 420.0904442961755
73.7542486943762, 420.08737482750786
73.69517440088305, 420.0806825204098
73.5538800136643, 420.0646532854116
72.45009128216304, 419.89890583226276
71.78010462880098, 419.7983179907549
71.77456449218687, 419.79769469377527
71.7384852294685, 419.79360500144617
71.62883936779417, 419.77632254076656
71.53716633420208, 419.7618763257233
71.16221409623518, 419.6882857973395
71.12314226516952, 419.6821270722628
70.10230822067041, 419.48186684721065
69.94724438058108, 419.45021391413223
69.62225264483436, 419.38639972243936
69.57700507119256, 419.377153275191
68.91153861633296, 419.21382604902647
67.92216204555774, 418.97104853192485
67.88474949273473, 418.9634114253113
67.82690349008146, 418.94872161623374
67.6890004120994, 418.913702702163
67.68679039407567, 418.91314065858165
66.77389829497508, 418.64042786022054
66.1078585306318, 418.4414638528883
66.07221218615763, 418.4324105465772
65.9752858805013, 418.4025618179695
65.87934203218595, 418.37301237480676
65.6347880016371, 418.2855317000944
65.60101557264613, 418.2751307302393
64.72728244975121, 417.96270354213783
64.59690075378052, 417.9147767815518
64.2216628861321, 417.78060945532815
64.16682977495395, 417.76044132617074
63.701472827122075, 417.5631382572989
62.76957115635014, 417.16821480201054
62.73707513331158, 417.15627202131265
62.69880708677721, 417.1396372013167
62.57805240948386, 417.08713966382896
62.560750905591306, 417.07962226827965
61.91383982718145, 416.7561259975201
61.267958446838236, 416.4331777623374
61.237446255189525, 416.4199118073556
61.168899268219036, 416.38482387393907
61.07191523182286, 416.33516393124495
60.28392275407077, 415.8704302671762
59.891755311501015, 415.6389961592476
59.86367951780335, 415.6246261626056
59.76996127820394, 415.56810355896084
59.71030807877884, 415.5321420938213
59.44342196092515, 415.34562252717495
59.419028137836506, 415.3309122812139
58.798854591158545, 414.89731633285464
58.62562432379809, 414.77616834353194
58.60685520631628, 414.7627784979129
58.51175430482908, 414.6949165324874
58.485099436216245, 414.6759115762513
58.090651495374544, 414.34582599866377
57.55166366282887, 413.89471929299975
57.53151413624303, 413.88033387145873
57.48827654738639, 413.84349159732966
57.40471905103473, 413.7722298997968
56.92518437298571, 413.2837963747099
56.60370555689829, 412.95629209475794
56.58840550443256, 412.94325611894664
56.52670953192546, 412.8793281852551
56.47639928975636, 412.82720680137004
56.35090527192145, 412.66731003083595
55.957163143630424, 412.1657214235869
55.8128961674706, 411.98196783851415
55.802533699673006, 411.97123502900274
55.7294245441262, 411.8766528253752
55.70665409966148, 411.8472340098362
55.50920353038828, 411.51836908659897
55.50329192779725, 411.51071189169005
55.476714569972216, 411.4659010996358
55.16389861561993, 410.94493982247354
55.11431740039461, 410.86125857429016
55.102615690401194, 410.84193108612146
55.10077926003268, 410.8388228827363
54.88166253709437, 410.3234660788165
54.72374117974681, 409.95185249406677
54.721223045914655, 409.9476211399332
54.68811847417547, 409.8688921910772
54.66291887955856, 409.8089586328036
54.61955654701816, 409.6394189936121
54.47859557739065, 409.08818837716666
54.432889117020466, 408.90976304650655
54.432443668503936, 408.9086973483187
54.42576157404093, 408.88238798787165
54.40318585891981, 408.7933424496027
54.39611872640026, 408.76550373242833
54.396033831245575, 408.7645009090719
54.36345683264332, 408.3841187247079
54.35821323962176, 408.32263921884737
54.31289728834665, 407.79749984378344
54.305634107259664, 407.7125928321286
54.30446404552043, 407.6990287830776
54.304355857807394, 407.6977746069974
54.304296892307775, 407.69709104398294
54.30415369333332, 407.69543099661246
54.30407401995967, 407.6945073756514
54.30387556794216, 407.6922068022629
54.30376199887101, 407.6908902422895
54.303468766607295, 407.68749092012155
54.303293963168244, 407.68546449506914
54.302817110167496, 407.67993653250466
54.302513894412726, 407.67642147579176
54.30160436962751, 407.66587772550434
54.30151423421279, 407.664832822363
51.79572616001789, 407.664832822363
51.39386074253926, 407.664832822363
51.39386074253926, 392.0686883089784
51.39386074253926, 391.66484808115206
54.30151423421279, 391.66484808115206
54.30151423421279, 388.48672677771367
54.30151423421279, 382.95161354763627
54.30151423421279, 362.63374303964815
20.22472789816075, 356.5459524727304
-3.2984308341466146, 352.34355901865206
-3.2984308341466146, 346.665867751059
-3.2984308341466146, 342.7126500462068
-3.2984308341466146, 338.75976537851534
-3.2984308341466146, 329.5412760951209
-3.2984308341466146, 310.13175939707
-3.2984308341466146, 245.19985941649003
-3.2984308341466146, 214.3606564917966
-3.2984308341466146, 201.75878537264902
-3.2984308341466146, 175.22556280283175
3.1418130491553313, 176.31710001361802
11.052820981175472, 177.6778319054987
16.18354970781178, 178.5485123506466
36.49690058649742, 182.1858282722736
54.30151423421279, 185.41217779306612
54.30151423421279, 176.79965268915555
54.30151423421279, 170.09572979239246
54.30151423421279, 155.34718572953204
54.30151423421279, 148.64326283276898
54.30151423421279, 133.89470278657183
54.30151423421279, 127.19081185648221
54.30151423421279, 112.44225181028506
54.30151423421279, 11.260849081600389
54.30151423421279, 3.375419245739333
54.30151423421279, -13.142874177597479
54.30151423421279, -21.020453292075107
54.30151423421279, -37.53882184193234
54.30151423421279, -45.416400956409966
54.30151423421279, -61.93473194300698
54.30151423421279, -69.8122359309642
54.30151423421279, -77.93468028838262
54.30151423421279, -94.45301127497962
54.30151423421279, -102.33059038945726
54.30151423421279, -105.92845000399966
54.30151423421279, -120.6770420168703
54.30151423421279, -127.38090098028644
54.30151423421279, -142.12949299315704
54.30151423421279, -148.83338392324669
54.30151423421279, -163.5819439694438
54.30151423421279, -170.28583489953343
54.30151423421279, -178.89839197011747
36.45843106938645, -175.6647210578382
16.144947963177316, -172.02748382998342
11.053371561290504, -171.1636578010088
3.1418130491553313, -169.8033062652193
-3.2984308341466146, -168.71170068593779
-3.2984308341466146, -181.3136086561457
-3.2984308341466146, -207.8469088158206
-3.2984308341466146, -238.68611174051404
-3.2984308341466146, -303.61801172109404
-3.2984308341466146, -312.8364764371149
-3.2984308341466146, -332.24594140859404
-3.2984308341466146, -336.1987816713308
-3.2984308341466146, -340.1520659836151
-3.2984308341466146, -345.8297731957034
21.584662610299148, -350.27510141670126
54.30151423421279, -356.11991906972685
54.30151423421279, -362.61744639183354
54.30151423421279, -363.43003713682305
54.30151423421279, -363.8936765719184
54.30151423421279, -365.08612015790567
54.30151423421279, -365.793788103222
54.30151423421279, -367.7123356208783
54.30151423421279, -368.92327617775015
54.30151423421279, -372.5142995812121
54.30151423421279, -375.04578720371563
54.30151423421279, -384.1077551639436
54.30151423421279, -385.1510622582034
51.79572616001789, -385.1510622582034
51.39386074253926, -385.1510622582034
51.39386074253926, -400.7471324033048
51.39386074253926, -401.15097070546904
54.30151423421279, -401.15097070546904
54.30160436962751, -401.1520172777847
54.302513894412726, -401.1625778711237
54.302817110167496, -401.1660985429432
54.303293963168244, -401.1716353361188
54.303468766607295, -401.17366499827193
54.303761998870954, -401.177069750667
54.30387556794216, -401.17838841377136
54.30407401995967, -401.1806926621972
54.30415369333332, -401.1816177585911
54.304296892307775, -401.18328045779447
54.304355857807394, -401.1839651127626
54.30446404552043, -401.185221292319
54.304509484582354, -401.1857488903156
54.30563410725958, -401.19880700918
54.350558089110336, -401.72403666248397
54.357882855918774, -401.80892968984404
54.39032954299816, -402.18935743007944
54.39559327028027, -402.2508029972334
54.39611872640026, -402.2569114287045
54.40350418012383, -402.28573173359644
54.44724872529574, -402.45808304737636
54.587052993377, -403.00948350345055
54.60979254235406, -403.098418170219
54.65118520351416, -403.261427061348
54.653944865751896, -403.2680636364386
54.660934790014466, -403.2953879690404
54.81733952295272, -403.66734323957326
54.84276765472558, -403.72718004757775
55.04838679652582, -404.21618539073853
55.064036034276654, -404.2424895590666
55.099234075208415, -404.3252906702877
55.11067288388651, -404.34461836048325
55.112551404678726, -404.3477105411995
55.42165001636246, -404.86936526256454
55.471742401806125, -404.9527900699764
55.63791030205013, -405.23302795801624
55.674889685799144, -405.28086766709
55.70643296258635, -405.3334047875003
55.84908894552609, -405.51777849359394
56.30779910282354, -406.11115172596266
56.372901077616206, -406.17870418056134
56.39584411370299, -406.20794232901244
56.458378021689214, -406.2875933795738
56.478283236636145, -406.31294999177845
56.79581651335411, -406.64181321055554
56.8466874250399, -406.6936425388266
57.236634289652926, -407.0976962314952
57.33345435438693, -407.1802791351928
57.40894176782618, -407.25716614939813
57.94107237321157, -407.71098410671425
58.02548788363356, -407.7816300016907
58.30123953824864, -408.01659407703113
58.429873615082585, -408.10845371582013
58.49134217526358, -408.1598962036428
58.662627094746, -408.2819201756093
58.689578840028446, -408.3007636329843
59.30177392685721, -408.7377017254129
59.39767660042304, -408.8047584308721
59.518640075469534, -408.8910858763808
59.55979354750133, -408.9198466866609
59.717915786667504, -409.0152338630405
60.105814814112875, -409.24900083566075
60.1660385794782, -409.28455039955554
60.776700921707175, -409.6528380063845
60.959999716258096, -409.7466859779352
61.08000249189263, -409.8174367354398
61.719084411368385, -410.1446588457912
61.81679803976249, -410.19352546612066
62.26940244237443, -410.4251990497215
62.471194204808114, -410.51296017818447
62.56830913971129, -410.5615264554636
62.683775202798984, -410.6116931936159
62.823221359097374, -410.6707753687219
63.63015236356961, -411.02167690783466
63.886544383726005, -411.1329932156913
64.10451827256622, -411.2131258178173
64.17328981808521, -411.2422872338992
64.54509050605645, -411.37909829286116
64.60030497742429, -411.39883006128287
65.48912930148083, -411.725509331679
65.61660675061893, -411.77109877141044
65.84870774988804, -411.84264936142597
65.88423944916133, -411.8553638494631
66.54605609165623, -412.0591843986304
66.64230739534344, -412.08793664785185
67.31261628011481, -412.29435484422805
67.5596879708998, -412.3571024656124
67.69022490759016, -412.39609681087774
67.70571546675916, -412.399969359559
67.84676003695006, -412.434587538341
68.81467846062105, -412.68034437369744
69.22205668616408, -412.78389643705464
69.48596507567879, -412.83779709220624
69.57930709616136, -412.8607007198767
69.90267083026782, -412.9267109897238
69.94805093446985, -412.93561686654
71.06244988656493, -413.1631613577577
71.20349762250214, -413.1908338101703
71.487136586757, -413.23551692481817
71.53867097530986, -413.24562638751894
72.20735756609253, -413.3509621487344
72.2989079625741, -413.3647159694622
73.1009921121393, -413.4912069530307
73.36560479947155, -413.5211662742885
73.40626740528535, -413.5257460673556
73.55516041995304, -413.54809390205514
74.60811865108644, -413.66753892852824
74.74865894857442, -413.68248615497754
75.19000179106496, -413.73261953687836
75.51399863995596, -413.755491826344
75.61454356420239, -413.7661732180083
75.96214934206313, -413.7907884997097
76.00781615088238, -413.7937089557872
77.17401097211746, -413.8763114102807
77.32087873258547, -413.88570289613534
77.65542372753356, -413.8960463766463
77.7027812404819, -413.8990691130671
78.48589771045567, -413.923012785412
78.5860296150721, -413.9251654317716
79.2322627567674, -413.9448712136653
79.66929829774205, -413.9473895135622
79.80596980061904, -413.95033001184095
79.81665596277946, -413.9505690169522
79.90148982015018, -413.9511110863284
79.93727160143595, -414.3691751180554
79.94138086939, -414.4217684349612
79.96238982723156, -414.66865664726583
79.96482752448549, -414.69973284724193
79.96970707697602, -414.75611846350444
79.97488872417608, -414.777501383517
80.00362378318925, -414.89142544230515
80.10841517785116, -415.3067966473357
80.12108021617416, -415.35898027998945
80.15551572881941, -415.49523084512896
80.15966744577747, -415.5123396110157
80.16495485705383, -415.5331502570031
80.27180211657242, -415.78786193052275
80.45138917637956, -416.21661963802774
80.45613762290861, -416.2244897313586
80.47052803630123, -416.2589468997537
80.493378195927, -416.3135785429047
80.71573220545207, -416.68889359691065
80.74379157921385, -416.7356536642032
80.9144977619161, -417.02360213931803
80.94069339429507, -417.0573329258138
80.9647404072893, -417.0974561874712
81.02431930546612, -417.1742027897135
81.32777497172594, -417.56496011244565
81.4431055081181, -417.71357161539584
81.50220953005714, -417.77438264499926
81.50970449255254, -417.7838605243083
81.54785135920827, -417.8320855499851
81.56848354328525, -417.8581736143229
81.73650729990891, -418.0312221163581
81.75765449590489, -418.0524530812048
82.13367870004083, -418.43955252482385
82.17961519775986, -418.4856981564934
82.28780871569177, -418.5773104424485
82.30060892223372, -418.5901605228892
82.60831919855104, -418.8507529578056
82.9035977092501, -419.1007166105243
83.05335810078412, -419.2068561017668
83.06139222604605, -419.21257602797385
83.09972064529319, -419.2440194905567
83.15373822972003, -419.2883473927896
83.63064268163112, -419.6261103951628
83.80476781676884, -419.749413298808
83.86372391472867, -419.7896321831822
84.076941314745, -419.9172279873824
84.12202074136087, -419.94797911723623
84.25472215605845, -420.0273398175773
84.27103501012346, -420.03669755135473
84.82674330085024, -420.3690150273087
84.89275943061477, -420.4068019766921
85.16636273634066, -420.5455164168378
85.19872365889461, -420.5640369746666
85.49945301170726, -420.7164455620966
85.908322790922, -420.92374444415947
86.10607306342678, -421.0088278817545
86.25304559131035, -421.0721368431422
86.28921700154729, -421.08961289389515
86.3767131447903, -421.1318308253864
86.86954849741244, -421.34380271705146
87.0848507467988, -421.4364736001815
87.14348994364968, -421.460296911544
87.57433410394225, -421.6173063915985
87.64758214766596, -421.64707891795103
87.66988083314612, -421.65521839117594
88.34980810185363, -421.9028932896132
88.4324842513542, -421.9309936904119
88.94502684766121, -422.0875975746985
89.0011122858918, -422.10665823814395
89.21409413841661, -422.17196225150394
89.238764101541, -422.17888311615076
89.71915050993982, -422.32554805849855
89.9727990638433, -422.3894474950018
90.05578836170633, -422.4127570784223
90.3906653450228, -422.49730036833864
90.4272125414899, -422.5075645343868
90.84933700210956, -422.6139842975918
91.09506197441806, -422.6758942733256
91.62672049629174, -422.78368640354273
91.76893096261756, -422.8125320138251
91.81634664331136, -422.823307187068
91.91660229670435, -422.8460847915195
92.54817842441139, -422.9740456037887
92.61966628129079, -422.98672797093616
93.37897173533122, -423.10566521215264
93.458326061511, -423.11976172319805
93.52472525115297, -423.13016185444064
94.03477707312896, -423.21011152724407
94.3438651927637, -423.24509752612084
94.43885224504635, -423.257524147146
94.98420920958011, -423.31934748144835
95.0413826799151, -423.32682565912216
95.32742647617454, -423.35919644741654
95.56778669881726, -423.38626952428234
95.59815229273585, -423.38888725053704
96.19905215774287, -423.4318161939179
96.28666831158165, -423.43935126923094
96.61932812958042, -423.46299351793584
96.65360868012772, -423.4659585887272
97.13228827147378, -423.4999880458072
98.02107784096245, -423.52660718432435
98.13303619139026, -423.5300078104319
98.18563513007615, -423.5322624777342
98.28354420220847, -423.53644041196975
98.70808804683583, -423.5491197155882
98.78307034539256, -423.54912031587094
99.101194173468, -423.5455174929015
99.17580859659745, -423.5455177732846
99.91996674096697, -423.5371230583646
100.0322722547258, -423.5357341684131
100.2746145665198, -423.53302452194305
100.88587511276882, -423.4972357208041
100.98071389735912, -423.4931877073356
101.49815422445238, -423.4627313114715
101.54864132280562, -423.4605660850684
101.884343496263, -423.44066678310315
102.28550189448174, -423.41726810312423
102.31759556176053, -423.414493393643
102.76345787274056, -423.36657187109387
102.84453231603413, -423.35959793099573
103.13405345422046, -423.3285971621658
103.16182174402678, -423.32620332366076
103.82946082122169, -423.25473424735276
103.88097913840124, -423.24799580239966
104.5931402032964, -423.14066388431047
104.66062119005318, -423.13046574656215
104.74471422620559, -423.11946382702286
105.34453202791855, -423.0290807693176
105.41344341087097, -423.016841719762
106.22586453678139, -422.85697722623013
106.28668377823408, -422.8461853820777
106.4318635816523, -422.81765169996174
106.51621001059237, -422.79849042865527
106.89454305676787, -422.724049449866
107.30457135050654, -422.6232920787645
107.3439629251078, -422.61434006121874
107.77660569114391, -422.50813598931165
108.21136822766078, -422.4011937065084
108.24098309635832, -422.39287645234435
108.89007228298732, -422.1910875588415
108.9564050525716, -422.17245213486825
109.17346755555076, -422.1048889504558
109.19295861670827, -422.0994204841067
109.49933039704194, -422.0004054889353
109.51495054675974, -421.9954413129137
109.53337829078777, -421.9895848668048
109.55275361915113, -421.98342727278623
109.57589445435377, -421.9760729784096
109.60056248001331, -421.9682333338677
109.63048724872209, -421.9587230652749
109.66295579185066, -421.9484043701174
109.70315368421484, -421.9356292420298
109.74780771309156, -421.92143792738676
109.80464942500288, -421.9033732949477
109.86990612169569, -421.88263433054453
109.95637685664315, -421.85515341923775
110.06067021423058, -421.82200837298035
110.20788668072817, -421.775222108689
110.37237605061904, -421.72294641347685
110.54172982750362, -421.66077343872274
110.56356867757216, -421.65275598378935
110.69473032062376, -421.5994612294642
111.83416804280654, -421.13647485585966
111.85734310226769, -421.12528953542426
112.13104563169287, -420.9931884506032
112.13104563169287, -421.0423614078967
112.13104563169287, -421.1335296178462
112.13104563169281, -421.13890976094774
116.25607003661133, -419.76903023896364
118.53384455647841, -419.0126040062503
122.77131561868612, -417.8279790263406
126.91137462080121, -416.67058650608334
126.91137462080121, -415.73487809347563
126.91137462080121, -415.43107159530217
126.91137462080121, -415.0985988381229
126.91137462080121, -413.87301711974624
126.91137462080121, -413.3219394285891
126.91137462080121, -413.1994697759855
128.37735155538815, -412.91344625439814
128.5850377937831, -412.87292505117216
130.05620974802827, -412.51331048902426
130.48582514729873, -412.40829492421904
131.6804527222268, -412.05232358630707
132.30345210042373, -411.8666842064456
133.2419525953443, -411.53165990482506
134.02540644612685, -411.2519838890628
134.73244183297055, -410.952638944295
135.6400152107753, -410.5683901390628
136.14342266209303, -410.3166735772713
137.1360631844081, -409.8203280052737
137.46620713080023, -409.62539867115925
138.50355586018935, -409.01290918203154
138.6920600256401, -408.88090362775836
139.7330327889003, -408.15193200918
139.81192454574347, -408.0857322839371
140.81617793050185, -407.24304223867216
140.81675279521636, -407.2424542991957
140.82536105815, -407.2336502493474
140.82536105815, -407.2456213463168
140.82536105815, -408.3525678193547
140.82536105815, -409.2553605240359
140.82536105815, -409.97311629845177
140.82536105815, -410.5297515895631
140.82536105815, -410.950280196901
140.82536105815, -413.1084154775531
145.87605113661743, -411.9274379981962
152.2165532967128, -410.44487024160185
154.20632411842797, -410.06393373998395
155.60551385393887, -409.796062467007
155.60551385393887, -405.78175886245566
155.60551385393887, -405.17540780266245
155.60551385393887, -404.542281882307
155.60551385393887, -403.8965029731857
155.60551385393887, -402.6037021088813
155.60551385393887, -401.8080244450634
155.60551385393887, -401.3633068065875
155.60551385393887, -401.20299267470284
155.60551385393887, -401.15426401140945
155.60551385393887, -401.15097070546904
157.95594353599597, -401.15097070546904
169.5196764846072, -401.15097070546904
169.5196764846072, -401.15817921647533
169.5196764846072, -401.2648383341006
169.5196764846072, -401.6157398917058
169.5196764846072, -402.58915446346634
169.5196764846072, -403.07052484931734
169.5196764846072, -403.5476766749815
169.5196764846072, -406.0249705088193
169.5196764846072, -406.1584050602788
169.5196764846072, -406.2861966718513
169.5196764846072, -406.405775193401
169.5196764846072, -407.1322318501221
171.05370567408397, -406.838545910796
173.2352300545253, -406.42089868398466
179.24843624909187, -405.520194120153
184.29982928039607, -404.76355737599573
184.29982928039607, -403.6809476425453
184.29982928039607, -403.59399804167685
184.29982928039607, -403.57315103283565
184.29982928039607, -403.5065344300789
184.29982928039607, -402.09468727683793
184.29982928039607, -401.883883916452
184.29982928039607, -401.33053314592064
184.29982928039607, -401.16233809621804
184.29982928039607, -401.15097070546904
184.31295947878328, -401.15097070546904
184.5082397755989, -401.15097070546904
185.16423275084543, -401.15097070546904
185.39941738941695, -401.15097070546904
187.16093668512724, -401.15097070546904
187.20374569280875, -401.15098247187757
187.21961283937333, -401.1509882617505
187.2760972194264, -401.15099367074134
187.29690425864186, -401.1509992081445
187.85617888458887, -401.15097070546904
187.85617888458887, -398.9877892812541
187.85617888458887, -388.3509829125003
187.20133428949703, -388.3509829125003
187.1001360106468, -388.3509829125003
185.16423275084543, -388.3509829125003
184.5082397755989, -388.3509829125003
184.31295947878328, -388.3509829125003
184.29982928039607, -388.3509829125003
184.29982928039607, -382.50001459280435
184.29982928039607, -376.3009646019534
184.31295947878328, -376.3009646019534
184.5082397755989, -376.3009646019534
185.16423275084543, -376.3009646019534
187.1001360106468, -376.3009646019534
187.20133428949703, -376.3009646019534
187.29636766646627, -376.3009646019534
187.85617888458887, -376.3009646019534
187.85617888458887, -374.13778317773847
187.85617888458887, -363.50097680898466
187.20133428949703, -363.50097680898466
187.1001360106468, -363.50097680898466
185.16423275084543, -363.50097680898466
184.5082397755989, -363.50097680898466
184.31295947878328, -363.50097680898466
184.29982928039607, -363.50097680898466
184.29982928039607, -357.6500825793765
184.29982928039607, -351.4511110863284
184.31295947878328, -351.4511110863284
184.5082397755989, -351.4511110863284
185.16423275084543, -351.4511110863284
187.1001360106468, -351.4511110863284
187.20133428949703, -351.4511110863284
187.29636766646627, -351.4511110863284
187.85617888458887, -351.4511110863284
187.85617888458887, -349.28790387495684
187.85617888458887, -338.65097070546904
187.20133428949703, -338.65097070546904
187.1001360106468, -338.65097070546904
185.16423275084543, -338.65097070546904
184.5082397755989, -338.65097070546904
184.31295947878328, -338.65097070546904
184.29982928039607, -338.65097070546904
184.29982928039607, -332.80007647586086
184.29982928039607, -326.6011049828128
184.31295947878328, -326.6011049828128
184.5082397755989, -326.6011049828128
185.16423275084543, -326.6011049828128
187.1001360106468, -326.6011049828128
187.20133428949703, -326.6011049828128
187.29636766646627, -326.6011049828128
187.85617888458887, -326.6011049828128
187.85617888458887, -324.4378977714412
187.85617888458887, -313.8009646019534
187.20133428949703, -313.8009646019534
187.1001360106468, -313.8009646019534
185.16423275084543, -313.8009646019534
184.5082397755989, -313.8009646019534
184.31295947878328, -313.8009646019534
184.29982928039607, -313.8009646019534
184.29982928039607, -307.95007037234524
184.29982928039607, -301.75109887929716
184.31295947878328, -301.75109887929716
184.5082397755989, -301.75109887929716
185.16423275084543, -301.75109887929716
187.1001360106468, -301.75109887929716
187.20133428949703, -301.75109887929716
187.29636766646627, -301.75109887929716
187.85617888458887, -301.75109887929716
187.85617888458887, -299.5879174550822
187.85617888458887, -288.9511110863284
187.20133428949703, -288.9511110863284
187.1001360106468, -288.9511110863284
185.16423275084543, -288.9511110863284
184.5082397755989, -288.9511110863284
184.31295947878328, -288.9511110863284
184.29982928039607, -288.9511110863284
184.29982928039607, -283.1001057215886
184.29982928039607, -276.9010164818362
184.31295947878328, -276.9010164818362
184.5082397755989, -276.9010164818362
185.16423275084543, -276.9010164818362
187.1001360106468, -276.9010164818362
187.20133428949703, -276.9010164818362
187.29636766646627, -276.9010164818362
187.85617888458887, -276.9010164818362
187.85617888458887, -274.7378479511996
187.85617888458887, -264.1011049828128
187.20133428949703, -264.1011049828128
187.1001360106468, -264.1011049828128
185.16423275084543, -264.1011049828128
184.5082397755989, -264.1011049828128
184.31295947878328, -264.1011049828128
184.29982928039607, -264.1011049828128
184.29982928039607, -258.25009961807297
184.29982928039607, -252.0510103783206
184.31295947878328, -252.0510103783206
184.5082397755989, -252.0510103783206
185.16423275084543, -252.0510103783206
187.1001360106468, -252.0510103783206
187.20133428949703, -252.0510103783206
187.29636766646627, -252.0510103783206
187.85617888458887, -252.0510103783206
187.85617888458887, -249.887841847684
187.85617888458887, -239.25109887929716
187.20133428949703, -239.25109887929716
187.1001360106468, -239.25109887929716
185.16423275084543, -239.25109887929716
184.5082397755989, -239.25109887929716
184.31295947878328, -239.25109887929716
184.29982928039607, -239.25109887929716
184.29982928039607, -233.40009351455737
184.29982928039607, -227.20100427480497
184.31295947878328, -227.20100427480497
184.5082397755989, -227.20100427480497
185.16423275084543, -227.20100427480497
187.1001360106468, -227.20100427480497
187.20133428949703, -227.20100427480497
187.29636766646627, -227.20100427480497
187.85617888458887, -227.20100427480497
187.85617888458887, -225.03782285059006
187.85617888458887, -214.40101648183622
187.20133428949703, -214.40101648183622
187.1001360106468, -214.40101648183622
185.16423275084543, -214.40101648183622
184.5082397755989, -214.40101648183622
184.31295947878328, -214.40101648183622
184.29982928039607, -214.40101648183622
184.29982928039607, -208.5500481621403
184.29982928039607, -202.35099817128935
184.31295947878328, -202.35099817128935
184.5082397755989, -202.35099817128935
185.16423275084543, -202.35099817128935
187.1001360106468, -202.35099817128935
187.20133428949703, -202.35099817128935
187.29636766646627, -202.35099817128935
187.85617888458887, -202.35099817128935
187.85617888458887, -200.18781674707444
187.85617888458887, -189.5510103783206
187.20133428949703, -189.5510103783206
187.1001360106468, -189.5510103783206
185.16423275084543, -189.5510103783206
184.5082397755989, -189.5510103783206
184.31295947878328, -189.5510103783206
184.29982928039607, -189.5510103783206
184.29982928039607, -183.70007910366854
184.29982928039607, -177.50106836171904
184.31295947878328, -177.50106836171904
184.5082397755989, -177.50106836171904
185.16423275084543, -177.50106836171904
187.1001360106468, -177.50106836171904
187.20133428949703, -177.50106836171904
187.29636766646627, -177.50106836171904
187.85617888458887, -177.50106836171904
187.85617888458887, -175.33787404392578
187.85617888458887, -164.70100427480497
187.20133428949703, -164.70100427480497
187.1001360106468, -164.70100427480497
185.16423275084543, -164.70100427480497
184.5082397755989, -164.70100427480497
184.31295947878328, -164.70100427480497
184.29982928039607, -164.70100427480497
184.29982928039607, -158.85007300015292
184.29982928039607, -152.6510622582034
184.31295947878328, -152.6510622582034
184.5082397755989, -152.6510622582034
185.16423275084543, -152.6510622582034
187.1001360106468, -152.6510622582034
187.20133428949703, -152.6510622582034
187.29636766646627, -152.6510622582034
187.85617888458887, -152.6510622582034
187.85617888458887, -150.48786794041015
187.85617888458887, -139.85099817128935
187.20133428949703, -139.85099817128935
187.1001360106468, -139.85099817128935
185.16423275084543, -139.85099817128935
184.5082397755989, -139.85099817128935
184.31295947878328, -139.85099817128935
184.29982928039607, -139.85099817128935
184.29982928039607, -134.0000668966373
184.29982928039607, -127.80105615468779
184.31295947878328, -127.80105615468779
184.5082397755989, -127.80105615468779
185.16423275084543, -127.80105615468779
187.1001360106468, -127.80105615468779
187.20133428949703, -127.80105615468779
187.29636766646627, -127.80105615468779
187.85617888458887, -127.80105615468779
187.85617888458887, -125.63787473047287
187.85617888458887, -115.00106836171904
187.20133428949703, -115.00106836171904
187.1001360106468, -115.00106836171904
185.16423275084543, -115.00106836171904
184.5082397755989, -115.00106836171904
184.31295947878328, -115.00106836171904
184.29982928039607, -115.00106836171904
184.29982928039607, -109.15006299697924
184.29982928039607, -102.95097375722685
184.31295947878328, -102.95097375722685
184.5082397755989, -102.95097375722685
185.16423275084543, -102.95097375722685
187.1001360106468, -102.95097375722685
187.20133428949703, -102.95097375722685
187.29636766646627, -102.95097375722685
187.85617888458887, -102.95097375722685
187.85617888458887, -100.78780522659027
187.85617888458887, -90.15106225820341
187.20133428949703, -90.15106225820341
187.1001360106468, -90.15106225820341
185.16423275084543, -90.15106225820341
184.5082397755989, -90.15106225820341
184.31295947878328, -90.15106225820341
184.29982928039607, -90.15106225820341
184.29982928039607, -84.30005689346362
184.29982928039607, -78.10096765371122
184.31295947878328, -78.10096765371122
184.5082397755989, -78.10096765371122
185.16423275084543, -78.10096765371122
187.1001360106468, -78.10096765371122
187.20133428949703, -78.10096765371122
187.29636766646627, -78.10096765371122
187.85617888458887, -78.10096765371122
187.85617888458887, -75.93779912307464
187.85617888458887, -65.30105615468779
187.20133428949703, -65.30105615468779
187.1001360106468, -65.30105615468779
185.16423275084543, -65.30105615468779
184.5082397755989, -65.30105615468779
184.31295947878328, -65.30105615468779
184.29982928039607, -65.30105615468779
184.29982928039607, -59.45005078994799
184.29982928039607, -53.2509615501956
184.31295947878328, -53.2509615501956
184.5082397755989, -53.2509615501956
185.16423275084543, -53.2509615501956
187.1001360106468, -53.2509615501956
187.20133428949703, -53.2509615501956
187.29636766646627, -53.2509615501956
187.85617888458887, -53.2509615501956
187.85617888458887, -51.087793019559015
187.85617888458887, -40.45105005117216
187.20133428949703, -40.45105005117216
187.1001360106468, -40.45105005117216
185.16423275084543, -40.45105005117216
184.5082397755989, -40.45105005117216
184.31295947878328, -40.45105005117216
184.29982928039607, -40.45105005117216
184.29982928039607, -34.60008173147624
184.29982928039607, -28.40103174062528
184.31295947878328, -28.40103174062528
184.5082397755989, -28.40103174062528
185.16423275084543, -28.40103174062528
187.1001360106468, -28.40103174062528
187.20133428949703, -28.40103174062528
187.29636766646627, -28.40103174062528
187.85617888458887, -28.40103174062528
187.85617888458887, -26.237850316410363
187.85617888458887, -15.601043947656533
187.20133428949703, -15.601043947656533
187.1001360106468, -15.601043947656533
185.16423275084543, -15.601043947656533
184.5082397755989, -15.601043947656533
184.31295947878328, -15.601043947656533
184.29982928039607, -15.601043947656533
184.29982928039607, -9.750075627960612
184.29982928039607, -3.551025637109658
184.31295947878328, -3.551025637109658
184.5082397755989, -3.551025637109658
185.16423275084543, -3.551025637109658
187.1001360106468, -3.551025637109658
187.20133428949703, -3.551025637109658
187.29636766646627, -3.551025637109658
187.85617888458887, -3.551025637109658
187.85617888458887, -1.2499602861932986
187.85617888458887, 10.064849607030967
187.20133428949703, 10.064849607030967
187.1001360106468, 10.064849607030967
185.16423275084543, 10.064849607030967
184.5082397755989, 10.064849607030967
184.31295947878328, 10.064849607030967
184.29982928039607, 10.064849607030967
184.29982928039607, 15.915817926726888
184.29982928039607, 22.114867917577843
184.31295947878328, 22.114867917577843
184.5082397755989, 22.114867917577843
185.16423275084543, 22.114867917577843
187.1001360106468, 22.114867917577843
187.20133428949703, 22.114867917577843
187.29636766646627, 22.114867917577843
187.85617888458887, 22.114867917577843
187.85617888458887, 24.278049341792762
187.85617888458887, 34.91485571054659
187.20133428949703, 34.91485571054659
187.1001360106468, 34.91485571054659
185.16423275084543, 34.91485571054659
184.5082397755989, 34.91485571054659
184.31295947878328, 34.91485571054659
184.29982928039607, 34.91485571054659
184.29982928039607, 40.76578698519864
184.29982928039607, 46.96479772714815
184.31295947878328, 46.96479772714815
184.5082397755989, 46.96479772714815
185.16423275084543, 46.96479772714815
187.1001360106468, 46.96479772714815
187.20133428949703, 46.96479772714815
187.29636766646627, 46.96479772714815
187.85617888458887, 46.96479772714815
187.85617888458887, 49.12797915136307
187.85617888458887, 59.7647855201169
187.20133428949703, 59.7647855201169
187.1001360106468, 59.7647855201169
185.16423275084543, 59.7647855201169
184.5082397755989, 59.7647855201169
184.31295947878328, 59.7647855201169
184.29982928039607, 59.7647855201169
184.29982928039607, 65.61575383981283
184.29982928039607, 71.81480383066378
184.31295947878328, 71.81480383066378
184.5082397755989, 71.81480383066378
185.16423275084543, 71.81480383066378
187.1001360106468, 71.81480383066378
187.20133428949703, 71.81480383066378
187.29636766646627, 71.81480383066378
187.85617888458887, 71.81480383066378
187.85617888458887, 73.97799814845703
187.85617888458887, 84.61486791757784
187.20133428949703, 84.61486791757784
187.1001360106468, 84.61486791757784
185.16423275084543, 84.61486791757784
184.5082397755989, 84.61486791757784
184.31295947878328, 84.61486791757784
184.29982928039607, 84.61486791757784
184.29982928039607, 90.46583623727376
184.29982928039607, 96.66488622812471
184.31295947878328, 96.66488622812471
184.5082397755989, 96.66488622812471
185.16423275084543, 96.66488622812471
187.1001360106468, 96.66488622812471
187.20133428949703, 96.66488622812471
187.29636766646627, 96.66488622812471
187.85617888458887, 96.66488622812471
187.85617888458887, 98.82806120555047
187.85617888458887, 109.46483587412081
187.20133428949703, 109.46483587412081
187.1001360106468, 109.46483587412081
185.16423275084543, 109.46483587412081
184.5082397755989, 109.46483587412081
184.31295947878328, 109.46483587412081
184.29982928039607, 109.46483587412081
184.29982928039607, 115.31580419381673
184.29982928039607, 121.51485418466768
184.31295947878328, 121.51485418466768
184.5082397755989, 121.51485418466768
185.16423275084543, 121.51485418466768
187.1001360106468, 121.51485418466768
187.20133428949703, 121.51485418466768
187.29636766646627, 121.51485418466768
187.85617888458887, 121.51485418466768
187.85617888458887, 123.67802916209344
187.85617888458887, 134.31480383066378
187.20133428949703, 134.31480383066378
187.1001360106468, 134.31480383066378
185.16423275084543, 134.31480383066378
184.5082397755989, 134.31480383066378
184.31295947878328, 134.31480383066378
184.29982928039607, 134.31480383066378
184.29982928039607, 140.1657721503597
184.29982928039607, 146.36482214121065
184.31295947878328, 146.36482214121065
184.5082397755989, 146.36482214121065
185.16423275084543, 146.36482214121065
187.1001360106468, 146.36482214121065
187.20133428949703, 146.36482214121065
187.29636766646627, 146.36482214121065
187.85617888458887, 146.36482214121065
187.85617888458887, 148.5280164590039
187.85617888458887, 159.16488622812471
187.20133428949703, 159.16488622812471
187.1001360106468, 159.16488622812471
185.16423275084543, 159.16488622812471
184.5082397755989, 159.16488622812471
184.31295947878328, 159.16488622812471
184.29982928039607, 159.16488622812471
184.29982928039607, 165.01581750277677
184.29982928039607, 171.21482824472628
184.31295947878328, 171.21482824472628
184.5082397755989, 171.21482824472628
185.16423275084543, 171.21482824472628
187.1001360106468, 171.21482824472628
187.20133428949703, 171.21482824472628
187.29636766646627, 171.21482824472628
187.85617888458887, 171.21482824472628
187.85617888458887, 173.37801611573036
187.85617888458887, 184.01485418466768
187.20133428949703, 184.01485418466768
187.1001360106468, 184.01485418466768
185.16423275084543, 184.01485418466768
184.5082397755989, 184.01485418466768
184.31295947878328, 184.01485418466768
184.29982928039607, 184.01485418466768
184.29982928039607, 189.86580398184168
184.29982928039607, 196.0648343482419
184.31295947878328, 196.0648343482419
184.5082397755989, 196.0648343482419
185.16423275084543, 196.0648343482419
187.1001360106468, 196.0648343482419
187.20133428949703, 196.0648343482419
187.29636766646627, 196.0648343482419
187.85617888458887, 196.0648343482419
187.85617888458887, 198.2280157724568
187.85617888458887, 208.86482214121065
187.20133428949703, 208.86482214121065
187.1001360106468, 208.86482214121065
185.16423275084543, 208.86482214121065
184.5082397755989, 208.86482214121065
184.31295947878328, 208.86482214121065
184.29982928039607, 208.86482214121065
184.29982928039607, 214.71577193838465
184.29982928039607, 220.91480230478487
184.31295947878328, 220.91480230478487
184.5082397755989, 220.91480230478487
185.16423275084543, 220.91480230478487
187.1001360106468, 220.91480230478487
187.20133428949703, 220.91480230478487
187.29636766646627, 220.91480230478487
187.85617888458887, 220.91480230478487
187.85617888458887, 223.07799017578895
187.85617888458887, 233.71482824472628
187.20133428949703, 233.71482824472628
187.1001360106468, 233.71482824472628
185.16423275084543, 233.71482824472628
184.5082397755989, 233.71482824472628
184.31295947878328, 233.71482824472628
184.29982928039607, 233.71482824472628
184.29982928039607, 239.56577804190027
184.29982928039607, 245.7648084083005
184.31295947878328, 245.7648084083005
184.5082397755989, 245.7648084083005
185.16423275084543, 245.7648084083005
187.1001360106468, 245.7648084083005
187.20133428949703, 245.7648084083005
187.29636766646627, 245.7648084083005
187.85617888458887, 245.7648084083005
187.85617888458887, 247.92799627930458
187.85617888458887, 258.5648343482419
187.20133428949703, 258.5648343482419
187.1001360106468, 258.5648343482419
185.16423275084543, 258.5648343482419
184.5082397755989, 258.5648343482419
184.31295947878328, 258.5648343482419
184.29982928039607, 258.5648343482419
184.29982928039607, 264.41580266793784
184.29982928039607, 270.6148526587888
184.31295947878328, 270.6148526587888
184.5082397755989, 270.6148526587888
185.16423275084543, 270.6148526587888
187.1001360106468, 270.6148526587888
187.20133428949703, 270.6148526587888
187.29636766646627, 270.6148526587888
187.85617888458887, 270.6148526587888
187.85617888458887, 272.7780276362145
187.85617888458887, 283.41480230478487
187.20133428949703, 283.41480230478487
187.1001360106468, 283.41480230478487
185.16423275084543, 283.41480230478487
184.5082397755989, 283.41480230478487
184.31295947878328, 283.41480230478487
184.29982928039607, 283.41480230478487
184.29982928039607, 289.26578914700275
184.29982928039607, 295.4648587623044
184.31295947878328, 295.4648587623044
184.5082397755989, 295.4648587623044
185.16423275084543, 295.4648587623044
187.1001360106468, 295.4648587623044
187.20133428949703, 295.4648587623044
187.29636766646627, 295.4648587623044
187.85617888458887, 295.4648587623044
187.85617888458887, 297.62803373973014
187.85617888458887, 308.2648084083005
187.20133428949703, 308.2648084083005
187.1001360106468, 308.2648084083005
185.16423275084543, 308.2648084083005
184.5082397755989, 308.2648084083005
184.31295947878328, 308.2648084083005
184.29982928039607, 308.2648084083005
184.29982928039607, 314.11577672799643
184.29982928039607, 320.31482671884737
184.31295947878328, 320.31482671884737
184.5082397755989, 320.31482671884737
185.16423275084543, 320.31482671884737
187.1001360106468, 320.31482671884737
187.20133428949703, 320.31482671884737
187.29636766646627, 320.31482671884737
187.85617888458887, 320.31482671884737
187.85617888458887, 322.47801458985145
187.85617888458887, 333.1148526587888
187.20133428949703, 333.1148526587888
187.1001360106468, 333.1148526587888
185.16423275084543, 333.1148526587888
184.5082397755989, 333.1148526587888
184.31295947878328, 333.1148526587888
184.29982928039607, 333.1148526587888
184.29982928039607, 338.9658024559628
184.29982928039607, 345.164832822363
184.31295947878328, 345.164832822363
184.5082397755989, 345.164832822363
185.16423275084543, 345.164832822363
187.1001360106468, 345.164832822363
187.20133428949703, 345.164832822363
187.29636766646627, 345.164832822363
187.85617888458887, 345.164832822363
187.85617888458887, 347.32801424657794
187.85617888458887, 357.96482061533175
187.20133428949703, 357.96482061533175
187.1001360106468, 357.96482061533175
185.16423275084543, 357.96482061533175
184.5082397755989, 357.96482061533175
184.31295947878328, 357.96482061533175
184.29982928039607, 357.96482061533175
184.29982928039607, 363.8157889350277
184.29982928039607, 370.0148389258786
184.31295947878328, 370.0148389258786
184.5082397755989, 370.0148389258786
185.16423275084543, 370.0148389258786
187.1001360106468, 370.0148389258786
187.20133428949703, 370.0148389258786
187.29636766646627, 370.0148389258786
187.85617888458887, 370.0148389258786
187.85617888458887, 372.17802035009356
187.85617888458887, 382.81482671884737
187.20133428949703, 382.81482671884737
187.1001360106468, 382.81482671884737
185.16423275084543, 382.81482671884737
184.5082397755989, 382.81482671884737
184.31295947878328, 382.81482671884737
184.29982928039607, 382.81482671884737
184.29982928039607, 388.66577651602137
184.29982928039607, 394.8648068824216
184.31295947878328, 394.8648068824216
184.5082397755989, 394.8648068824216
185.16423275084543, 394.8648068824216
187.1001360106468, 394.8648068824216
187.20133428949703, 394.8648068824216
187.29636766646627, 394.8648068824216
187.85617888458887, 394.8648068824216
187.85617888458887, 397.0279947534257
187.85617888458887, 407.664832822363
187.27621245562466, 407.664832822363
187.2196613091994, 407.664832822363
187.20570641811713, 407.664832822363
187.16092982827627, 407.664832822363
185.3994585926397, 407.664832822363
185.16423275084543, 407.664832822363
184.5082397755989, 407.664832822363
184.31295947878328, 407.664832822363
184.29982928039607, 407.664832822363
184.29982928039607, 407.6761618097649
184.29982928039607, 407.8443092654772
184.29982928039607, 408.3977206888128
184.29982928039607, 408.608473871692
184.29982928039607, 410.0203684479215
184.29982928039607, 410.0838408582463
184.29982928039607, 410.10775456954065
184.29982928039607, 410.1945868505669
184.29982928039607, 410.22726635560133
184.29982928039607, 411.27738134591704
173.2352300545253, 412.93472265390596
169.5196764846072, 413.64604907665404
169.5196764846072, 412.8000206417726
169.5196764846072, 412.6722290302001
169.5196764846072, 412.5387801535859
169.5196764846072, 412.40267879206476
169.5196764846072, 409.5842969484709
169.5196764846072, 409.10299575582934
169.5196764846072, 408.12958593663126
169.5196764846072, 407.77864591668964
169.5196764846072, 407.6720169802916
169.5196764846072, 407.664832822363
165.84919830939157, 407.664832822363
155.60551385393887, 407.664832822363
155.60551385393887, 407.6681150022698
155.60551385393887, 407.7168298768606
155.60551385393887, 407.87716158078484
155.60551385393887, 408.32187704798815
155.60551385393887, 409.1174403393959
155.60551385393887, 409.90614543968326
155.60551385393887, 411.05603788162665
155.60551385393887, 411.68923177258375
155.60551385393887, 412.29558283237697
155.60551385393887, 412.8629427174924
155.60551385393887, 416.3098544406086
152.2165532967128, 416.9586560645505
140.82536105815, 419.62222471998996
140.82536105815, 417.04351119838327
140.82536105815, 416.4868444920401
140.82536105815, 415.7692097232815
140.82536105815, 414.8663884513541
140.82536105815, 413.759521518
140.82536105815, 413.74754938219417
140.81617793050185, 413.7569425025388
140.81540271554377, 413.75759294703977
139.7330327889003, 414.6657559791013
139.62715621521755, 414.73990243099684
138.50355586018935, 415.5267712989255
138.25049299950967, 415.6761608397005
137.1360631844081, 416.33403753427706
136.69159596271373, 416.5562938116152
135.6400152107753, 417.0821378150388
134.9593055784914, 417.37036911565286
134.02540644612685, 417.7658078589841
133.06500777700091, 418.10867060938205
132.30345210042373, 418.38054632333956
131.02293035056647, 418.76205838598594
130.48582514729873, 418.9220807471677
128.84985300004485, 419.3219792129611
128.5850377937831, 419.3867108741208
126.91137462080121, 419.7132232100505
126.91137462080121, 419.83569032539503
126.91137462080121, 420.38678434313533
126.91137462080121, 420.68742310429917
126.91137462080121, 421.61238982728634
126.91137462080121, 421.9448955652235
126.91137462080121, 422.24870206339693
126.91137462080121, 422.5168950299073
126.91137462080121, 423.18441047600464
118.53384455647841, 425.5264279761716
112.13104563169287, 427.65267387708286
112.13104563169287, 427.64726165341074
112.13104563169287, 427.55611246462735
112.13104563169287, 427.5069745772448
111.83416804280654, 427.65022253183565
111.80433327828973, 427.6623443604716
110.56356867757216, 428.1664655127927
110.39621443335881, 428.22793781199397
110.37237605061904, 428.23669408945284
110.21038227051918, 428.29103216057297
110.06540858748116, 428.33966112826914
109.96270938626662, 428.37410983670804
109.87756370927804, 428.40267051261134
109.81330898765896, 428.4242236712017
109.75734144328464, 428.44299703647994
109.71337506150053, 428.4577448149367
109.6737968818245, 428.4710206452847
109.64182936713263, 428.48174360690575
109.61236674975885, 428.4916263431272
109.58807996295582, 428.499772934606
109.56529698723307, 428.50741509811616
109.54622145303892, 428.5138136631293
109.52807898164195, 428.5198992480231
109.51270074849754, 428.5250576159912
109.49791277381081, 428.5300179917523
Holes:
Exterior:
-71.81039623958628, -406.69904925906667
-71.6829052405923, -406.7193743439261
-71.6351854113168, -406.7277386243783
-71.45679331556161, -406.75626923431264
-71.27101590546917, -406.7802436485088
-70.95747010227001, -406.8163184287049
-70.89492578498803, -406.8235817430908
-70.77923278008558, -406.83689208067716
-70.75543226478757, -406.8389554319478
-70.43190045079157, -406.8624314514312
-70.26713357653682, -406.87643566581914
-70.09759946654697, -406.88864798488527
-70.00774651270137, -406.89142538896556
-69.91031423329073, -406.8955183455791
-69.66157168236683, -406.9030182650617
-69.56891908877486, -406.90698073081757
-69.42010940809266, -406.91153716524076
-69.3137133618126, -406.9106485899989
-69.21849439458373, -406.9106490411505
-68.96293474694272, -406.90820364052956
-68.86788884195906, -406.9082037492303
-68.80392837711435, -406.9076476444245
-68.71277083274992, -406.9037619580289
-68.53120998283498, -406.89508495418755
-68.26715105230514, -406.882450537314
-68.16923013938924, -406.8783241492597
-68.14607077655694, -406.8772107355633
-67.98399473656863, -406.86340244663916
-67.56936589274034, -406.8267618977493
-67.50818132984404, -406.82135670912186
-67.50305425603557, -406.8206879801404
-67.47849382632043, -406.81858984025513
-67.00427003410039, -406.7568579627654
-66.98328725112862, -406.7532312308924
-66.80063458844575, -406.72966530409894
-66.67588471392929, -406.7079062602249
-66.63012362745047, -406.6998487518414
-66.29898548731063, -406.6421834561042
-66.17558431405192, -406.6206064135579
-66.17022440135509, -406.61948975205325
-66.16179476486982, -406.61799613131353
-66.13990804887302, -406.613138533769
-65.83524687299698, -406.545825866719
-65.72412895477044, -406.52089660266506
-65.58901033360266, -406.49100030015
-65.5606163425926, -406.4832871826855
-65.50048514691292, -406.4698360087932
-65.3450827069901, -406.4276866497632
-65.28863337361378, -406.41206503127665
-65.02208720461962, -406.33975117414496
-64.99399996493946, -406.33051985548843
-64.8866364303081, -406.30078686006084
-64.86963096381467, -406.29524884553246
-64.86348384374531, -406.29315229517823
-64.56463630412316, -406.19527056281567
-64.45680679600753, -406.1592054613815
-64.37440473146378, -406.13227927900414
-64.34428272658127, -406.12046588093654
-64.30309036316004, -406.1066334946733
-64.12915555716302, -406.0387057838246
-64.0667303143205, -406.0137641771925
-63.874243612746966, -405.93869684403757
-63.8373697411385, -405.92177373299353
-63.7542203846495, -405.8885708032993
-63.70793619671511, -405.8672218342155
-63.69144464690288, -405.8593812847227
-63.428537293422835, -405.73841070180947
-63.33483922342177, -405.69403124296394
-63.33360579265596, -405.69341453624634
-63.30880697620543, -405.6816828015274
-63.24545158066249, -405.64731392831015
-63.067321019222874, -405.55090139915455
-63.004394439973794, -405.5155990089644
-62.91946083904432, -405.469598447043
-62.85892189700914, -405.43563411951163
-62.78004051702496, -405.3852531867577
-62.71539589372432, -405.34406462012123
-62.69279562501896, -405.32899108806083
-62.539449436935286, -405.23110125210894
-62.479035146190114, -405.1855114828925
-62.401864695159304, -405.13406454285627
-62.37255795207861, -405.11188799520033
-62.36115265623522, -405.10431129133445
-62.19256727793777, -404.9769449984252
-62.17908586249402, -404.96689002534066
-62.12093460522513, -404.92045805325284
-62.03083387660473, -404.8388403004393
-61.99082988027786, -404.80686501851153
-61.919369088746436, -404.74214530783644
-61.89515214488301, -404.7186122175339
-61.815027053872996, -404.6458478032529
-61.75632698428058, -404.5887764629654
-61.67709469493997, -404.50094585355197
-61.673160701460716, -404.4966184225461
-61.671513036894964, -404.4950712097316
-61.54717619970182, -404.3571301675446
-61.53165904635475, -404.3352043995895
-61.48418492767021, -404.2775287030842
-61.428076926482305, -404.19865160500234
-61.40531365708219, -404.1710302738249
-61.34110251171825, -404.0808413550056
-61.32047413762146, -404.04827340835794
-61.28707241292889, -404.0012635758287
-61.25204728589861, -403.9459378120506
-61.1940136227536, -403.83706733418876
-61.18546520221918, -403.82098263985836
-61.18285822939009, -403.81516703692296
-61.119188749067376, -403.6958138854728
-61.099388065043655, -403.64096943066073
-61.071202358081166, -403.57866408977304
-61.04903938021138, -403.51723767318845
-61.03925865662933, -403.49553147553894
-60.997742487773166, -403.38054522814855
-60.986320513738974, -403.3392860451818
-60.980019708326324, -403.3216776274678
-60.96611461984472, -403.27172783980046
-60.94226139703079, -403.14852265733055
-60.93494757792021, -403.11094056299765
-60.93366544860103, -403.09751823190123
-60.9163367616398, -403.00806143123634
-60.911385548053914, -402.9186596099414
-60.90529597315708, -402.85487961826385
-60.90293290664158, -402.81346988057624
-60.901530753437925, -402.7987673363284
-60.90032892059827, -402.7862482728826
-60.898528490396615, -402.7510836205081
-60.898528490396586, -401.9272045431471
-60.898528490396615, -401.8939169737245
-60.898528490396615, -401.8146613377268
-60.898528490396615, -401.77146473028716
-60.898528490396586, -401.66656101028315
-60.898528490396615, -401.60819453816146
-60.898528490396615, -401.4628144840875
-60.898528490396586, -401.43560454202526
-60.898528490396615, -401.3596667821308
-60.898528490396586, -401.16359815782465
-60.898528490396615, -401.15097070546904
-44.56181390250515, -401.15097070546904
-44.56181390250515, -398.88199639301826
-44.56181390250515, -385.1510622582034
-46.819703519301896, -385.1510622582034
-60.898528490396615, -385.1510622582034
-61.04347360514808, -385.1510622582034
-63.29163893676929, -385.1510622582034
-64.16113673103365, -385.1510622582034
-65.67887860871141, -385.1510622582034
-66.28763054600088, -385.1510622582034
-67.38091833415447, -385.1510622582034
-67.83079242676155, -385.1510622582034
-68.65573114895705, -385.1510622582034
-69.00202443057881, -385.1510622582034
-69.64652248916502, -385.1510622582034
-69.92080276716783, -385.1510622582034
-70.4382388603033, -385.1510622582034
-70.66102536657704, -385.1510622582034
-71.08559000922753, -385.1510622582034
-71.27013197883161, -385.1510622582034
-71.6247622487468, -385.1510622582034
-71.78012596144583, -385.1510622582034
-72.08078285973781, -385.1510622582034
-72.21337803889793, -385.1510622582034
-72.47150866806336, -385.1510622582034
-72.58599761779632, -385.1510622582034
-77.53854313883411, -385.1510622582034
-77.53854313883409, -389.6631828619269
-77.53854313883423, -402.1244051537112
-77.53854313883414, -402.47469434051203
-77.53854313883411, -402.611160524805
-77.53854313883414, -402.7118549399449
-77.53854313883411, -402.7510836205081
-77.53837202147346, -402.76445216430795
-77.53540717946976, -402.7987673363284
-77.53200306935597, -402.8387380274633
-77.5302919334583, -402.8543093285159
-77.51535742505524, -403.02918543316076
-77.508085600214, -403.0972627699443
-77.5079757870563, -403.09808637133693
-77.5064359234295, -403.1125654139124
-77.49743115471358, -403.148639234563
-77.46305707531363, -403.2853112807876
-77.44830246024279, -403.3384493231568
-77.43171875147985, -403.4039605189355
-77.41194902290007, -403.4514086640435
-77.39967720209191, -403.4955997560372
-77.37496411378245, -403.5548009366387
-77.36457518602484, -403.5777377259139
-77.30943232750988, -403.70971762261206
-77.2868013653648, -403.7482792856738
-77.2567989897016, -403.81471585756515
-77.2472414654822, -403.8308097722566
-77.24433568294299, -403.83719816929744
-77.1548998519815, -403.9890950044179
-77.11777910455217, -404.04776638773797
-77.10030819089258, -404.0773241461823
-77.07822959820433, -404.11221442385806
-77.03273738510441, -404.17111202822935
-76.97437966740614, -404.2469434131233
-76.9503894013136, -404.2760774136567
-76.87630533873264, -404.37225451292727
-76.81693837993285, -404.43376680703983
-76.76625620372562, -404.49526323988744
-76.76273825081287, -404.49878116319985
-76.76128805237522, -404.50016737086605
-76.60921188422267, -404.6577403145726
-76.54697606195128, -404.71822882487595
-76.54653618222079, -404.71872369285177
-76.52062758128409, -404.74392935396276
-76.44650414596185, -404.80688981720067
-76.34276991942224, -404.8951677601013
-76.30073958527373, -404.92874526948174
-76.22845488945154, -404.9903579476652
-76.1667007251362, -405.0396851508709
-76.07570339216804, -405.10427419312964
-76.04675954603167, -405.124853923934
-76.03510475992044, -405.13261667048766
-75.87119395255178, -405.24908219300664
-75.82868961436628, -405.2745198126267
-75.7473449657329, -405.32868621599556
-75.68028698781367, -405.36882220093224
-75.6561182303135, -405.38498420768354
-75.49806429735966, -405.47959595570876
-75.43490508284063, -405.5150173329364
-75.38985011735198, -405.54195148955426
-75.32329315426205, -405.57928170099393
-75.19020709619949, -405.6467610157883
-75.12617927954958, -405.67927075761054
-75.10074818893085, -405.6913081931882
-74.96814359168792, -405.7586028297438
-74.84497193751426, -405.81169995732677
-74.74704123917968, -405.85812502907936
-74.69852136667384, -405.87902169287673
-74.68070655809004, -405.88746358597166
-74.49649589381877, -405.9668833452196
-74.46074517188904, -405.9798490935602
-74.37471284345867, -406.01424127040457
-74.19759486192325, -406.07907493988625
-74.13192148960067, -406.1052595513827
-74.02496037293417, -406.1443898944519
-73.9829239055885, -406.15848650092903
-73.91624214560866, -406.1828298242665
-73.80439824993718, -406.2203013414144
-73.57472649012553, -406.29096837010616
-73.55561695137342, -406.2968778669458
-73.54849717494167, -406.2992581039619
-73.37956010825877, -406.35129723022084
-73.26944582823177, -406.3817514668405
-73.15197778486512, -406.41169844232036
-73.09297728151753, -406.42807802736866
-72.93502211385882, -406.4683118455841
-72.77832052489458, -406.5081773316121
-72.76515738450672, -406.5115509811266
-72.70413096125543, -406.5252011389111
-72.41058062781693, -406.58561559557097
-72.2956601972821, -406.61138800666134
-72.27618248254308, -406.6154272847319
-72.12164910091397, -406.64725168984717
-72.11402255957316, -406.64859262807977
-71.93649113619904, -406.67694534375084
-71.81039623958628, -406.69904925906667
Holes:
Exterior:
-87.19949284586536, -242.1188356957034
-76.75122109549767, -237.85090971378756
-76.70386037714763, -237.8315973894054
-68.68538294660593, -234.5561718686818
-68.68538294660593, -230.85325075365145
-68.68544056793601, -218.02772462596022
-76.99543210505138, -221.4222092041643
-80.70203168544279, -222.93632832635157
-81.04722110184039, -223.07728587279112
-94.82561590448412, -228.7055291532385
-101.67947331461536, -231.50520349355497
-101.83350716521443, -231.39229329071557
-101.83425527253092, -232.0404840163146
-101.82591737063132, -248.09337004156268
-101.83376678253026, -254.10663760478997
-100.95564955719607, -254.75029729745768
-68.68548314747923, -278.4043657633196
-68.68552707595671, -269.8948383573709
-68.68538294660593, -255.68962119785613
-73.87410964833668, -251.88629354690602
-76.70425340986017, -249.8118050092376
-76.7219171377499, -249.79885020861155
-87.19949284586536, -242.1188356957034
Holes:
Exterior:
-87.19949284586536, 248.63269781259737
-76.7219171377499, 256.3127123255055
-76.70425340986017, 256.3256671261315
-68.68538294660593, 262.2034576763419
-68.68535971348675, 267.7156650153973
-68.68548314747923, 284.9181592664902
-83.34920545041871, 274.1696826932322
-100.95564955719607, 261.264121267379
-101.83376678253026, 260.62046157471127
-101.82591737063132, 254.60720411979383
-101.83425527253092, 238.5541968137941
-101.83385449170072, 238.34990783442987
-101.83350716521443, 237.9060052747155
-101.67947331461536, 238.0189130225583
-94.82561590448412, 235.21926870877917
-81.04722110184039, 229.59103798079786
-80.70203168544279, 229.45005166520707
-68.68544056793601, 224.5414859925173
-68.68544056793601, 230.15659461130133
-68.68538294660593, 241.0700254394397
-73.87410964833668, 243.1895237619826
-76.70386037714763, 244.34542266090216
-76.75122109549764, 244.36478109484494
-87.19949284586536, 248.63269781259737
Holes:
Exterior:
-60.98834876246326, 409.8528607179565
-61.02041318719699, 409.96865883284937
-61.03520307221433, 410.009651278026
-61.062653412887414, 410.0705702053936
-61.0705506666757, 410.0924479708271
-61.14962855119856, 410.267307695144
-61.156685859079204, 410.28688613668083
-61.17938427103448, 410.32941522498993
-61.18669553492251, 410.3457248321381
-61.189743756333485, 410.35148029612037
-61.21044157730478, 410.3902983380588
-61.3086285378821, 410.5453682104213
-61.32054646620682, 410.56216165713585
-61.37834513426702, 410.653385734784
-61.4012647710415, 410.68555718735666
-61.46501578873347, 410.76296832498696
-61.48505222720377, 410.7911258089882
-61.617920169403334, 410.9525180192957
-61.62346381058504, 410.96035165552496
-61.6679023128396, 411.00964134536997
-61.67251078032996, 411.0139406647413
-61.67391734113701, 411.0155180085231
-61.7022529203642, 411.04691797828
-61.86633182849263, 411.20644652918946
-61.895007863206814, 411.2324580488884
-61.96264458731494, 411.29815663669046
-61.9882339211843, 411.32135182162335
-62.09989149458997, 411.41068278907596
-62.13217677653424, 411.43992907586323
-62.29433259329298, 411.56929559205054
-62.29916607531848, 411.57293075167297
-62.35964089163673, 411.6185888082583
-62.39141716674385, 411.6397822382802
-62.40193667038773, 411.64774240296214
-62.61677634634742, 411.79096892965333
-62.63847515808584, 411.80736464683673
-62.6935863055252, 411.84252533084833
-62.75643142876726, 411.884384783031
-62.77968125839675, 411.8992085469778
-62.947857744408765, 411.9935903085594
-62.97625213244797, 412.0117159713475
-63.15086143161861, 412.109675765735
-63.18145800191462, 412.126247241154
-63.245666679322284, 412.1610202378725
-63.31440385222709, 412.19362277435715
-63.33726097213392, 412.2059920805248
-63.59673870094406, 412.3288954689598
-63.64233718512631, 412.35051865184647
-63.642782583077405, 412.3507312318327
-63.737769874562474, 412.39445785245266
-63.754506517831686, 412.4021676611788
-63.984265605269826, 412.49397061994785
-64.15645594727562, 412.56279649267555
-64.1698039234135, 412.5689333896112
-64.23952881824454, 412.5961455010047
-64.30259088464013, 412.6207530351493
-64.41611082540277, 412.658788810136
-64.42704043402728, 412.66304494256417
-64.45694940348898, 412.67283851632703
-64.75370100050458, 412.77217544745264
-64.86234510672745, 412.8077591468923
-64.8792385492103, 412.81343686326306
-64.88542665064065, 412.81545204885964
-65.18020512291835, 412.89705765357184
-65.33487341864793, 412.93988714828737
-65.34510431321891, 412.94325021007165
-65.44227846192408, 412.9696332336192
-65.49899492447051, 412.9850158128083
-65.66360126578905, 413.021892352992
-65.67397240035874, 413.0247199952507
-65.7233491671997, 413.03564484179856
-66.02703287209508, 413.10374676160194
-66.13856372266903, 413.12836735469745
-66.14658370309067, 413.1301370377376
-66.169587705455, 413.134129183387
-66.17155197489248, 413.1345793237128
-66.50794978730573, 413.19353758503587
-66.62948828404916, 413.21469178155047
-66.75400115610168, 413.2365314291324
-66.79985867025005, 413.2445091973143
-67.29584290522283, 413.30855438119175
-67.3035654535102, 413.3098998971969
-67.47835319348926, 413.3326423385328
-67.54488366821965, 413.3383258065229
-67.98274698469723, 413.3756029336059
-67.98464163178602, 413.375850123777
-68.00725602966779, 413.3778582870179
-68.16072081140942, 413.3914099209146
-68.1693002300643, 413.39182239899
-68.43340589700026, 413.40298001913857
-68.53134992759996, 413.40765658737257
-68.77663415855207, 413.4180304133603
-68.84410749510857, 413.4212555669466
-68.86788884195906, 413.42147272915236
-69.12327714752394, 413.42147303166263
-69.21842464674506, 413.4223533197979
-69.4737925767364, 413.42235450888126
-69.51346277935036, 413.4227175405589
-69.56898872208521, 413.4210380480072
-69.66189035646767, 413.41822688355575
-69.90996662417174, 413.4077293191725
-69.94357129439035, 413.40670137043514
-70.20391700438307, 413.39571163815117
-70.2674111970438, 413.3911168019737
-70.70656194462742, 413.35373425073965
-70.82798924569946, 413.3449247306255
-70.89129919629414, 413.3395197873295
-70.93478125370629, 413.3345064567273
-70.95830025580182, 413.3317958368613
-71.07633599659297, 413.31818306497973
-71.56932913633239, 413.2545095937864
-71.63663352739857, 413.2437655793582
-71.7630012801807, 413.2216144813059
-71.81115414804799, 413.2139374943232
-72.1445512184394, 413.15549240980005
-72.21169828381485, 413.14476930637636
-72.23183655937768, 413.1412562003831
-72.29034423645956, 413.12921688146406
-72.29772245699687, 413.1276866882403
-72.60080676721398, 413.0597118320478
-72.71215804383021, 413.0367953636727
-72.87281436423456, 413.000833059776
-72.87781321140505, 412.99956231065545
-72.93735223680326, 412.9843935249633
-72.99742339950953, 412.9690915693841
-73.15252548427478, 412.92611485851387
-73.19724592449438, 412.9147138019766
-73.48628679190392, 412.8346922710553
-73.55068381785699, 412.81486527253185
-73.56935095535445, 412.80859675702044
-73.5766395639474, 412.80635326066295
-73.86944019687661, 412.70833748494545
-73.95716580396879, 412.6813455692754
-74.06708921707437, 412.6445117230978
-74.09258125375646, 412.63518423378906
-74.13348875678759, 412.6202395323132
-74.30506185368074, 412.5517199169591
-74.37287513508738, 412.52689759899476
-74.59731436810844, 412.43720565115075
-74.61101541868322, 412.43221598439993
-74.68165803771433, 412.4017591301476
-74.72808063246353, 412.37976066747683
-74.74670153235166, 412.37170925618784
-75.00164754561237, 412.25087736249014
-75.06774994116384, 412.2195338490643
-75.11506973806013, 412.1991475169603
-75.1660520934015, 412.17331725319576
-75.1906816711604, 412.1608116742857
-75.24190581566222, 412.13483911033995
-75.41477372430577, 412.0379124133901
-75.43212868599531, 412.0275165329568
-75.59599711882532, 411.935561917422
-75.65692995982576, 411.89907639736714
-75.71957998382425, 411.857291228126
-75.7454517524933, 411.84181713471895
-75.95612106892935, 411.7014269439789
-75.98626880413522, 411.6813194207337
-76.00267898976412, 411.67149928823994
-76.06600088452001, 411.62649542125024
-76.07718854422455, 411.61855128936753
-76.23682872824611, 411.4911190350221
-76.27202766827713, 411.466135626855
-76.38058395140115, 411.3793574272542
-76.408561238277, 411.355531846424
-76.44872787167023, 411.32134949660633
-76.4774441641442, 411.29693621122993
-76.54431351119814, 411.2319370096279
-76.54448397994886, 411.231745233554
-76.7050042222074, 411.0757612857134
-76.76397936004841, 411.01467483091045
-76.76771710728516, 411.0110744713685
-76.76908200767687, 411.0096562425377
-76.89965764179158, 410.85121657254405
-76.92269953691428, 410.8273645387772
-76.95146493994955, 410.79003128951723
-77.01322540283695, 410.7150008972718
-77.03589549917223, 410.6855743406138
-77.09270372819608, 410.5958835936211
-77.11038379688273, 410.5729830015874
-77.20585229804192, 410.42206310017775
-77.21264462070704, 410.4105609169183
-77.24742342308184, 410.3515026956693
-77.25489349778891, 410.33502445761826
-77.25861125458158, 410.3287427006352
-77.3357197597249, 410.1580212534025
-77.36240704498945, 410.09907284322776
-77.37121256469786, 410.08405919569077
-77.3926731578623, 410.03270519520817
-77.40229309211136, 410.00967064403073
-77.43381284806637, 409.89619328769146
-77.47169853824678, 409.7598039095449
-77.47939624119553, 409.74131956116423
-77.48585410786634, 409.7158087432928
-77.49924129661031, 409.66259122165894
-77.50319459389132, 409.6253916271549
-77.50670203939234, 409.6113298132355
-77.52536991205122, 409.4365661495162
-77.5297622019769, 409.39662392561087
-77.52980497858246, 409.39630310478
-77.53562272715877, 409.3281902748155
-77.53694886779579, 409.31260806366856
-77.53810390445716, 409.29922883863935
-77.53854313883423, 409.2648312964841
-77.53854313883423, 409.1641643334748
-77.53854313883411, 409.1249463477536
-77.53854313883414, 408.7746846130835
-77.53854313883411, 408.6382291236325
-77.53854313883414, 403.7835561636852
-77.53854313883414, 391.66484808115206
-63.67261177306872, 391.66484808115206
-63.33814327977322, 391.66484808115206
-62.581622686503266, 391.66484808115206
-62.19171075245839, 391.66484808115206
-61.30428685458142, 391.66484808115206
-60.898528490396615, 391.66484808115206
-44.56181390250515, 391.66484808115206
-44.56181390250515, 393.9338332129774
-44.56181390250515, 407.664832822363
-46.819703519301896, 407.664832822363
-60.898528490396615, 407.664832822363
-60.898528490396615, 407.6786664230043
-60.898528490396615, 407.8934631191666
-60.898528490396615, 407.9766542977503
-60.898528490396615, 408.1220239541662
-60.898528490396586, 408.1803862518871
-60.898528490396615, 408.28528246912185
-60.898528490396586, 408.3284759871174
-60.898528490396615, 408.4077259547103
-60.898528490396615, 409.2648312964841
-60.899169463414125, 409.27738034634234
-60.90254526800351, 409.3125731899596
-60.90648366486624, 409.3538701889868
-60.90732496319794, 409.3685929772825
-60.924428373387485, 409.5477576475485
-60.92619119159636, 409.5795990295429
-60.93236125491916, 409.6114609011885
-60.93596193961531, 409.6491835877781
-60.93856630492661, 409.6625659061904
-60.94706092699326, 409.7064410614844
-60.986104571770824, 409.84663907090646
-60.98834876246326, 409.8528607179565
Holes:
Exterior:
-422.7896131072363, 281.1996860743697
-434.04617287527105, 279.410736573233
-437.5356671594541, 278.857706283878
-439.45757576471124, 278.55076144351307
-439.45757576471124, 275.376696367016
-439.457550577643, 271.8355190338747
-439.457550577643, 270.97179593911557
-439.457550577643, 265.1211030089287
-440.1847276201271, 265.00783773611266
-453.3200318666851, 262.9210793044084
-455.16648240594543, 262.63946964602496
-456.4939899506144, 262.4314412467855
-456.49396804835544, 257.1675151617372
-456.49396804835555, 246.4957303580014
-456.4939899506144, 235.8215161936488
-456.4939899506144, 234.58025605496397
-451.8279047985235, 237.51094141248365
-451.29846135172477, 237.84347509531221
-451.29846135172477, 157.91584643269442
-451.29846135172477, 151.86302160410128
-451.8279047985235, 152.05966634820072
-455.0776760671994, 153.26670517164328
-456.49398995061426, 153.7927553366394
-456.49395964257053, 138.1450975378334
-456.49395964257053, 137.8474485308601
-454.9564508536779, 137.2763821998044
-456.11430217563634, 137.15393941082704
-456.49395964257053, 137.1137908760959
-456.4939171662212, 127.40658470606651
-456.49389804533644, 114.7900015782321
-451.8279047985235, 115.30051183547153
-445.4632984465444, 116.02438273857302
-439.9835379420754, 116.64697552117535
-432.088412734451, 117.54634276151013
-416.70444221393916, 119.33399619158506
-416.72069065418884, 133.24008882685598
-416.66991947390693, 141.6560147192887
-419.46237126383414, 141.31248449472628
-416.6718585365269, 143.22138123339462
-416.6729763593629, 145.3356982916455
-416.6882874740627, 164.90152476620457
-423.756518093354, 160.06640119982603
-425.69848576578727, 158.73798345712862
-425.69848576578727, 177.14997915292136
-425.69848576578727, 242.854041806738
-423.756518093354, 242.07830486097689
-416.68830509453517, 239.25485204944303
-416.68582909066515, 243.47957527920258
-416.6818759801555, 255.6356190346339
-422.63998061001223, 258.0156448734219
-423.77038517984977, 258.4671780982419
-422.63998061001223, 258.64483855506586
-416.6781789382188, 259.5908806522301
-416.68292361621786, 264.4693246242817
-416.6835312005438, 282.18953180265254
-421.0739056550393, 281.4748946309957
-422.7896131072363, 281.1996860743697
Holes:
Exterior:
-576.1332661438445, 250.81774902595845
-576.1172497495241, 235.12104803498002
-555.5581887306544, 238.20449055342502
-554.1983724863637, 238.40723267367102
-554.1806197017866, 250.50252650519982
-554.1939500124702, 260.6971179959046
-571.8896751575043, 257.9976377332304
-576.1046714907222, 257.3786441143432
-576.1332661438445, 250.81774902595845
Holes:
Exterior:
-416.6818759801555, -249.12178687422204
-416.6839366785797, -245.60624407604334
-416.68830509453517, -232.7410858981753
-423.756518093354, -235.56449527958452
-425.69848576578727, -236.34025598378935
-425.69848576578727, -170.63613373585645
-425.69848576578727, -152.22412134023466
-423.756518093354, -153.5525272037102
-416.6882874740627, -158.38768237857735
-416.6853237703996, -152.78139797406925
-416.6718585365269, -136.70756098235205
-419.46237126383414, -134.79866052480497
-416.66991947390693, -135.14218331911638
-416.667355416746, -132.94697385884106
-416.70444221393916, -112.82020143762979
-427.29821308997646, -111.6198589232128
-432.088412734451, -111.03254346801998
-439.9835379420754, -110.13324937878717
-445.4632984465444, -109.51059590059417
-451.8279047985235, -108.78668786555022
-452.24675955089936, -108.7408594307026
-456.49389804533644, -108.27617760831079
-456.4939171662212, -120.89280386645133
-456.49395964257053, -130.6000432001199
-454.9564508536779, -130.7626345238284
-456.11430217563634, -131.19268632140682
-456.49395964257053, -131.33370014279492
-456.4939899506144, -146.31582100577523
-456.4939899506144, -147.27886198464938
-451.8279047985235, -145.54577712682874
-451.29846135172477, -145.34912134023466
-451.29846135172477, -225.27689184890892
-451.29846135172477, -231.32972741933622
-451.8279047985235, -230.99718269401305
-455.0776760671994, -228.95606824500467
-456.4939899506144, -228.0665060750291
-456.49396804835544, -239.98191633156168
-456.49396804835555, -250.65366907499458
-456.4939899506144, -255.3783526665701
-456.4939899506144, -255.9176218847819
-453.3200318666851, -256.40725157881985
-451.8279047985235, -256.64176401152633
-439.457550577643, -258.60737875143104
-439.457550577643, -259.4711067556882
-439.457550577643, -265.3216334985024
-439.45757576471124, -268.8628564554368
-439.45757576471124, -272.03699365010795
-437.5356139942329, -272.34391701647365
-434.1895864039677, -272.87414005026164
-422.94799598708585, -274.6605681960552
-416.6840845622745, -275.676051155213
-416.67905244433473, -270.5291408487847
-416.6781789382188, -253.0770566823088
-422.63998061001223, -252.13102459474834
-423.77038517984977, -251.9533541283206
-422.63998061001223, -251.5018209035006
-416.6818759801555, -249.12178687422204
Holes:
Exterior:
-524.3199084602543, -185.46621187648265
-524.3199084602543, -188.93362958414104
-524.319881122026, -206.017863040368
-518.815162093695, -209.47528057092973
-510.5647193936127, -214.65727633103725
-510.5647278496625, -208.2648503953597
-510.5647278496625, -194.10561400096387
-514.6173250071944, -191.56022727048168
-524.3199084602543, -185.46621187648265
Holes:
Exterior:
-524.3199084602543, -172.47099322052028
-521.8452264759907, -171.55183727204002
-510.5647278496625, -167.3619966669585
-510.56472833458804, -162.18211278630883
-510.56472833458804, -151.41680939990738
-514.6173250071944, -152.92202241826217
-524.31989063401, -156.52574926282932
-524.31989063401, -161.48934984062856
-524.3199084602543, -172.47099322052028
Holes:
Exterior:
-524.3199084602543, 178.98479191555322
-524.3199084602543, 176.2945649136136
-524.31989063401, 163.03958510756362
-519.6100583248351, 161.29022376620634
-510.56472833458804, 157.93058283056737
-510.5647278496625, 162.89024804887939
-510.5647278496625, 173.8758180858893
-514.6173250071944, 175.38103640766224
-524.3199084602543, 178.98479191555322
Holes:
Exterior:
-524.3199084602543, 191.9799976994313
-521.8452264759907, 193.53430754734006
-510.5647278496625, 200.61938795858515
-510.5647193936127, 207.75520299354844
-510.5647193936127, 221.1711135460553
-514.6173250071944, 218.6257439979451
-524.319881122026, 212.53170012540056
-524.319881122026, 205.46590772515466
-524.3199084602543, 191.9799976994313
Holes:
Exterior:
-524.319881122026, 129.9411858625559
-524.3198266215182, 111.33224942704939
-524.3198266215182, 107.34671394486557
-521.4212556658085, 107.66824464043991
-510.5647305879364, 108.8415326601272
-510.5647456351609, 114.32883823501743
-510.5647283345879, 131.3958152007158
-514.6173250071944, 130.96725757848765
-524.319881122026, 129.9411858625559
Holes:
Exterior:
-524.319881122026, -123.42742507146869
-519.142547124461, -123.97493738223639
-510.5647283345879, -124.8820675247398
-510.5647456351609, -107.81500425471386
-510.5647305879364, -102.32768039895615
-513.5988366788481, -101.98952610319921
-524.3198266215182, -100.83285182797161
-524.3198266215182, -104.81840090830308
-524.319881122026, -123.42742507146869
Holes:
Exterior:
-69.90065882209925, 334.20849906155644
-69.86705643676814, 340.5854320550971
-73.54840203323931, 339.9377492837919
-74.31022139111988, 339.8025385979032
-78.21199021293864, 339.1254646889186
-86.27462318118404, 337.7135011335352
-101.82312108611092, 334.9906110714607
-101.82215938219397, 334.030360153378
-101.83431663691488, 314.52716306861424
-101.83267479708684, 311.45345869785007
-101.54938657726171, 311.50179860177104
-82.68799935657051, 314.76885019645806
-68.68537488260412, 317.224133262005
-68.68541325456832, 320.9245024277215
-68.68540546143697, 327.2502574009388
-69.00722375768714, 327.1813936232102
-69.25018034074282, 327.1350222629492
-69.904296668673, 327.0101777254266
-69.90433007564599, 327.2445243731816
-69.90107049236795, 333.7932312868538
-69.90065882209925, 334.20849906155644
Holes:
Exterior:
-555.5180254480354, -120.12823397557626
-554.5147125951369, -120.2343392722953
-554.1777102547381, -120.26997828357223
-554.177458281412, -119.66497456046817
-554.202609993951, -97.64703887835677
-567.7467481640116, -96.1989094638724
-576.1040727096639, -95.33526000694562
-576.1097685863145, -108.73724311233022
-576.1276487219055, -117.94867935293233
-555.5180254480354, -120.12823397557626
Holes:
Exterior:
-524.3198366459409, 249.6858334903426
-524.3198306157966, 242.96494660976293
-519.2628357103338, 243.7387207086163
-510.5647193936127, 245.04474120330835
-510.5647278496625, 247.8742023424591
-510.5647278496625, 254.02563167331667
-515.5411573465864, 253.23585699964292
-524.3198208258092, 251.9071968913855
-524.3198366459409, 249.6858334903426
Holes:
Exterior:
-524.3198306157966, -236.4511106828573
-524.3198115391154, -239.8917327679781
-524.3198208258092, -245.39343748603966
-520.726534776296, -245.96800478769592
-510.5647278496625, -247.51186026668591
-510.5647193936127, -244.35943706557416
-510.5647193936127, -238.53085418453847
-514.6173250071944, -237.9087556751426
-524.3198306157966, -236.4511106828573
Holes:
Exterior:
-562.9320886241497, -164.90212761754483
-562.9336320688586, -181.76527434268493
-562.9326750490472, -186.8126032627163
-557.8833917716466, -184.93721032949247
-554.184617985123, -187.26025258216944
-554.185924979851, -187.2594225238934
-554.177256604644, -167.33733449086884
-554.178352131763, -166.8480261541959
-554.1782924812019, -166.71251438694395
-554.3197659885136, -166.6236581220424
-557.3095952964018, -164.7458707145199
-562.9322413511405, -161.2145074170743
-562.9320886241497, -164.90212761754483
Holes:
Exterior:
-554.184617985123, 193.7740438681714
-555.7003528235404, 192.8221483779694
-557.8833917716466, 191.45103429941378
-562.9326750490472, 193.3264272326376
-562.9426138551419, 191.43153473358657
-562.9336320688586, 188.2790862365852
-562.9476516771579, 188.27026748333444
-562.9351687313782, 177.38214315800204
-562.9322413511405, 167.72826291852843
-558.11145981181, 170.7561014329229
-557.3095952964018, 171.25966738421295
-554.3197667358315, 173.13748223942642
-554.1782924812019, 173.22633756845437
-554.177256604644, 173.8511573022497
-554.1769585383319, 176.1538839913833
-554.184617985123, 193.7740438681714
Holes:
Exterior:
-86.27462315712935, -331.1997162017263
-80.21316312852767, -332.25635072910023
-74.29028630632897, -333.29226708795187
-69.86705643676814, -334.0716572556544
-69.86899408346662, -332.1112413641837
-69.90107049236795, -327.27940498463556
-69.90101138066785, -326.86456777157053
-69.904296668673, -320.4964313672206
-69.25018034074282, -320.621263480949
-69.00722375768714, -320.66753839762504
-68.68540546143697, -320.73642301492754
-68.68537663720241, -317.75074445129
-68.68537488260412, -310.710362263565
-81.53358528631529, -308.4610241448552
-82.68799935657051, -308.25508043768593
-101.54938657726171, -304.98793714649224
-101.83267479708684, -304.9396027848473
-101.83430232355715, -308.4592100719877
-101.82453998928452, -328.47643354420416
-86.27462315712935, -331.1997162017263
Holes:
Exterior:
-576.0946623178362, -241.05546772422042
-576.1046714907222, -250.86489643836725
-566.5213276534065, -252.3334549355811
-554.1939500124702, -254.18332152517576
-554.1997140448353, -232.32984448973187
-554.1983724863637, -231.89344685072237
-555.5581887306544, -231.69070236455562
-576.1172497495241, -228.60722406505872
-576.0946623178362, -241.05546772422042
Holes:
Exterior:
-30.26067472886365, 323.9039544713666
-27.495436628143267, 324.37967171152553
-27.495422668581853, 331.61153927965603
-27.495422668581853, 334.49840181148943
-31.169338670050536, 333.85849494674295
-40.46401525147917, 332.22267033144294
-40.463997446291984, 325.37851911627155
-40.463997446291984, 322.1289095007164
-30.26067472886365, 323.9039544713666
Holes:
Exterior:
-30.26067472886365, -306.56978541883126
-27.495436628143267, -308.59671230097456
-27.495422668581853, -292.43262270510587
-27.495422668581853, -285.8817039267657
-35.593820738863144, -279.94563431952315
-40.46402369188678, -276.3757905632171
-40.464006604590054, -290.29030787131256
-40.463997446291984, -299.0907407252852
-30.26067472886365, -306.56978541883126
Holes:
Exterior:
-31.534068774107993, -164.13851038898636
-40.46393828424516, -162.7031675699561
-40.46393828424516, -164.65048424376195
-40.46401525147917, -186.36069223148885
-31.030159256707663, -187.79856123458046
-27.495462054274526, -188.33731975415455
-27.495422668581853, -171.74733721985953
-27.495383235084915, -164.79441280092487
-31.534068774107993, -164.13851038898636
Holes:
Exterior:
-576.1276487219055, 124.46249613672158
-576.1098180352999, 115.29338338374404
-576.1040025727251, 101.84898560116297
-566.7307185669877, 102.83897523757102
-554.202609993951, 104.16082678036175
-554.177458281412, 126.17872529935352
-554.1770983181622, 126.49459729178594
-554.1777102547381, 126.78372569692809
-555.5180254480354, 126.64198631476884
-576.1276487219055, 124.46249613672158
Holes:
Exterior:
-40.46401525147917, 213.0135771943853
-31.030159256707663, 209.1600286828217
-27.495462054274526, 207.71619151779416
-27.495422668581853, 219.47787487790538
-27.495422668581853, 224.24468279736368
-35.593820738863144, 227.55273270136774
-40.46402369188678, 229.54212076943662
-40.46402369188678, 220.19479826324581
-40.46401525147917, 213.0135771943853
Holes:
Exterior:
-40.46401525147917, -216.91778380396087
-40.46402369188678, -223.02828022569315
-31.919339129108494, -219.53798462346364
-27.495422668581853, -217.7309021167285
-27.495462054274526, -205.7897421597265
-27.495462054274526, -201.20233998841826
-35.593820738863144, -204.51037386284096
-40.46401525147911, -206.49977148860899
-40.46401525147917, -216.91778380396087
Holes:
Exterior:
-40.46401525147917, 192.87452614282398
-40.46401525147917, 178.16811174084899
-40.46393828424516, 169.2169915398774
-38.92019414891462, 169.4671289024291
-27.495383235084915, 171.30829774530469
-27.495406684337354, 180.9770298267844
-27.495462054274526, 194.85113952097632
-35.593820738863144, 193.61681169049214
-40.46401525147917, 192.87452614282398
Holes:
Exterior:
-40.46402369188678, 282.88958796065964
-31.919339129108494, 289.1527758224693
-27.495422668581853, 292.3954846074009
-27.495436628143267, 310.17112029938323
-27.495436628143267, 315.11046827207423
-36.16955298300746, 308.7523400992042
-40.463997446291984, 305.6045132448965
-40.46401525147917, 291.2870994576837
-40.46402369188678, 282.88958796065964
Holes:
Exterior:
-40.46401525147917, -325.7088364201078
-40.101777440920785, -325.77386099243915
-31.169338670050536, -327.3446817836878
-27.495422668581853, -327.9845998446743
-27.495436628143267, -320.0426059591537
-27.495436628143267, -317.86593233067316
-36.16955298300746, -316.35412966199993
-40.463997446291984, -315.6151618247404
-40.46401525147917, -322.0194929156102
-40.46401525147917, -325.7088364201078
Holes:
Exterior:
4.698655347970174, -401.15097070546904
12.653707014044784, -401.15097070546904
12.653707014044784, -390.9354446836945
12.653707014044784, -385.1510622582034
2.4880872412199437, -385.1510622582034
-5.8214839806912835, -385.1510622582034
-5.8214839806912835, -392.8006051651264
-5.8214839806912835, -401.15097070546904
4.698655347970174, -401.15097070546904
Holes:
Exterior:
4.698655347970174, 391.66484808115206
12.653707014044784, 391.66484808115206
12.653707014044784, 401.8804228146293
12.653707014044784, 407.664832822363
2.4880872412199437, 407.664832822363
-5.8214839806912835, 407.664832822363
-5.8214839806912835, 400.0152534393683
-5.8214839806912835, 391.66484808115206
4.698655347970174, 391.66484808115206
Holes:
