Exterior:
128.74370934745878, -440.03467984511815
103.43574945278766, -440.03467984511815
73.03566068480376, -437.653781122189
70.04324094914642, -437.4332496824653
67.94066578204638, -437.278260038022
67.4674529765361, -437.24197683301014
64.36713982233681, -437.0044296818448
63.35183018257163, -436.92297007459996
61.717799920909954, -436.7918644373365
48.43858971202218, -435.4543956233406
47.79669914876922, -435.3982497743753
47.51259016505429, -435.3733875018855
46.81679884553347, -435.3092884118632
46.390645165516446, -435.26472494441526
46.25737307120403, -435.2737928168035
43.11708232323116, -434.92541549672575
40.033052368730864, -434.6077436696927
40.03316686299689, -485.9480645093285
40.03318026525443, -492.6805691898852
40.03318204707381, -498.440177121983
41.179878800415736, -498.75919313564555
45.812153261381525, -500.0478786976572
41.179878800415736, -501.4743601388761
40.033182047073865, -501.82748182085277
40.03309200347701, -514.2904159879229
40.03309200347695, -516.8603661973794
52.63597006919127, -512.9793596409809
58.63575403042444, -511.1317867787119
58.63575403042444, -620.9433103896534
58.63575403042444, -638.6943478138681
52.63597006919127, -633.5084789711464
43.7243394810842, -625.8058191315811
40.03309200347695, -622.6153271208372
40.033100383701424, -644.4228874317052
40.033100383701424, -647.9141951390084
40.03309200347695, -655.4082678692691
40.03309200347695, -657.286369608327
52.63597006919127, -660.7923887117577
56.131581388076484, -661.7649036910607
56.131581388076484, -673.5523261313675
56.13159162155648, -676.253600119302
56.131591614268075, -676.2865732275027
56.13159171372587, -676.340530530071
56.13159173794861, -676.3481856752194
56.13159170890685, -676.3660452430514
56.13159164944466, -676.3900366738748
56.13159161320527, -676.4127664796176
77.96284452788592, -682.486153632359
78.53441569276839, -682.6451620360192
78.53441644595131, -682.4357471823146
78.53441627097459, -682.3324452187802
78.53441627097459, -675.3212465286884
79.43335264441816, -675.5713173906864
79.51634411278854, -675.5944165417837
79.65361872185741, -675.6326024381615
79.8605149259285, -675.6901582433854
80.15862182467833, -675.7730920430658
80.57930195588926, -675.8901202295135
81.16982029921587, -676.0544024683782
82.00493946698049, -676.2867355239882
83.21005774520881, -676.6219978754407
85.0129052472077, -677.1235373889048
87.87416885147849, -677.919529601502
92.88767734734034, -679.314271237822
103.43574945278766, -682.2487301380869
103.43574945278766, -690.0408386751515
103.43574945278766, -693.2251406856165
103.43574945278766, -696.0347408802744
107.09508211087984, -696.0347408802744
128.74370934745878, -696.0347408802744
128.74370934745878, -689.2312949901598
128.74370934745878, -559.5681849185538
128.74370934745878, -440.03467984511815
Holes:
Exterior:
128.74370934745878, 705.1617674532438
128.74370934745878, 711.9652133433584
103.43574945278766, 711.9652133433584
103.43574945278766, 709.1556131487005
103.43574945278766, 701.3635046116359
103.43574945278766, 698.1792026011709
92.88767734734034, 695.244771822218
87.87416885147849, 693.8500228626515
85.0129052472077, 693.0540263155094
83.21005774520881, 692.5524703385247
82.00493946698049, 692.2172079870722
81.16982029921587, 691.9848849904874
80.57930195588926, 691.820601582103
80.15862182467828, 691.7035764447465
79.8605149259285, 691.6206415093485
79.65361872185741, 691.5630814756258
79.51634411278854, 691.5248950511657
79.43335264441816, 691.5018038442564
78.53441627097459, 691.251722249355
78.53441627097459, 698.2629209394466
78.53441644595131, 698.3662207361411
78.53441569276839, 698.575636324315
56.18667410207104, 692.3585628130753
56.13159161320527, 692.3432389427016
56.13159164944466, 692.3205091369588
56.13159170890685, 692.2965180711565
56.13159173794861, 692.2786584746736
56.13159171372587, 692.271002993155
56.131591614268075, 692.2170460192274
56.13159162155648, 692.1840721678736
56.131581388076484, 689.4828283915754
56.131581388076484, 677.6954059512685
52.63597006919127, 676.7229325662079
40.03309200347695, 673.2168551143277
40.033100383701424, 663.8446676020924
40.033100383701424, 660.3533598947893
40.03309200347695, 642.9159005411201
40.03309200347695, 638.5458126268378
52.63597006919127, 649.4389692820719
58.63575403042444, 654.6248202769522
58.63575403042444, 636.8737934694628
58.63575403042444, 527.0623355357412
52.63597006919127, 528.9099083980102
43.7243394810842, 531.6542171904653
40.03309200347701, 532.7909149544088
40.03318204707381, 518.663046799774
40.03318204707381, 517.7580259847772
45.812153261381525, 515.9784274546865
41.179878800415736, 514.6897402687575
40.03318204707381, 514.3707304721174
40.03316686299689, 501.87861326635806
40.033052368730864, 450.53826284136204
46.25737307120403, 451.2043034268602
46.39064516551639, 451.19523385440567
46.81679884553347, 451.2398009201126
47.51259016505429, 451.30389811194215
47.79669914876922, 451.3287533103895
48.43858971202218, 451.38490623339726
49.21555105680636, 451.44997720998055
63.35183018257163, 452.85356451505834
64.36713982233681, 452.9350221365266
67.4674529765361, 453.1725922455803
67.94066578204638, 453.20886535752265
70.04324094914642, 453.36383131593954
73.0356606848037, 453.5843939117149
103.43574945278766, 455.96526674912013
128.74370934745878, 455.96526674912013
128.74370934745878, 575.4987153455512
128.74370934745878, 705.1617674532438
Holes:
Exterior:
165.69413538526078, -408.0347103626963
153.40246145077356, -408.0347103626963
153.40246145077356, -409.2174762985287
153.40246145077356, -418.67959955528835
153.40246145077356, -632.2306061116966
153.40246145077356, -717.3898211701043
153.40246145077356, -728.0347103626963
155.21713174024023, -728.0347103626963
165.69413538526078, -728.0347103626963
165.69413538526078, -469.49307911933187
165.69413538526078, -408.0347103626963
Holes:
Exterior:
165.69413538526078, 682.5068903630905
165.69413538526078, 743.9652591197256
153.40246160939495, 743.9652591197256
153.40246145077356, 742.7824903639568
153.40246145077356, 733.3203445477158
153.40246145077356, 519.7693379913076
153.40246145077356, 434.61016100202653
153.40246145077356, 423.9652591197256
155.21713174024023, 423.9652591197256
165.69413538526078, 423.9652591197256
165.69413538526078, 682.5068903630905
Holes:
Exterior:
-35.85701381392539, 460.8158560695562
-35.857006762155834, 441.16632257519086
-33.58932287477489, 441.48542071437555
-25.10854946930158, 442.5321707849406
-21.084039140377513, 443.2715778811574
-21.084040519741507, 457.0549000947284
-21.084029254113375, 497.3680577561341
-25.307036088219775, 496.1932218487061
-35.856995793129386, 493.2582259322344
-35.85701381392539, 460.8158560695562
Holes:
Exterior:
-35.85699938656808, -540.2302624728393
-33.6070809045151, -539.5374206047946
-21.08403048517789, -535.6810215159313
-21.084029254113375, -531.1244802299443
-21.084029254113375, -520.6481985330795
-25.307036088219775, -521.9486739812779
-35.856993002203694, -525.1974312430598
-35.856993002203694, -529.2850764915191
-35.85699938656808, -540.2302624728393
Holes:
Exterior:
-35.85699938656808, 553.6862572953694
-35.856993002203694, 541.1279592545172
-31.592637757072566, 539.8147736771922
-21.084029254113375, 536.5786941212699
-21.08403048517789, 540.598258500945
-21.08403048517789, 551.6115702729606
-25.307036088219775, 552.9120182300661
-35.85699938656808, 556.1608175092512
-35.85699938656808, 553.6862572953694
Holes:
Exterior:
-35.85700496062361, -426.903730839644
-35.8569957931295, -477.327651844368
-30.67644800881294, -478.76890017370226
-21.084029254113375, -481.4374558302657
-21.084030513733296, -455.861825342786
-21.084040519741507, -441.1243855907635
-21.084039140377513, -427.34106351735267
-33.58932287477489, -425.5550128339438
-35.857006762155834, -425.2359209082131
-35.85700496062361, -426.903730839644
Holes:
Exterior:
-35.85699938656808, -557.0205023751216
-35.85699938656808, -561.2283668173599
-35.856995793129386, -582.5831864186173
-30.181636593192025, -587.4886180086124
-21.08402717688216, -595.3519610788027
-21.08403048517789, -588.5168992010506
-21.08403048517789, -569.7893672786346
-25.307036088219775, -566.1392550466828
-35.85699938656808, -557.0205023751216
Holes:
Exterior:
-35.85699938656808, 572.951038573386
-33.6070809045151, 574.8957338462772
-21.08403048517789, 585.7198956357892
-21.08402717688216, 594.2679165802488
-21.08402717688216, 611.2825097142398
-25.307036088219775, 607.6324007892428
-35.8569957931295, 598.5136588817014
-35.8569957931295, 590.0264605902299
-35.85699938656808, 572.951038573386
Holes:
Exterior:
-35.856995793129386, -636.1739094725152
-25.307036088219775, -639.1088579472649
-21.08403048517789, -640.2837173465017
-21.08402717688216, -636.6100560061311
-21.08402717688216, -629.2978147924304
-25.307036088219775, -628.1229875859368
-35.8569957931295, -625.1880391111871
-35.8569957931295, -632.5264209160971
-35.856995793129386, -636.1739094725152
Holes:
Exterior:
-35.856995793129386, 644.7660254615264
-35.856995793129386, 641.1185115742711
-30.181636593192025, 642.697376637463
-21.08402717688216, 645.2282872555144
-21.08403048517789, 648.1657790112178
-21.08403048517789, 656.2142457036563
-25.307036088219775, 655.0394067042943
-35.8569957931295, 652.1044072664364
-35.856995793129386, 644.7660254615264
Holes:
Exterior:
-87.38326174974475, 478.9237892421974
-88.9927520393519, 478.476034202057
-91.70438892969219, 477.7216578584906
-92.09720958820583, 477.6123746054271
-93.0216581754363, 477.3551976522693
-94.28147948960122, 477.004723120049
-95.49453555588241, 476.66724952197353
-95.49453237163982, 455.9325163132759
-95.49453237163982, 451.0334348136549
-94.04309957803753, 451.43721243218425
-93.33491543389812, 451.63422884274644
-89.09375070120825, 452.81410885720214
-89.0937509975696, 444.5635732856973
-89.09377361822135, 443.77059210422647
-89.0937526458938, 442.4468077767077
-89.09376762146303, 440.42249676864384
-89.0937854806275, 437.44248499494597
-89.09373544676805, 433.1049554350523
-89.09373794122769, 432.36108153366513
-83.93842287672192, 433.2681368798234
-73.09175022872978, 435.1765619305303
-73.09175223106604, 444.1135910625668
-73.0917201421853, 482.899672258231
-78.39387287870125, 481.42462779663606
-82.6929414904863, 480.2286472947871
-87.38326174974475, 478.9237892421974
Holes:
Exterior:
-87.38326174974475, -462.9932926086778
-82.6929414904863, -464.29812106251165
-77.26323645639889, -465.8086498035998
-73.0917201421853, -466.9691074977867
-73.09174526926677, -421.95159832381614
-73.09175022872978, -419.24603455997175
-83.93842287672192, -417.3376398373494
-89.09373794122769, -416.43059890582657
-89.09373544676805, -417.17448226502006
-89.0937854806275, -421.51194146942396
-89.09376762146303, -424.49192734339056
-89.0937526458938, -426.51629716665104
-89.09377361822135, -427.8400814941698
-89.0937509975696, -428.6330177871021
-89.09375070120825, -436.88362343377764
-93.33491543389812, -435.7037439741494
-94.04309957803753, -435.50671912229257
-95.49453237163982, -435.10292420359826
-95.49453555588252, -456.7702638539327
-95.49453555588252, -460.7367652533691
-94.28147948960122, -461.0742361980656
-93.0216581754363, -461.42471782036773
-92.09720958820583, -461.68187177165925
-91.70438892969219, -461.79116280723093
-88.9927520393519, -462.54560048785316
-87.38326174974475, -462.9932926086778
Holes:
Exterior:
-95.4945347720801, -634.2307885875557
-76.08327631844486, -639.6309544415095
-73.09174662766941, -640.4631948813835
-73.09175242500805, -639.2675309544355
-73.09174358636949, -638.0332831387622
-73.09174416850828, -637.1188605641747
-73.0917450011508, -636.7293002322203
-73.09173899254358, -634.0237711084005
-73.09174802748169, -632.4045502030377
-73.09173157806777, -625.815264605515
-73.09173157806777, -620.266564990717
-73.09173157806777, -614.829471313741
-78.16494973383863, -613.4181200286661
-82.69294712218766, -612.1584472259909
-87.67211985730285, -610.7732501024952
-89.17944130865101, -610.3538458735811
-91.76860927335656, -609.6335090165858
-92.14889919651364, -609.5277211790597
-93.04914922623675, -609.2772534489625
-94.28147948960122, -608.9344343727853
-95.49453943905485, -608.5969703910059
-95.49453719821872, -629.0539715670319
-95.49454082244097, -629.0657783821213
-95.4945347720801, -634.2307885875557
Holes:
Exterior:
-95.49454082244097, 644.9962508452053
-95.49453719821872, 644.9844440301159
-95.49453943905485, 624.5275066412947
-94.28147948960122, 624.8649831298146
-93.04914922623675, 625.2078022059918
-92.14889919651364, 625.4582499969949
-91.76860927335656, 625.5640466708794
-89.17944130865101, 626.2843381763686
-87.67211985730285, 626.703682310916
-82.69294712218766, 628.0888568381217
-77.6427668363101, 629.4938017251895
-73.09173157806777, 630.7598859746595
-73.09173157806777, 636.3086819264001
-73.09173157806777, 641.7458133625444
-73.09174802748169, 648.3350646396852
-73.09173899254358, 649.9542435714845
-73.0917450011508, 652.6597921433519
-73.09174416850828, 653.0493504463191
-73.09174358636949, 653.9637556018462
-73.09175242500805, 655.1980034175195
-73.09174662766941, 656.3936782789481
-90.97610047720036, 651.4182997332991
-95.4945347720801, 650.1612826566574
-95.49454082244097, 644.9962508452053
Holes:
Exterior:
-81.82478450251301, 570.3163666100281
-82.6929429411307, 570.5837111086985
-82.69294168740828, 569.2604177233046
-82.69293492100508, 558.0315862832483
-82.69293629351921, 556.4694818659136
-82.69293341523064, 555.550836088761
-82.69293333077098, 536.3222226618897
-82.69293163562065, 532.468947187621
-74.06801868465641, 539.9237960414415
-73.09173340977054, 540.7676375044061
-73.09174974579196, 552.5941941503444
-73.0917610363274, 557.6807789719135
-73.09177599789712, 566.3302074434291
-73.0917764875885, 567.4742516324412
-73.0917764875885, 567.627086006649
-81.82478450251301, 570.3163666100281
Holes:
Exterior:
-73.19883458673121, -551.7295827579436
-73.0917764875885, -551.6966147070452
-73.0917764875885, -551.5437783937037
-73.09177599789712, -550.3997283985032
-73.0917610363274, -541.7502302148841
-73.09174974579196, -536.663645393315
-73.09173545222768, -527.0263354518491
-73.09173340977054, -524.8370922840494
-81.09649680778784, -517.918265696596
-82.69293163562065, -516.5384053331178
-82.69293333077098, -520.3916739048603
-82.69293341523064, -539.6202873317317
-82.69293629351921, -540.5389331088843
-82.69293492100508, -542.1010501163628
-82.69294168740828, -553.3299519761059
-82.6929429411307, -554.6532499066167
-73.19883458673121, -551.7295827579436
Holes:
