Exterior:
157.65471798206778, -393.7069741382902
128.08460200362373, -402.8506589673824
113.10023102967995, -407.4841432879935
113.10023102967995, -408.66834418438305
113.10023102967995, -422.5342744131302
116.94941360464401, -421.3440149233069
118.79176688632077, -420.77431853848924
125.62862341951501, -418.6602210253736
157.69072669553157, -408.74591868857357
157.69072669553157, -399.25299642284375
157.65471798206778, -393.7069741382902
Holes:
Exterior:
157.65471798206778, 395.7294855437419
157.69072669553157, 401.27548735625925
157.69072669553157, 410.76840962198906
125.62862341951501, 420.6826847349964
122.12204713436262, 421.7670201968587
116.94941360464401, 423.36650585672237
113.10023102967995, 424.5567563419461
113.10023102967995, 423.37256745168935
113.10023102967995, 409.50667236838166
128.08460200362373, 404.87318804777055
132.61662471982487, 403.47179110723823
157.65471798206778, 395.7294855437419
Holes:
Exterior:
820.5333860244932, -666.1189509255572
827.9516460612319, -668.1826952183276
860.168940513968, -677.1454904148931
868.6983239164877, -679.5183387954035
872.5353329933072, -680.5857774511117
874.6447909634848, -681.1726217117075
875.924924210656, -681.5287565517284
876.7405581768924, -681.7556624823372
877.2676651672597, -681.9023047773227
877.6012728419252, -681.99511741808
877.7970670479281, -682.0495748899463
879.6715549356098, -682.5710639338461
879.6715549356098, -689.5956157308094
879.671552857094, -689.6945059968785
879.6715507079538, -689.8949783364965
891.4298285969937, -693.1661005340495
900.3680586313076, -695.6526897123065
903.5095867521886, -696.5266535506262
903.5095867521886, -696.9670993505713
903.5095867521886, -702.9887507185949
935.4954463514744, -702.9887507185949
953.4762987501745, -702.9887507185949
953.4762987501745, -719.4670519043735
953.4762987501745, -734.9887202010168
984.2134379854865, -734.9887202010168
1017.4762997038483, -734.9887202010168
1017.4762997038486, -539.8679308368125
1017.4762997038486, -414.98872020101686
987.2682735101733, -414.98872020101686
953.4762987501745, -414.98872020101686
953.4762987501745, -435.0225697839108
953.4762987501745, -446.98868968343874
934.6271593008729, -446.98868968343874
903.5095867521886, -446.98868968343874
877.2469006962383, -444.93182741015636
875.9200233788929, -444.8487752012723
874.6771964917292, -444.77092023235167
874.3488992729974, -444.7478744494321
871.5423725143237, -444.551234272889
870.2700950825483, -444.4531049190194
866.4916018389258, -444.03304351196493
863.7362307684692, -443.82850379331836
860.5248063073473, -443.56625565948804
858.6881831855433, -443.41615095232976
852.4088675912272, -442.8581145283664
846.4561993364291, -442.2396179796412
846.281551093821, -442.2516102457307
839.5437589868491, -441.52622354653795
835.0935318645393, -440.95357254199627
820.525433229993, -439.54505590150535
820.5338871070517, -445.14675974024107
820.2503962087494, -474.3204141401478
820.5313268218704, -499.94830055517144
845.8859905607824, -507.0018885359778
820.5313268218704, -514.8096966855568
820.5307704535398, -516.2114420046761
820.5333860244932, -529.8419404988089
846.2621796591129, -521.9189321468398
853.7034389056805, -519.627390684918
858.7095913298253, -518.0857966170324
858.7095913298253, -567.8988719388816
858.7095913298253, -645.6483576521887
853.7034389056805, -641.3213268714081
846.2892737101307, -634.9129230533574
820.522037090195, -612.6413558713871
820.4565505770062, -632.6953716553072
820.5117590292365, -638.19510807073
836.9037517912511, -652.363292954923
820.3582764430149, -647.7603687962797
820.5422992865111, -663.7737555918295
820.5333860244932, -666.1189509255572
Holes:
Exterior:
820.5333860244932, 531.8644631132645
820.5338871070517, 530.5652647484426
820.5313268218704, 516.832225765945
845.8859905607824, 509.02441761636595
820.5313268218704, 501.9707951143142
820.522020096459, 495.9420627617801
820.1928719243829, 467.18873112671974
820.525433229993, 441.56757854390736
846.281551093821, 444.27407458058303
846.4561993364291, 444.2620802321159
852.4088675912272, 444.8806319696676
858.6881831855433, 445.43864188574526
860.5248063073473, 445.5886758299246
863.7362307684692, 445.85099472673386
867.624805189487, 446.2716073461989
870.2700950825483, 446.4756352578833
871.5423725143237, 446.57376666293766
874.3488992729974, 446.7704627559311
874.6771964917292, 446.79349174667726
875.9200233788929, 446.87131507178833
877.2469006962383, 446.95441700006336
903.5095867521886, 449.01125691079955
934.6271593008729, 449.01125691079955
953.4762987501745, 449.01125691079955
953.4762987501745, 432.5329360813364
953.4762987501745, 417.011249281405
984.2134379854867, 417.011249281405
1017.4762997038488, 417.011249281405
1017.4762997038488, 612.1320386456096
1017.4762997038488, 737.0112492814051
987.2682735101733, 737.0112492814051
953.4762987501745, 737.0112492814051
953.4762987501745, 716.977351934046
953.4762987501745, 705.0112035050379
918.6415807683688, 705.0112035050379
903.5095867521886, 705.0112035050379
903.5095867521886, 698.9895521370142
903.5095867521886, 698.5491063370691
891.4298285969937, 695.1885533204925
880.6691488972995, 692.194961147995
879.6715507079538, 691.9174328702138
879.671552857094, 691.7169598274888
879.6715549356098, 691.618071635734
879.6715549356098, 684.5935198387708
877.7970670479281, 684.0720426636694
877.6012728419252, 684.017576753573
877.2676651672597, 683.9247648181356
876.7405581768924, 683.7781275351514
875.924924210656, 683.5512234860579
874.6447909634848, 683.1950857244689
872.5353329933072, 682.6082442307188
868.6983239164877, 681.5407915818464
860.168940513968, 679.167943201336
827.9516460612319, 670.2052155269023
820.5333860244932, 668.1414800059455
820.5422992865111, 665.7962748898643
820.3582764430149, 656.2492793166167
820.3582764430149, 649.7828754716668
836.9037517912511, 654.385745741366
820.5117590292365, 640.2175342462551
820.4565505770062, 634.7178107028344
820.1709916104551, 626.2756316725628
820.522037090195, 614.6638150840735
846.2892737101307, 636.9354405692758
853.7034389056805, 643.3437945498898
858.7095913298253, 647.6708104386316
858.7095913298253, 569.9213712265469
858.7095913298253, 520.1083256974207
853.7034389056805, 521.6499197653063
846.2621796591129, 523.9414079539719
820.5333860244932, 531.8644631132645
Holes:
Exterior:
-36.083686677275466, -202.98942006465398
-36.083686677275466, -190.3093174291842
-36.083858107043795, -186.03329163012444
-36.083858107043795, -173.9870074194514
-36.08386424439874, -172.9239405823437
-36.083717422390635, -155.88507669591505
-51.935322264141575, -163.81090840360378
-53.98536065336128, -164.8358968193243
-57.37712887709739, -166.53179767909364
-65.17102390454971, -170.42878367757936
-73.0037054780093, -166.51240421456944
-74.43924106806156, -165.79466653403915
-85.5391281343089, -160.24471274707292
-85.5391281343089, -172.17600191750495
-85.5391281343089, -178.3465382033248
-85.5391281343089, -186.78332179138167
-85.5391281343089, -189.7860065734057
-85.5391281343089, -198.71462353982525
-73.0037054780093, -192.44693110493415
-65.17102390454971, -188.53059031820436
-65.1360231274437, -188.5130899296514
-65.0861850373621, -188.4881708846106
-57.33063157764269, -192.36594761447037
-53.95198624911387, -194.05527027873478
-36.083686677275466, -202.98942006465398
Holes:
Exterior:
-36.083686677275466, 205.0119335978041
-51.90384550047423, 197.10188347509325
-53.95198624911387, 196.0778237236221
-57.33063157764269, 194.3885052416155
-65.0861850373621, 190.51073811197142
-65.12144327115783, 190.5283513753468
-65.17102390454971, 190.55311939859251
-70.62864591621945, 193.28193040442736
-73.0037054780093, 194.4694601853223
-74.41845906063253, 195.1768198209691
-85.5391281343089, 200.73713372695474
-85.5391281343089, 188.8058005848727
-85.5391281343089, 180.3690924271615
-85.5391281343089, 174.19851713076935
-85.5391281343089, 171.1957820618482
-85.5391281343089, 162.26716501779683
-73.0037054780093, 168.53485753031975
-65.17102390454971, 172.45119831704955
-57.37712887709739, 168.5542508033234
-53.98536065336128, 166.8583666914554
-36.083717422390635, 157.90754507597003
-36.083717422390635, 170.65835866773276
-36.08386424439874, 174.94649884863242
-36.08386424439874, 186.99474224042038
-36.083858107043795, 188.0557511558508
-36.083686677275466, 205.0119335978041
Holes:
Exterior:
118.79176688632077, -470.8964150220153
125.62862341951501, -472.79841898713147
157.69072669553157, -481.71796390351255
157.69072669553157, -474.95714632928537
157.69072669553157, -463.4081236259412
125.62862341951501, -454.48848246369397
123.30350849394216, -453.84165446392825
117.54619433230397, -452.2399882666747
113.11324611765627, -451.0067467030123
113.11324611765622, -452.66918509189253
113.11324611765627, -469.31662771350386
117.54619433230397, -470.5498484961669
118.79176688632077, -470.8964150220153
Holes:
Exterior:
118.79176688632077, -304.72629478275746
125.62862341951501, -306.62829874787366
157.69072669553157, -315.5478917871878
157.64111643799748, -302.49260969368277
157.6562399558992, -295.4144412623295
154.65739069435244, -294.71874981576246
142.68358778478085, -291.93256741471095
139.49848472926942, -291.19204820260893
137.9628686298836, -290.83499829391843
124.47687473114422, -287.6992902502664
113.06849123214823, -285.0464440208784
113.06849123214823, -298.31602863793034
113.13797249124485, -303.1534353627399
118.79176688632077, -304.72629478275746
Holes:
Exterior:
118.79176688632077, 454.6090176737814
125.62862341951501, 456.5110115440821
157.69072669553157, 465.43060458339625
157.69072669553157, 472.1913939866112
157.69072669553157, 483.74046481288843
125.62862341951501, 474.8208717735743
123.30350849394216, 474.1740437738086
117.54619433230397, 472.572377576555
113.11324611765627, 471.33914293989244
113.11324611765627, 469.6767253320116
113.11324611765627, 453.02928271040025
117.54619433230397, 454.26251734706284
118.79176688632077, 454.6090176737814
Holes:
Exterior:
-107.6758304231044, 391.6064336075769
-106.66399059861129, 391.6064336075769
-106.4655032746669, 391.6064336075769
-97.62097645475768, 391.6064336075769
-97.62097645475768, 393.2929751589548
-97.62097645475768, 401.54193670829295
-97.62097645475768, 403.1100175813733
-97.62097645475768, 405.38955420080384
-98.9635332283737, 405.016058011664
-106.4655032746669, 402.92902729654173
-113.05373939267594, 401.09619743886094
-123.48005591090913, 398.19561840533623
-123.48006530230344, 393.0572959455777
-123.48006530230344, 387.2097241671115
-118.60314665633217, 388.56647407718435
-107.6758304231044, 391.6064336075769
Holes:
Exterior:
-107.6758304231044, -389.58390452718874
-123.48006530230344, -385.1872153915676
-123.48005591090913, -388.8817962161271
-123.48005591090913, -396.17315279001014
-120.35800527370947, -397.04171345206413
-113.05373939267594, -399.0737146383072
-110.22853935601182, -399.8596743263644
-106.4655032746669, -400.90653636312624
-97.62097645475768, -403.36705918219053
-97.62097645475768, -401.62121721103705
-97.62097645475768, -401.0875126282089
-97.62097645475768, -399.5194411016279
-97.62097645475768, -391.2704517606971
-97.62097645475768, -389.58390452718874
-102.81404414120908, -389.58390452718874
-106.46550327466701, -389.58390452718874
-106.66399059861118, -389.58390452718874
-107.6758304231044, -389.58390452718874
Holes:
Exterior:
-65.17102390454971, -314.73656871175905
-73.0037054780093, -310.82022792502926
-74.43924106806156, -310.1024858153562
-85.5391281343089, -304.55257304376005
-85.5391281343089, -316.48388752547885
-85.5391281343089, -324.92062082663864
-85.5391281343089, -331.0912091265549
-85.5391281343089, -334.093944195476
-85.5391281343089, -343.02256123952736
-73.0037054780093, -336.7548493888644
-65.17102390454971, -332.8385279402747
-57.37712887709739, -336.735456211621
-53.98536065336128, -338.4313319495384
-36.083717422390635, -347.3821811813542
-36.083717422390635, -334.63136758959143
-36.08386424439874, -330.3432274086918
-36.08386424439874, -318.2949481101992
-36.08386424439874, -317.2318692433419
-36.083717422390635, -300.1929692112643
-51.935322264141575, -308.1187423453265
-53.98536065336128, -309.1437370861649
-57.37712887709739, -310.83962119803294
-65.17102390454971, -314.73656871175905
Holes:
Exterior:
-65.17102390454971, -221.89301707601686
-53.98536065336128, -221.89301707601686
-36.083717422390635, -221.89301707601686
-36.083717422390635, -218.10917212176744
-36.083717422390635, -209.0929529891028
-51.935322264141575, -209.0929529891028
-53.98536065336128, -209.0929529891028
-55.93839429136739, -209.0929529891028
-62.74930638117934, -209.0929529891028
-70.71850303882633, -209.0929529891028
-73.0037054780093, -209.0929529891028
-74.41845906063253, -209.0929529891028
-85.5391281343089, -209.0929529891028
-85.5391281343089, -215.55345970187813
-85.5391281343089, -221.89301707601686
-65.17102390454971, -221.89301707601686
Holes:
Exterior:
-65.17102390454971, 100.25484821939331
-57.37712887709739, 96.35789108447729
-53.98536065336128, 94.66200278563392
-36.083717422390635, 85.7111681080214
-36.083717422390635, 98.27337911744915
-36.08376528782486, 102.64479338562957
-36.08376528782475, 103.55890746113674
-36.08376528782486, 115.71259160326294
-36.083717422390635, 132.90042254201578
-51.935322264141575, 124.97462012114035
-53.98536065336128, 123.94960092653044
-65.17102390454971, 118.35676930093628
-73.0037054780093, 122.27311008766607
-74.43924106806156, 122.99086932090783
-85.5391281343089, 128.54080260018898
-85.5391281343089, 116.50520646863664
-85.5391281343089, 107.99469302891154
-85.5391281343089, 101.92838689454778
-85.5391281343089, 98.86734626365073
-85.5391281343089, 90.07079610451375
-73.0037054780093, 96.3384977635935
-65.17102390454971, 100.25484821939331
Holes:
Exterior:
-65.17102390454971, 334.86101887369017
-73.0037054780093, 338.77735966041996
-74.43924106806156, 339.4951188936617
-85.5391281343089, 345.04505217294286
-85.5391281343089, 333.11372520341894
-85.5391281343089, 326.94313690350265
-85.5391281343089, 318.50637845889435
-85.5391281343089, 315.5036057587195
-85.5391281343089, 306.5750451615487
-73.0037054780093, 312.8427285275148
-65.17102390454971, 316.75905964517455
-57.37712887709739, 312.8621217526383
-53.98536065336128, 311.1662418277456
-36.083717422390635, 302.2154332743874
-36.083717422390635, 314.966166255273
-36.08386424439874, 319.2543601767574
-36.08386424439874, 320.3174390436147
-36.08386424439874, 332.3657542488119
-36.083717422390635, 349.4046721147697
-51.935322264141575, 341.47886969389424
-53.98536065336128, 340.45385049928433
-57.37712887709739, 338.7579663874163
-65.17102390454971, 334.86101887369017
Holes:
Exterior:
-65.17102390454971, 229.93708393716673
-52.68588339241222, 233.41042133129744
-46.37669712232315, 235.16562245035033
-45.085734924639326, 234.5201413515084
-44.35241818242088, 234.15348298039916
-36.08382543533702, 230.0191517054739
-36.08382543533702, 257.19055927081195
-36.083717422390635, 267.53364774533503
-36.083717422390635, 277.2082838701408
-51.935322264141575, 269.28248144926533
-53.98536065336128, 268.2574622546554
-57.37712887709739, 266.56157814278737
-65.17102390454971, 262.66463062906126
-73.0037054780093, 266.58097141579105
-74.43924106806156, 267.2987306490328
-85.5391281343089, 272.84866392831395
-85.5391281343089, 260.91733695879003
-85.53919879756307, 252.188506592159
-85.53919879756307, 241.65100755838958
-85.5391281343089, 224.2707298213141
-65.17102390454971, 229.93708393716673
Holes:
Exterior:
-65.17102390454971, 28.058459974764396
-57.37712887709739, 24.161512461038278
-53.98536065336128, 22.46562834917023
-36.083717422390635, 13.514806733684884
-36.083717422390635, 26.265620325447614
-36.08386424439874, 30.553760506347274
-36.08386424439874, 31.61683937320455
-36.08386424439874, 43.665118671697144
-36.083717422390635, 60.70407244435953
-51.935322264141575, 52.77827002348409
-53.98536065336128, 51.75325082887419
-57.37712887709739, 50.05736671700615
-65.17102390454971, 46.16041920328002
-73.0037054780093, 50.07675999000981
-74.43924106806156, 50.79451922325157
-85.5391281343089, 56.34445250253273
-85.5391281343089, 44.41310038956022
-85.5391281343089, 35.976367088400444
-85.5391281343089, 29.805778788484197
-85.5391281343089, 26.80304371956307
-85.5391281343089, 17.874426675511685
-73.0037054780093, 24.142119188034606
-65.17102390454971, 28.058459974764396
Holes:
Exterior:
-65.17102390454971, -386.93284251547
-73.0037054780093, -383.0165404050203
-74.43924106806156, -382.29877674263577
-85.5391281343089, -376.74888447872473
-85.5391281343089, -388.68021161608686
-85.5391281343089, -397.3595958283535
-85.5391281343089, -406.7282098130427
-73.0037054780093, -410.21553251244563
-70.71850303882633, -410.8512413072146
-62.74930638117934, -413.0682507334462
-55.93839429136739, -414.96302845735374
-53.98536065336128, -415.5063815871569
-36.083717422390635, -420.4865620278765
-36.083717422390635, -409.0033276096528
-36.08386424439874, -402.97172060317195
-36.08386424439874, -401.4764223455455
-36.08386424439874, -389.4282148604621
-36.083717422390635, -372.38929675556005
-51.935322264141575, -380.3150406028089
-53.98536065336128, -381.3400661225367
-57.37712887709739, -383.03593348650344
-65.17102390454971, -386.93284251547
Holes:
Exterior:
-65.17102390454971, -44.137890122891854
-57.37712887709739, -48.03483763661798
-53.98536065336128, -49.73072174848602
-36.083717422390635, -58.681543363971365
-36.083717422390635, -45.930729772208636
-36.08386424439874, -41.642589591308976
-36.08386424439874, -29.59431029281638
-36.08386424439874, -28.531231425959106
-36.083717422390635, -11.492331393881505
-51.935322264141575, -19.418104527943655
-53.98536065336128, -20.443099268782063
-57.37712887709739, -22.138983380650103
-65.17102390454971, -26.03593089437623
-73.0037054780093, -22.119590107646438
-74.43924106806156, -21.401847997973356
-85.5391281343089, -15.851935226377234
-85.5391281343089, -27.78324970809603
-85.5391281343089, -33.95383800801228
-85.5391281343089, -42.39057130917205
-85.5391281343089, -45.39330637809318
-85.5391281343089, -54.321923422144565
-73.0037054780093, -48.054230909621644
-65.17102390454971, -44.137890122891854
Holes:
Exterior:
-65.17102390454971, -260.6421778426184
-57.37712887709739, -264.5391253563445
-53.98536065336128, -266.2350094682126
-36.083717422390635, -275.18577734311316
-36.08382543533702, -255.1680301904238
-36.08382543533702, -227.99664007577744
-43.15821216350804, -231.53384543388614
-44.35241818242088, -232.130960277822
-45.085734924639326, -232.49761633850085
-46.37669712232315, -233.14309336996217
-60.60004636821196, -229.1862191704988
-65.17102390454971, -227.91459300375124
-68.55617655499435, -226.97285225864982
-85.5391281343089, -222.2482388878986
-85.5391281343089, -224.17888829338574
-85.5391281343089, -235.1111128157379
-85.53919879756307, -250.16605380571616
-85.5391281343089, -258.8948590288986
-85.5391281343089, -261.89763172907345
-85.5391281343089, -270.8261735106174
-73.0037054780093, -264.5585186293482
-65.17102390454971, -260.6421778426184
Holes:
Exterior:
-65.17102390454971, 388.95544788980345
-57.37712887709739, 385.0585099972672
-53.98536065336128, 383.3626300723745
-36.083717422390635, 374.4117946487239
-36.083717422390635, 387.1625813701943
-36.08386424439874, 391.4507484213863
-36.08386424439874, 403.49902771987894
-36.08386424439874, 404.99431701643334
-36.083717422390635, 422.50906855490416
-47.90873044891481, 419.21935696478045
-53.98536065336128, 417.5288619899302
-55.93839429136739, 416.98554416287493
-62.74930638117934, 415.09076223509516
-70.71850303882633, 412.8737478900679
-73.0037054780093, 412.2379949679585
-77.25882814950813, 411.05423376834045
-85.5391281343089, 408.7506814151124
-85.5391281343089, 395.84778134843094
-85.5391281343089, 390.70276670352325
-85.5391281343089, 387.70001281897527
-85.5391281343089, 378.77141459055076
-73.0037054780093, 385.0391167721437
-65.17102390454971, 388.95544788980345
Holes:
Exterior:
-65.17102390454971, -116.3342402205481
-53.98536065336128, -121.92709946247271
-36.083717422390635, -130.87794720221243
-36.083717422390635, -118.12713361044968
-36.08376528782486, -113.68999008163486
-36.08376528782486, -101.53645082198847
-36.08376528782475, -100.622338672834
-36.083717422390635, -83.68870404489827
-51.935322264141575, -91.61450646577372
-53.98536065336128, -92.63952566038363
-57.37712887709739, -94.33540977225167
-65.17102390454971, -98.23235728597778
-73.0037054780093, -94.316016499248
-74.43924106806156, -93.59825726600623
-85.5391281343089, -88.04832398672507
-85.5391281343089, -99.90592132431179
-85.5391281343089, -105.97221467488244
-85.5391281343089, -114.4826266618894
-85.5391281343089, -117.58969410700314
-85.5391281343089, -126.51831115105452
-73.0037054780093, -120.25060034541795
-65.17102390454971, -116.3342402205481
Holes:
Exterior:
-65.17102390454971, 223.91550800943236
-68.55617655499435, 223.91550800943236
-85.5391281343089, 223.91550800943236
-85.5391281343089, 223.16041299581408
-85.5391281343089, 211.1154439225183
-73.0037054780093, 211.1154439225183
-70.71850303882633, 211.1154439225183
-63.68405115938032, 211.1154439225183
-55.93839429136739, 211.1154439225183
-53.98536065336128, 211.1154439225183
-36.083717422390635, 211.1154439225183
-36.083717422390635, 214.8992888767677
-36.083717422390635, 223.91550800943236
-51.935322264141575, 223.91550800943236
-53.98536065336128, 223.91550800943236
-57.37712887709739, 223.91550800943236
-65.17102390454971, 223.91550800943236
Holes:
Exterior:
154.65739069435244, 296.74124074917796
157.6562399558992, 297.4369562374527
157.64111643799748, 304.515125266144
157.69072669553157, 317.5703827206033
125.62862341951501, 308.65078968128915
113.13797249124485, 305.17592173009683
113.06849123214823, 300.33852957915656
113.06849123214823, 287.0689449621046
124.47687473114422, 289.7217811836819
137.9628686298836, 292.85748922733393
139.49848472926942, 293.2145391360244
142.68358778478085, 293.95505834812644
142.7004238980092, 293.958976332828
154.65739069435244, 296.74124074917796
Holes:
Exterior:
-13.198003760669735, 126.24137147360685
-4.525718458505537, 130.57750068703038
-4.525718458505537, 139.56784822995672
-4.525718458505537, 160.23042878398277
-13.198003760669735, 164.56660792680452
-23.87662082837784, 169.90595600747923
-26.006630203005727, 170.97096069479318
-29.035920875436034, 172.48560603100836
-29.035920875436034, 163.37030391300337
-29.035920875436034, 154.38364680249273
-23.87662082837784, 151.8039967789636
-29.035920875436034, 151.8039967789636
-29.035920875436034, 139.80358420680489
-29.035920875436034, 139.0039708390222
-23.87662082837784, 139.0039708390222
-27.676033588389544, 137.10426445901632
-29.035920875436034, 136.42432081549308
-29.035920875436034, 120.58404381476116
-29.035920875436034, 118.32239973395014
-23.87662082837784, 120.90204975747925
-17.77727802915183, 123.95172868645723
-13.198003760669735, 126.24137147360685
Holes:
Exterior:
-13.198003760669735, -340.72309196597257
-23.87662082837784, -335.383770249845
-26.006630203005727, -334.31876556253104
-29.035920875436034, -332.8041202263159
-29.035920875436034, -341.9194223443208
-29.035920875436034, -350.9060794548315
-27.676033588389544, -351.5860230983547
-23.87662082837784, -353.4857294783606
-29.035920875436034, -353.4857294783606
-29.035920875436034, -354.28534522917204
-29.035920875436034, -366.2857935652747
-28.25276583992212, -366.2857935652747
-23.87662082837784, -366.2857935652747
-29.035920875436034, -368.86542452455654
-29.035920875436034, -384.7056681443776
-29.035920875436034, -386.9673265233741
-23.87662082837784, -384.387676499845
-13.198003760669735, -379.0483547837174
-9.98412893175879, -377.44140811752777
-4.525718458505537, -374.71222557029387
-4.525718458505537, -365.72184013577987
-4.525718458505537, -345.0592595817538
-13.198003760669735, -340.72309196597257
Holes:
Exterior:
-13.198003760669735, -28.686916612149666
-23.87662082837784, -28.686916612149666
-26.006630203005727, -28.686916612149666
-29.035920875436034, -28.686916612149666
-29.035920875436034, -35.132393279442624
-29.035920875436034, -41.486904405118416
-23.87662082837784, -41.486904405118416
-13.198003760669735, -41.486904405118416
-9.98412893175879, -41.486904405118416
-4.525718458505537, -41.486904405118416
-4.525718458505537, -35.04406405476379
-4.525718458505537, -28.686916612149666
-13.198003760669735, -28.686916612149666
Holes:
Exterior:
-13.198003760669735, -162.54406706399084
-9.98412893175879, -160.9371203978012
-4.525718458505537, -158.20789944820962
-4.525718458505537, -149.21755190528327
-4.525718458505537, -128.55500975361488
-8.697894153674554, -126.46890803521204
-17.77727802915183, -121.9292377530417
-23.87662082837784, -118.87955882406372
-26.038508308113308, -117.79859187552739
-29.035920875436034, -116.2998534135239
-29.035920875436034, -125.6408429876089
-29.035920875436034, -134.40185849692662
-23.87662082837784, -136.98151805257936
-28.25276583992212, -136.98151805257936
-29.035920875436034, -136.98151805257936
-29.035920875436034, -148.9818948607941
-29.035920875436034, -149.7815058455481
-28.25276583992212, -149.7815058455481
-23.87662082837784, -149.7815058455481
-27.676033588389544, -151.68121924520239
-29.035920875436034, -152.36116540120088
-29.035920875436034, -168.20140902102196
-29.035920875436034, -170.46303880364755
-23.87662082837784, -167.88338878011842
-13.198003760669735, -162.54406706399084
Holes:
Exterior:
-13.198003760669735, 404.40642140054564
-23.87662082837784, 404.40642140054564
-26.006630203005727, 404.40642140054564
-29.035920875436034, 404.40642140054564
-29.035920875436034, 397.9609447332527
-29.035920875436034, 391.6064336075769
-23.87662082837784, 391.6064336075769
-17.77727802915183, 391.6064336075769
-13.198003760669735, 391.6064336075769
-4.525718458505537, 391.6064336075769
-4.525718458505537, 397.963581050191
-4.525718458505537, 404.40642140054564
-13.198003760669735, 404.40642140054564
Holes:
Exterior:
-13.198003760669735, 187.90213368081908
-23.87662082837784, 187.90213368081908
-26.006630203005727, 187.90213368081908
-29.035920875436034, 187.90213368081908
-29.035920875436034, 181.45667622256178
-29.035920875436034, 175.10218403482298
-23.87662082837784, 175.10218403482298
-13.198003760669735, 175.10218403482298
-9.98412893175879, 175.10218403482298
-4.525718458505537, 175.10218403482298
-4.525718458505537, 181.45931253164326
-4.525718458505537, 187.90213368081908
-13.198003760669735, 187.90213368081908
Holes:
Exterior:
-13.198003760669735, 102.77189991617065
-9.932478852182214, 102.77189991617065
-4.525718458505537, 102.77189991617065
-4.525718458505537, 109.12908525037241
-4.525718458505537, 115.57196400308472
-13.198003760669735, 115.57196400308472
-23.87662082837784, 115.57196400308472
-26.038508308113308, 115.57196400308472
-29.035920875436034, 115.57196400308472
-29.035920875436034, 108.96686321404219
-29.035920875436034, 102.77189991617065
-23.87662082837784, 102.77189991617065
-13.198003760669735, 102.77189991617065
Holes:
Exterior:
-13.198003760669735, -196.41515434390226
-23.87662082837784, -191.07583262777467
-26.006630203005727, -190.01084357745913
-29.035920875436034, -188.49622048011952
-29.035920875436034, -197.56880170277825
-29.035920875436034, -206.51330296557367
-23.87662082837784, -209.0929529891028
-29.035920875436034, -209.0929529891028
-29.035920875436034, -221.0917551434758
-29.035920875436034, -221.89301707601686
-23.87662082837784, -221.89301707601686
-26.990463867333744, -223.44994387475182
-29.035920875436034, -224.472675846702
-29.035920875436034, -270.2493075413044
-29.035920875436034, -276.4204391634177
-29.035920875436034, -276.76993610477666
-29.035920875436034, -278.67850692636415
-29.035920875436034, -278.70966259535356
-23.87662082837784, -281.28930308675905
-29.035920875436034, -281.28930308675905
-29.035920875436034, -293.2898229507496
-29.035920875436034, -294.0894434676184
-23.87662082837784, -294.0894434676184
-29.035920875436034, -296.6690839590239
-29.035920875436034, -312.50926081702335
-29.035920875436034, -314.7709380076465
-23.87662082837784, -312.1912501082434
-17.77727802915183, -309.14157117926544
-13.198003760669735, -306.85192839211584
-4.525718458505537, -302.5157991786923
-4.525718458505537, -293.5254895273536
-4.525732276540396, -272.8629398158833
-8.600975272545327, -270.8253045397413
-15.540668069588776, -267.3554346785559
-8.600975272545327, -269.28605995513254
-4.525732276540396, -270.4197941659078
-4.525732276540396, -257.9073684373194
-4.525718458505537, -244.78599887538596
-8.697894153674554, -243.62528879994497
-18.83778307216727, -240.80435894761325
-23.115359842049713, -239.61434581136842
-18.83778307216727, -237.47553473876735
-4.525718458505537, -230.31948697262368
-4.525718458505537, -221.37119909198486
-4.525718458505537, -200.75136036204114
-13.198003760669735, -196.41515434390226
Holes:
Exterior:
-13.198003760669735, 54.045009593525045
-9.98412893175879, 55.651974763182956
-4.525718458505537, 58.38115033398912
-4.525718458505537, 67.23853629586421
-4.525718458505537, 87.76640137919765
-13.198003760669735, 92.10250562792208
-23.87662082837784, 97.44181416177612
-26.038508308113308, 98.52275790164386
-29.035920875436034, 100.02146418530523
-29.035920875436034, 90.81864106958447
-29.035920875436034, 82.18726332392565
-23.87662082837784, 79.60760853433472
-29.035920875436034, 79.60760853433472
-29.035920875436034, 67.60723172611995
-29.035920875436034, 66.80762074136597
-23.87662082837784, 66.80762074136597
-27.676033588389544, 64.90791436136007
-29.035920875436034, 64.22797071783685
-29.035920875436034, 48.38766033619407
-29.035920875436034, 46.12601148932122
-23.87662082837784, 48.705661512850334
-13.198003760669735, 54.045009593525045
Holes:
Exterior:
-13.198003760669735, 20.173895949066484
-23.87662082837784, 25.513217665194084
-26.006630203005727, 26.57822235250803
-29.035920875436034, 28.092867688723203
-29.035920875436034, 18.97756557071822
-29.035920875436034, 9.990908460207576
-23.87662082837784, 7.411258436678461
-29.035920875436034, 7.411258436678461
-29.035920875436034, 6.611642685867058
-29.035920875436034, -5.388805650235602
-28.25276583992212, -5.388805650235602
-23.87662082837784, -5.388805650235602
-27.676033588389544, -7.288505010593125
-29.035920875436034, -7.9684461416410794
-29.035920875436034, -23.808689761462176
-29.035920875436034, -26.070338608335028
-23.87662082837784, -23.490688584805916
-13.198003760669735, -18.151393233225427
-9.98412893175879, -16.54446507050414
-4.525718458505537, -13.815275546842424
-4.525718458505537, -4.824852220740791
-4.525718458505537, 15.837728333285282
-13.198003760669735, 20.173895949066484
Holes:
Exterior:
-13.198003760669735, -426.85329145626207
-4.525718458505537, -429.265865158603
-4.525718458505537, -423.80966599545764
-4.525690719938211, -421.4479524486648
-4.525690719938211, -417.25560154806976
-10.23595901490927, -414.4004729632122
-23.87662082837784, -407.58012034750124
-26.006630203005727, -406.5151000231889
-29.035920875436034, -405.00043244809814
-29.035920875436034, -413.20956751706376
-29.035920875436034, -422.44723133112257
-23.87662082837784, -423.8825342879309
-17.77727802915183, -425.5793519777143
-13.198003760669735, -426.85329145626207
Holes:
Exterior:
-13.198003760669735, -317.3875544295325
-23.87662082837784, -317.3875544295325
-26.006630203005727, -317.3875544295325
-29.035920875436034, -317.3875544295325
-29.035920875436034, -323.83303109682544
-29.035920875436034, -330.18754222250124
-23.87662082837784, -330.18754222250124
-17.77727802915183, -330.18754222250124
-13.198003760669735, -330.18754222250124
-4.525718458505537, -330.18754222250124
-4.525718458505537, -323.8303947798871
-4.525718458505537, -317.3875544295325
-13.198003760669735, -317.3875544295325
Holes:
Exterior:
-13.198003760669735, -90.080001512233
-9.932478852182214, -88.4472452219826
-4.525718458505537, -85.74387229880946
-4.525718458505537, -76.88644844534673
-4.525718458505537, -56.358621764370966
-13.198003760669735, -52.022454148589766
-23.87662082837784, -46.683132432462166
-26.006630203005727, -45.61812774514823
-29.035920875436034, -44.103482408933054
-29.035920875436034, -53.21878452693803
-29.035920875436034, -62.20544163744868
-23.87662082837784, -64.78509166097778
-28.25276583992212, -64.78509166097778
-29.035920875436034, -64.78509166097778
-29.035920875436034, -76.78553999708045
-29.035920875436034, -77.58515574789185
-28.25276583992212, -77.58515574789185
-23.87662082837784, -77.58515574789185
-27.676033588389544, -79.48486212789774
-29.035920875436034, -80.16480577142096
-29.035920875436034, -95.77078215898297
-29.035920875436034, -97.99899171422662
-23.87662082837784, -95.4193232283606
-13.198003760669735, -90.080001512233
Holes:
Exterior:
-13.198003760669735, 319.410045362948
-9.98412893175879, 319.410045362948
-4.525718458505537, 319.410045362948
-4.525718458505537, 325.76721175135594
-4.525718458505537, 332.2100713028894
-13.198003760669735, 332.2100713028894
-23.87662082837784, 332.2100713028894
-26.006630203005727, 332.2100713028894
-29.035920875436034, 332.2100713028894
-29.035920875436034, 325.85554123927665
-29.035920875436034, 319.410045362948
-23.87662082837784, 319.410045362948
-13.198003760669735, 319.410045362948
Holes:
Exterior:
-13.198003760669735, 428.8758205366502
-23.87662082837784, 425.9050633683191
-28.25276583992212, 424.6876299479557
-29.035920875436034, 424.46975802848203
-29.035920875436034, 409.18575047059085
-29.035920875436034, 407.0229994043603
-23.87662082837784, 409.6026494278894
-10.23595901490927, 416.422958625647
-7.424822317004157, 417.8285188822558
-4.525690719938211, 419.2780873354485
-4.525690719938211, 423.4704272357316
-4.525718458505537, 431.28839423899115
-13.198003760669735, 428.8758205366502
Holes:
Exterior:
-13.198003760669735, 198.43770978883754
-9.98412893175879, 200.04467495849545
-4.525718458505537, 202.7738889316593
-4.525718458505537, 211.72211997491664
-4.525718458505537, 232.34197790603918
-8.697894153674554, 234.42806575362368
-18.83778307216727, 239.49802567218285
-23.115359842049713, 241.63683674478392
-18.83778307216727, 242.82684988102875
-4.525718458505537, 246.8084519172138
-4.525718458505537, 259.5395327757694
-4.525732276540396, 272.44224785852015
-15.540668069588776, 269.3779256119714
-4.525732276540396, 274.8854121288972
-4.525732276540396, 283.7213512887264
-4.525718458505537, 304.53832825908046
-8.697894153674554, 306.62442997748326
-17.77727802915183, 311.1640696420459
-23.87662082837784, 314.2137410416589
-26.006630203005727, 315.27876136597126
-29.035920875436034, 316.793428941062
-29.035920875436034, 307.67818445016405
-29.035920875436034, 298.69154151152856
-27.676033588389544, 298.011599124243
-23.87662082837784, 296.11189625406126
-28.25276583992212, 296.11189625406126
-29.035920875436034, 296.11189625406126
-29.035920875436034, 284.1114479179586
-29.035920875436034, 283.3118321671472
-28.25276583992212, 283.3118321671472
-23.87662082837784, 283.3118321671472
-27.676033588389544, 281.4121257871413
-29.035920875436034, 280.7321821436181
-29.035920875436034, 280.70103048879025
-29.035920875436034, 272.27183662169256
-29.035920875436034, 226.49517552727352
-23.87662082837784, 223.91550800943236
-28.05476389544998, 223.91550800943236
-29.035920875436034, 223.91550800943236
-29.035920875436034, 212.16469757851223
-29.035920875436034, 211.1154439225183
-28.251398711211493, 211.1154439225183
-23.87662082837784, 211.1154439225183
-27.67397300666363, 209.21677486366033
-29.035920875436034, 208.53580345073678
-29.035920875436034, 192.77439986100774
-29.035920875436034, 190.5187116846337
-23.87662082837784, 193.09836170816283
-13.198003760669735, 198.43770978883754
Holes:
Exterior:
-13.198003760669735, -100.74944712972778
-23.87662082837784, -100.74944712972778
-26.038508308113308, -100.74944712972778
-29.035920875436034, -100.74944712972778
-29.035920875436034, -106.94433657825172
-29.035920875436034, -113.54935862875122
-23.87662082837784, -113.54935862875122
-13.198003760669735, -113.54935862875122
-9.932478852182214, -113.54935862875122
-4.525718458505537, -113.54935862875122
-4.525718458505537, -107.19224907772475
-4.525718458505537, -100.74944712972778
-13.198003760669735, -100.74944712972778
Holes:
Exterior:
-13.198003760669735, -185.87968089437624
-9.98412893175879, -185.87968089437624
-4.525718458505537, -185.87968089437624
-4.525718458505537, -179.52249556017446
-4.525718458505537, -173.07961680746217
-13.198003760669735, -173.07961680746217
-23.87662082837784, -173.07961680746217
-26.006630203005727, -173.07961680746217
-29.035920875436034, -173.07961680746217
-29.035920875436034, -179.43416580901192
-29.035920875436034, -185.87968089437624
-23.87662082837784, -185.87968089437624
-13.198003760669735, -185.87968089437624
Holes:
Exterior:
-13.198003760669735, -389.58390452718874
-23.87662082837784, -389.58390452718874
-26.006630203005727, -389.58390452718874
-29.035920875436034, -389.58390452718874
-29.035920875436034, -395.9383777769906
-29.035920875436034, -402.3838160262122
-23.87662082837784, -402.3838160262122
-17.77727802915183, -402.3838160262122
-13.198003760669735, -402.3838160262122
-4.525718458505537, -402.3838160262122
-4.525718458505537, -396.0267064751857
-4.525718458505537, -389.58390452718874
-13.198003760669735, -389.58390452718874
Holes:
Exterior:
-13.198003760669735, 381.0708457171329
-23.87662082837784, 386.4101674332605
-26.006630203005727, 387.4751799390736
-29.035920875436034, 388.9898363947266
-29.035920875436034, 379.8745534857573
-29.035920875436034, 370.8878963752466
-27.676033588389544, 370.2079527317234
-23.87662082837784, 368.3082463517175
-29.035920875436034, 368.3082463517175
-29.035920875436034, 367.50863298393483
-29.035920875436034, 355.5082204117761
-28.25276583992212, 355.5082204117761
-23.87662082837784, 355.5082204117761
-29.035920875436034, 352.928570388247
-29.035920875436034, 337.0882933875151
-29.035920875436034, 334.82664930670404
-23.87662082837784, 337.40629933023314
-13.198003760669735, 342.7456210463607
-9.98412893175879, 344.35256771255035
-4.525718458505537, 347.08175025978426
-4.525718458505537, 356.07211674850447
-4.525718458505537, 376.7346973025305
-13.198003760669735, 381.0708457171329
Holes:
Exterior:
-13.198003760669735, 43.509433485506584
-23.87662082837784, 43.509433485506584
-26.006630203005727, 43.509433485506584
-29.035920875436034, 43.509433485506584
-29.035920875436034, 37.15492235983079
-29.035920875436034, 30.709445692537834
-23.87662082837784, 30.709445692537834
-13.198003760669735, 30.709445692537834
-9.98412893175879, 30.709445692537834
-4.525718458505537, 30.709445692537834
-4.525718458505537, 37.15228604289247
-4.525718458505537, 43.509433485506584
-13.198003760669735, 43.509433485506584
Holes:
Exterior:
-53.98536065336128, -77.58515574789185
-36.083717422390635, -77.58515574789185
-36.083717422390635, -68.5689366152272
-36.083717422390635, -64.78509166097778
-51.935322264141575, -64.78509166097778
-53.98536065336128, -64.78509166097778
-55.93839429136739, -64.78509166097778
-62.74930638117934, -64.78509166097778
-70.71850303882633, -64.78509166097778
-73.0037054780093, -64.78509166097778
-74.43924106806156, -64.78509166097778
-85.5391281343089, -64.78509166097778
-85.5391281343089, -71.098599990581
-85.5391281343089, -77.58515574789185
-73.0037054780093, -77.58515574789185
-70.71850303882633, -77.58515574789185
-62.74930638117934, -77.58515574789185
-55.93839429136739, -77.58515574789185
-53.98536065336128, -77.58515574789185
Holes:
Exterior:
-53.98536065336128, -294.0894434676184
-36.083717422390635, -294.0894434676184
-36.083717422390635, -285.073170594369
-36.083717422390635, -281.28930308675905
-51.935322264141575, -281.28930308675905
-53.98536065336128, -281.28930308675905
-55.93839429136739, -281.28930308675905
-63.68405115938032, -281.28930308675905
-70.71850303882633, -281.28930308675905
-73.0037054780093, -281.28930308675905
-74.43924106806156, -281.28930308675905
-85.5391281343089, -281.28930308675905
-85.5391281343089, -287.60284904761596
-85.5391281343089, -294.0894434676184
-73.0037054780093, -294.0894434676184
-70.71850303882633, -294.0894434676184
-62.74930638117934, -294.0894434676184
-55.93839429136739, -294.0894434676184
-53.98536065336128, -294.0894434676184
Holes:
Exterior:
-53.98536065336128, 355.5082204117761
-36.083717422390635, 355.5082204117761
-36.083717422390635, 359.29205408934524
-36.083717422390635, 368.3082463517175
-51.935322264141575, 368.3082463517175
-53.98536065336128, 368.3082463517175
-55.93839429136739, 368.3082463517175
-62.74930638117934, 368.3082463517175
-70.71850303882633, 368.3082463517175
-73.0037054780093, 368.3082463517175
-74.43924106806156, 368.3082463517175
-85.5391281343089, 368.3082463517175
-85.5391281343089, 361.82170992575243
-85.5391281343089, 355.5082204117761
-73.0037054780093, 355.5082204117761
-70.71850303882633, 355.5082204117761
-62.74930638117934, 355.5082204117761
-55.93839429136739, 355.5082204117761
-53.98536065336128, 355.5082204117761
Holes:
Exterior:
-53.98536065336128, 139.0039708390222
-36.083717422390635, 139.0039708390222
-36.083717422390635, 148.02016310139444
-36.083717422390635, 151.8039967789636
-51.935322264141575, 151.8039967789636
-53.98536065336128, 151.8039967789636
-55.93839429136739, 151.8039967789636
-62.74930638117934, 151.8039967789636
-70.71850303882633, 151.8039967789636
-73.0037054780093, 151.8039967789636
-74.43924106806156, 151.8039967789636
-85.5391281343089, 151.8039967789636
-85.5391281343089, 145.49050726498726
-85.5391281343089, 139.0039708390222
-73.0037054780093, 139.0039708390222
-70.71850303882633, 139.0039708390222
-62.74930638117934, 139.0039708390222
-55.93839429136739, 139.0039708390222
-53.98536065336128, 139.0039708390222
Holes:
Exterior:
-53.98536065336128, -136.98151805257936
-55.93839429136739, -136.98151805257936
-62.74930638117934, -136.98151805257936
-70.71850303882633, -136.98151805257936
-73.0037054780093, -136.98151805257936
-74.43924106806156, -136.98151805257936
-85.5391281343089, -136.98151805257936
-85.5391281343089, -143.29498875092884
-85.5391281343089, -149.7815058455481
-73.0037054780093, -149.7815058455481
-70.71850303882633, -149.7815058455481
-62.74930638117934, -149.7815058455481
-55.93839429136739, -149.7815058455481
-53.98536065336128, -149.7815058455481
-36.083717422390635, -149.7815058455481
-36.083717422390635, -140.76534045346827
-36.083717422390635, -136.98151805257936
-51.935322264141575, -136.98151805257936
-53.98536065336128, -136.98151805257936
Holes:
Exterior:
-53.98536065336128, -366.2857935652747
-36.083717422390635, -366.2857935652747
-36.083717422390635, -362.5019486110252
-36.083717422390635, -353.4857294783606
-51.935322264141575, -353.4857294783606
-53.98536065336128, -353.4857294783606
-55.93839429136739, -353.4857294783606
-62.74930638117934, -353.4857294783606
-70.71850303882633, -353.4857294783606
-73.0037054780093, -353.4857294783606
-74.43924106806156, -353.4857294783606
-85.5391281343089, -353.4857294783606
-85.5391281343089, -359.97228523567145
-85.5391281343089, -366.2857935652747
-73.0037054780093, -366.2857935652747
-70.71850303882633, -366.2857935652747
-62.74930638117934, -366.2857935652747
-55.93839429136739, -366.2857935652747
-53.98536065336128, -366.2857935652747
Holes:
Exterior:
-53.98536065336128, 283.3118321671472
-36.083717422390635, 283.3118321671472
-36.083717422390635, 292.3280512998118
-36.083717422390635, 296.11189625406126
-51.935322264141575, 296.11189625406126
-53.98536065336128, 296.11189625406126
-55.93839429136739, 296.11189625406126
-62.74930638117934, 296.11189625406126
-70.71850303882633, 296.11189625406126
-73.0037054780093, 296.11189625406126
-74.43924106806156, 296.11189625406126
-85.5391281343089, 296.11189625406126
-85.5391281343089, 289.79838792445804
-85.5391281343089, 283.3118321671472
-73.0037054780093, 283.3118321671472
-70.71850303882633, 283.3118321671472
-63.68405115938032, 283.3118321671472
-55.93839429136739, 283.3118321671472
-53.98536065336128, 283.3118321671472
Holes:
Exterior:
-53.98536065336128, 79.60760853433472
-55.93839429136739, 79.60760853433472
-62.74930638117934, 79.60760853433472
-70.71850303882633, 79.60760853433472
-73.0037054780093, 79.60760853433472
-74.43924106806156, 79.60760853433472
-85.5391281343089, 79.60760853433472
-85.5391281343089, 73.29413783598524
-85.5391281343089, 66.80762074136597
-73.0037054780093, 66.80762074136597
-70.71850303882633, 66.80762074136597
-62.74930638117934, 66.80762074136597
-55.93839429136739, 66.80762074136597
-53.98536065336128, 66.80762074136597
-36.083717422390635, 66.80762074136597
-36.083717422390635, 75.82378613344581
-36.083717422390635, 79.60760853433472
-51.935322264141575, 79.60760853433472
-53.98536065336128, 79.60760853433472
Holes:
Exterior:
-53.98536065336128, -5.388805650235602
-36.083717422390635, -5.388805650235602
-36.083717422390635, -1.604960695986179
-36.083717422390635, 7.411258436678461
-51.935322264141575, 7.411258436678461
-53.98536065336128, 7.411258436678461
-55.93839429136739, 7.411258436678461
-62.74930638117934, 7.411258436678461
-70.71850303882633, 7.411258436678461
-73.0037054780093, 7.411258436678461
-74.43924106806156, 7.411258436678461
-85.5391281343089, 7.4112584366784615
-85.5391281343089, 0.9247026793676012
-85.5391281343089, -5.388805650235601
-73.0037054780093, -5.388805650235602
-70.71850303882633, -5.388805650235602
-62.74930638117934, -5.388805650235602
-55.93839429136739, -5.388805650235602
-53.98536065336128, -5.388805650235602
Holes:
Exterior:
-131.5397112728553, -382.9450468749304
-137.3674502961514, -381.3237879500403
-137.3674502961514, -379.06817238422644
-137.3674502961514, -375.13024546957155
-137.3674502961514, -370.49716491654254
-137.3674502961514, -368.9367029891028
-131.53970246476496, -371.850576904796
-131.53970246476496, -357.2654842148305
-131.53970246476496, -347.92086984489396
-132.63907836434072, -348.4705621626525
-137.3674502961514, -350.8347437605872
-137.3674502961514, -347.0750232745442
-137.3674502961514, -340.51118113851686
-137.3674502961514, -332.788581213011
-137.3674502961514, -330.18754222250124
-131.53970246476496, -330.18754222250124
-131.53970246476496, -327.7007479371606
-131.53970246476496, -317.3875544295325
-132.63907836434072, -317.3875544295325
-137.3674502961514, -317.3875544295325
-137.3674502961514, -313.62780615812903
-137.3674502961514, -307.06391551351686
-137.3674502961514, -299.341315588011
-137.3674502961514, -296.74027659750124
-131.53970246476496, -299.65415051319445
-131.53970246476496, -285.0691807661933
-131.53970246476496, -275.724596041183
-132.63907836434072, -276.27427962300027
-137.3674502961514, -278.63846995687624
-137.3674502961514, -274.8787216854728
-137.3674502961514, -268.3148310408606
-137.3674502961514, -260.59223111535476
-137.3674502961514, -257.991192124845
-131.53970246476496, -257.991192124845
-131.53970246476496, -247.67799861721684
-131.53970246476496, -245.19120433187624
-132.6207798722656, -245.19120433187624
-137.3674502961514, -245.19120433187624
-137.3674502961514, -243.05567709416596
-137.3674502961514, -239.3274042830481
-137.3674502961514, -236.25430055489582
-137.3674502961514, -233.46352794027467
-131.53970246476496, -235.08479413568435
-131.53970246476496, -225.3163610772852
-131.53970246476496, -203.61293222282362
-132.91827192655677, -204.30223338545932
-137.3674502961514, -206.52680613851686
-137.3674502961514, -202.76708565247392
-137.3674502961514, -196.20324351644655
-137.3674502961514, -188.48070066264006
-137.3674502961514, -185.87968089437624
-131.53970246476496, -185.87968089437624
-131.53970246476496, -183.39287178657247
-131.53970246476496, -173.07961680746217
-132.91827192655677, -173.07961680746217
-137.3674502961514, -173.07961680746217
-137.3674502961514, -169.31986853605872
-137.3674502961514, -162.75597789144655
-137.3674502961514, -155.03343503764006
-137.3674502961514, -152.43241526937624
-131.53970246476496, -155.34628918506948
-131.53970246476496, -146.00168963759603
-131.53970246476496, -131.41665841911268
-132.91827192655677, -132.10594862725517
-137.3674502961514, -134.33053233480592
-137.3674502961514, -130.54641630223938
-137.3674502961514, -123.93998362875122
-137.3674502961514, -116.1672747512183
-137.3674502961514, -113.54935862875122
-131.53970246476496, -113.54935862875122
-131.53970246476496, -111.06257916587374
-131.53970246476496, -100.74944712972778
-132.91827192655677, -100.74944712972778
-137.3674502961514, -100.74944712972778
-137.3674502961514, -88.13571826131025
-137.3674502961514, -79.96834971761841
-131.53970246476496, -82.88222363331164
-131.53970246476496, -73.58963610898427
-131.53970246476496, -59.22024684997425
-132.91827192655677, -59.9095222356536
-137.3674502961514, -62.134105943204354
-137.3674502961514, -49.601649310705746
-137.3674502961514, -41.486904405118416
-131.53970246476496, -41.486904405118416
-131.53970246476496, -39.0001101197778
-131.53970246476496, -28.686916612149666
-132.91827192655677, -28.686916612149666
-137.3674502961514, -28.686916612149666
-137.3674502961514, -24.927168340746213
-137.3674502961514, -18.36327769613404
-137.3674502961514, -10.64079191402691
-137.3674502961514, -8.03979136800904
-131.53970246476496, -10.953650461239137
-131.53970246476496, -1.6090509137657047
-131.53970246476496, 12.976103247681998
-132.91827192655677, 12.286827862002655
-137.3674502961514, 10.062244154451898
-137.3674502961514, 13.82196464049485
-137.3674502961514, 20.38580677652221
-137.3674502961514, 28.108406702028034
-137.3674502961514, 30.709445692537834
-131.53970246476496, 30.709445692537834
-131.53970246476496, 33.19623997787845
-131.53970246476496, 43.509433485506584
-132.91827192655677, 43.509433485506584
-137.3674502961514, 43.509433485506584
-137.3674502961514, 47.26918175691004
-137.3674502961514, 53.83307240152221
-137.3674502961514, 61.555672327028034
-137.3674502961514, 64.15671131753784
-131.53970246476496, 61.24282257938146
-131.53970246476496, 70.53542492617198
-131.53970246476496, 84.90475271369982
-132.91827192655677, 84.21545155106415
-137.3674502961514, 81.99087879800659
-137.3674502961514, 85.77496704521262
-137.3674502961514, 92.38135121011597
-137.3674502961514, 100.15400301594954
-137.3674502961514, 102.77189991617065
-131.53970246476496, 102.77189991617065
-131.53970246476496, 105.2587090239744
-131.53970246476496, 115.57196400308472
-132.91827192655677, 115.57196400308472
-137.3674502961514, 115.57196400308472
-137.3674502961514, 119.356066142971
-137.3674502961514, 125.96247456216675
-137.3674502961514, 133.7351263680003
-137.3674502961514, 136.35302326822142
-131.53970246476496, 133.43914935252818
-131.53970246476496, 142.78374890000163
-131.53970246476496, 157.36878011848498
-132.91827192655677, 156.6794953875891
-137.3674502961514, 154.45490620279173
-137.3674502961514, 158.21465447419519
-137.3674502961514, 164.77854511880736
-137.3674502961514, 172.50114504431318
-137.3674502961514, 175.10218403482298
-131.53970246476496, 175.10218403482298
-131.53970246476496, 177.58897090893203
-131.53970246476496, 187.90213368081908
-132.91827192655677, 187.90213368081908
-137.3674502961514, 187.90213368081908
-137.3674502961514, 200.43463662228402
-137.3674502961514, 208.54941151285033
-131.53970246476496, 205.63553759715708
-131.53970246476496, 215.40394842186154
-131.53970246476496, 237.10731580484094
-137.3674502961514, 235.48605702066283
-137.3674502961514, 237.62159815105335
-137.3674502961514, 241.3498952164636
-137.3674502961514, 245.7362833490631
-137.3674502961514, 247.21365711831908
-131.53970246476496, 247.21365711831908
-131.53970246476496, 257.5268813616883
-131.53970246476496, 260.0136830582605
-132.63907836434072, 260.0136830582605
-137.3674502961514, 260.0136830582605
-137.3674502961514, 263.77343132966394
-137.3674502961514, 270.3373219742761
-137.3674502961514, 278.05989336393225
-137.3674502961514, 280.6609227433191
-131.53970246476496, 277.74704882762586
-131.53970246476496, 292.3320800461092
-131.53970246476496, 301.6766795935826
-132.63907836434072, 301.1269916437947
-137.3674502961514, 298.7628056778894
-137.3674502961514, 302.52255394929284
-137.3674502961514, 309.086444593905
-137.3674502961514, 316.80901598356115
-137.3674502961514, 319.410045362948
-131.53970246476496, 319.410045362948
-131.53970246476496, 321.89684705952016
-131.53970246476496, 332.2100713028894
-132.63907836434072, 332.2100713028894
-137.3674502961514, 332.2100713028894
-137.3674502961514, 335.96979178893235
-137.3674502961514, 342.5336339249597
-137.3674502961514, 350.25623385046555
-137.3674502961514, 352.8572728409753
-131.53970246476496, 349.9433989252821
-131.53970246476496, 364.52846087950655
-131.53970246476496, 373.8730678382115
-132.63907836434072, 373.32337988842363
-137.3674502961514, 370.9591939225183
-137.3674502961514, 375.47042505414595
-137.3674502961514, 383.3462788834558
-131.5397112728553, 384.96754529566397
-131.53970246476496, 387.101905658209
-131.53970246476496, 407.7555552758103
-131.53970657698045, 410.6013531796007
-145.13546647236961, 406.8190597741251
-150.16743808912014, 405.4191853775964
-152.60178041773332, 405.43780379524026
-153.11017185376858, 405.4416920914636
-155.15523108620135, 405.5122540295244
-155.15523108620135, 405.44111859118266
-155.15523108620135, 405.4191853775964
-155.18054918135607, 405.4191853775964
-155.26715677867713, 405.4191853775964
-155.26715677867713, 402.200246607823
-155.26715677867713, 392.619159437655
-155.18054918135607, 392.619159437655
-155.15523108620135, 392.619159437655
-155.15523108620135, 381.2915688038813
-155.15523108620135, 380.5691792740808
-155.18054918135607, 380.5691792740808
-155.26715677867713, 380.5691792740808
-155.26715677867713, 377.350250097473
-155.26715677867713, 367.76919148111205
-155.18054918135607, 367.76919148111205
-155.15523108620135, 367.76919148111205
-155.15523108620135, 356.4415649872552
-155.15523108620135, 355.71917317056517
-155.18054918135607, 355.71917317056517
-155.26715677867713, 355.71917317056517
-155.26715677867713, 352.5002439939574
-155.26715677867713, 342.9191853775964
-155.18054918135607, 342.9191853775964
-155.15523108620135, 342.9191853775964
-155.15523108620135, 331.5915947438227
-155.15523108620135, 330.8692052140222
-155.18054918135607, 330.8692052140222
-155.26715677867713, 330.8692052140222
-155.26715677867713, 327.65026644424876
-155.26715677867713, 318.0691792740808
-155.18054918135607, 318.0691792740808
-155.15523108620135, 318.0691792740808
-155.15523108620135, 306.74155278022397
-155.15523108620135, 306.0191609635339
-155.18054918135607, 306.0191609635339
-155.26715677867713, 306.0191609635339
-155.26715677867713, 302.8002413800918
-155.26715677867713, 293.2192113175378
-155.18054918135607, 293.2192113175378
-155.15523108620135, 293.2192113175378
-155.15523108620135, 281.89154896359787
-155.15523108620135, 281.1691548600183
-155.18054918135607, 281.1691548600183
-155.26715677867713, 281.1691548600183
-155.26715677867713, 277.95023527657617
-155.26715677867713, 268.3692052140222
-155.18054918135607, 268.3692052140222
-155.15523108620135, 268.3692052140222
-155.15523108620135, 257.0415787201654
-155.15523108620135, 256.3191869034753
-155.18054918135607, 256.3191869034753
-155.26715677867713, 256.3191869034753
-155.26715677867713, 253.1002481337019
-155.26715677867713, 243.51916096353392
-155.18054918135607, 243.51916096353392
-155.15523108620135, 243.51916096353392
-155.15523108620135, 232.1915703297602
-155.15523108620135, 231.4691807999597
-155.18054918135607, 231.4691807999597
-155.26715677867713, 231.4691807999597
-155.26715677867713, 228.25024203018629
-155.26715677867713, 218.6691548600183
-155.18054918135607, 218.6691548600183
-155.15523108620135, 218.6691548600183
-155.15523108620135, 207.34156422624457
-155.15523108620135, 206.61917469644408
-155.18054918135607, 206.61917469644408
-155.26715677867713, 206.61917469644408
-155.26715677867713, 203.40024551983632
-155.26715677867713, 193.81918690347533
-155.18054918135607, 193.81918690347533
-155.15523108620135, 193.81918690347533
-155.15523108620135, 182.4915962697016
-155.15523108620135, 181.7692067399011
-155.18054918135607, 181.7692067399011
-155.26715677867713, 181.7692067399011
-155.26715677867713, 178.5502679701277
-155.26715677867713, 168.9691807999597
-155.18054918135607, 168.9691807999597
-155.15523108620135, 168.9691807999597
-155.15523108620135, 157.6416260262691
-155.15523108620135, 156.91923878335814
-155.18054918135607, 156.91923878335814
-155.26715677867713, 156.91923878335814
-155.26715677867713, 153.70029042041907
-155.26715677867713, 144.11917469644408
-155.18054918135607, 144.11917469644408
-155.15523108620135, 144.11917469644408
-155.15523108620135, 132.79154820258725
-155.15523108620135, 132.0691563858972
-155.18054918135607, 132.0691563858972
-155.26715677867713, 132.0691563858972
-155.26715677867713, 128.8502368024551
-155.26715677867713, 119.26920673990112
-155.18054918135607, 119.26920673990112
-155.15523108620135, 119.26920673990112
-155.15523108620135, 107.9415802460443
-155.15523108620135, 107.21918842935425
-155.18054918135607, 107.21918842935425
-155.26715677867713, 107.21918842935425
-155.26715677867713, 104.00026884591213
-155.26715677867713, 94.41923878335815
-155.18054918135607, 94.41923878335815
-155.15523108620135, 94.41923878335815
-155.15523108620135, 83.09161228950133
-155.15523108620135, 82.36922047281128
-155.18054918135607, 82.36922047281128
-155.26715677867713, 82.36922047281128
-155.26715677867713, 79.1502721098722
-155.26715677867713, 69.56915638589722
-155.18054918135607, 69.56915638589722
-155.15523108620135, 69.56915638589722
-155.15523108620135, 58.24152989204038
-155.15523108620135, 57.519138075350334
-155.18054918135607, 57.519138075350334
-155.26715677867713, 57.519138075350334
-155.26715677867713, 54.30020889874256
-155.26715677867713, 44.719150282381584
-155.18054918135607, 44.719150282381584
-155.15523108620135, 44.719150282381584
-155.15523108620135, 33.39159550869098
-155.15523108620135, 32.66920826578002
-155.18054918135607, 32.66920826578002
-155.26715677867713, 32.66920826578002
-155.26715677867713, 29.450279089172255
-155.26715677867713, 19.86922047281127
-155.18054918135607, 19.86922047281127
-155.15523108620135, 19.86922047281127
-155.15523108620135, 8.541593978954445
-155.15523108620135, 7.819202162264399
-155.18054918135607, 7.819202162264399
-155.26715677867713, 7.819202162264399
-155.26715677867713, 4.395094358623252
-155.26715677867713, -5.796673081876226
-155.18054918135607, -5.796673081876226
-155.15523108620135, -5.796673081876226
-155.15523108620135, -17.124299575733055
-155.15523108620135, -17.846691392423104
-155.18054918135607, -17.846691392423104
-155.26715677867713, -17.846691392423104
-155.26715677867713, -21.065620569030877
-155.26715677867713, -30.646679185391854
-155.18054918135607, -30.646679185391854
-155.15523108620135, -30.646679185391854
-155.15523108620135, -41.97430567924868
-155.15523108620135, -42.69669749593873
-155.18054918135607, -42.69669749593873
-155.26715677867713, -42.69669749593873
-155.26715677867713, -45.91560748621519
-155.26715677867713, -55.496608994962166
-155.18054918135607, -55.496608994962166
-155.15523108620135, -55.496608994962166
-155.15523108620135, -66.82430720898522
-155.15523108620135, -67.54670359945435
-155.18054918135607, -67.54670359945435
-155.26715677867713, -67.54670359945435
-155.26715677867713, -70.7656135897308
-155.26715677867713, -80.34661509847778
-155.18054918135607, -80.34661509847778
-155.15523108620135, -80.34661509847778
-155.15523108620135, -91.67431331250084
-155.15523108620135, -92.39670970296997
-155.18054918135607, -92.39670970296997
-155.26715677867713, -92.39670970296997
-155.26715677867713, -95.61561969324643
-155.26715677867713, -105.19662120199341
-155.18054918135607, -105.19662120199341
-155.15523108620135, -105.19662120199341
-155.15523108620135, -116.52431941601647
-155.15523108620135, -117.2467158064856
-155.18054918135607, -117.2467158064856
-155.26715677867713, -117.2467158064856
-155.26715677867713, -120.46564498309337
-155.26715677867713, -130.04670359945436
-155.18054918135607, -130.04670359945436
-155.15523108620135, -130.04670359945436
-155.15523108620135, -141.37425837314495
-155.15523108620135, -142.09664561605592
-155.18054918135607, -142.09664561605592
-155.26715677867713, -142.09664561605592
-155.26715677867713, -145.315593978995
-155.26715677867713, -154.89670970296999
-155.18054918135607, -154.89670970296999
-155.15523108620135, -154.89670970296999
-155.15523108620135, -166.22426447666058
-155.15523108620135, -166.94665171957155
-155.18054918135607, -166.94665171957155
-155.26715677867713, -166.94665171957155
-155.26715677867713, -170.16560008251062
-155.26715677867713, -179.7467158064856
-155.18054918135607, -179.7467158064856
-155.15523108620135, -179.7467158064856
-155.15523108620135, -191.0742705801762
-155.15523108620135, -191.79665782308717
-155.18054918135607, -191.79665782308717
-155.26715677867713, -191.79665782308717
-155.26715677867713, -195.01558699969493
-155.26715677867713, -204.59664561605592
-155.18054918135607, -204.59664561605592
-155.15523108620135, -204.59664561605592
-155.15523108620135, -215.92427210991275
-155.15523108620135, -216.6466639266028
-155.18054918135607, -216.6466639266028
-155.26715677867713, -216.6466639266028
-155.26715677867713, -219.86559310321056
-155.26715677867713, -229.44665171957155
-155.18054918135607, -229.44665171957155
-155.15523108620135, -229.44665171957155
-155.15523108620135, -240.7743499335946
-155.15523108620135, -241.49674632406374
-155.18054918135607, -241.49674632406374
-155.26715677867713, -241.49674632406374
-155.26715677867713, -244.7156563143402
-155.26715677867713, -254.29665782308717
-155.18054918135607, -254.29665782308717
-155.15523108620135, -254.29665782308717
-155.15523108620135, -265.6243560371102
-155.15523108620135, -266.34675242757936
-155.18054918135607, -266.34675242757936
-155.26715677867713, -266.34675242757936
-155.26715677867713, -269.56566241785583
-155.26715677867713, -279.1466639266028
-155.18054918135607, -279.1466639266028
-155.15523108620135, -279.1466639266028
-155.15523108620135, -290.47436214062583
-155.15523108620135, -291.196758531095
-155.18054918135607, -291.196758531095
-155.26715677867713, -291.196758531095
-155.26715677867713, -294.4156877077028
-155.26715677867713, -303.99674632406374
-155.18054918135607, -303.99674632406374
-155.15523108620135, -303.99674632406374
-155.15523108620135, -315.3242293775881
-155.15523108620135, -316.04661204672
-155.18054918135607, -316.04661204672
-155.26715677867713, -316.04661204672
-155.26715677867713, -319.2655795959904
-155.26715677867713, -328.84675242757936
-155.18054918135607, -328.84675242757936
-155.15523108620135, -328.84675242757936
-155.15523108620135, -340.1742354811037
-155.15523108620135, -340.8966181502356
-155.18054918135607, -340.8966181502356
-155.26715677867713, -340.8966181502356
-155.26715677867713, -344.115585699506
-155.26715677867713, -353.696758531095
-155.18054918135607, -353.696758531095
-155.15523108620135, -353.696758531095
-155.15523108620135, -365.02424158461935
-155.15523108620135, -365.74662425375124
-155.18054918135607, -365.74662425375124
-155.26715677867713, -365.74662425375124
-155.26715677867713, -368.965553430359
-155.26715677867713, -378.54661204672
-155.18054918135607, -378.54661204672
-155.15523108620135, -378.54661204672
-155.15523108620135, -389.8742385405768
-155.15523108620135, -390.59663035726686
-155.18054918135607, -390.59663035726686
-155.26715677867713, -390.59663035726686
-155.26715677867713, -393.81555953387465
-155.26715677867713, -403.3966181502356
-155.18054918135607, -403.3966181502356
-155.15523108620135, -403.3966181502356
-155.15523108620135, -403.4186257136984
-155.15523108620135, -403.4897812868637
-153.86114914279432, -403.445119269835
-153.11017185376858, -403.4192011580481
-150.99561640723226, -403.40297372261284
-150.16743808912014, -403.3966181502356
-141.25230375080872, -405.8767870678144
-131.53970657698045, -408.57882409921257
-131.53970657698045, -406.9892791342975
-131.53970246476496, -405.73301878419056
-131.53970246476496, -399.83200238122544
-131.5397112728553, -397.6611292160235
-131.5397112728553, -382.9450468749304
Holes:
Exterior:
-102.75939624097356, 99.2948544165705
-106.4655032746669, 97.44181416177612
-113.05373939267594, 94.1477042356334
-123.48005591090913, 88.9345631617445
-123.48005591090913, 82.93688064738237
-123.48007785206681, 80.91983425302979
-123.48007785206681, 71.10036325298859
-123.48007785206681, 65.34803322546293
-123.48005591090913, 57.21300129603346
-116.91764618537758, 53.931790371051434
-113.05373939267594, 51.99979583757831
-106.4655032746669, 48.705661512850334
-97.62097645475768, 44.283430567737916
-97.62097645475768, 48.160516878179074
-97.62097645475768, 62.38536550179944
-99.9522170310301, 63.55098363638457
-106.4655032746669, 66.80762074136597
-97.62097645475768, 66.80762074136597
-97.62097645475768, 78.23684491608321
-97.62097645475768, 79.60760853433472
-106.4655032746669, 79.60760853433472
-97.62097645475768, 84.02987194428934
-97.62097645475768, 98.82641096576496
-97.62097645475768, 101.86404592219229
-102.75939624097356, 99.2948544165705
Holes:
Exterior:
-102.75939624097356, 115.57196400308472
-106.4655032746669, 115.57196400308472
-113.05373939267594, 115.57196400308472
-123.48005591090913, 115.57196400308472
-123.48005591090913, 111.26728355081129
-123.48005591090913, 102.77189991617065
-116.9797228566469, 102.77189991617065
-113.05373939267594, 102.77189991617065
-110.22853935601182, 102.77189991617065
-106.4655032746669, 102.77189991617065
-97.62097645475768, 102.77189991617065
-97.62097645475768, 113.39177594609087
-97.62097645475768, 115.57196400308472
-102.75939624097356, 115.57196400308472
Holes:
Exterior:
-102.75939624097356, -117.02647878311251
-106.4655032746669, -118.87955882406372
-113.05373939267594, -122.1736768830682
-123.48005591090913, -127.38682231330152
-123.48005591090913, -133.47456358793787
-123.48007785206681, -135.5218885293225
-123.48007785206681, -145.4887633339255
-123.48007785206681, -151.24109336145116
-123.48005591090913, -159.37609963311417
-116.91764618537758, -162.65729843366364
-113.05373939267594, -164.58927072111396
-110.22853935601182, -166.00187073944602
-106.4655032746669, -167.88338878011842
-97.62097645475768, -172.30561972523083
-97.62097645475768, -168.42856609634208
-97.62097645475768, -154.20377742589082
-99.9522170310301, -153.03815498420354
-106.4655032746669, -149.7815058455481
-98.9635332283737, -149.7815058455481
-97.62097645475768, -149.7815058455481
-97.62097645475768, -138.35228167083085
-97.62097645475768, -136.98151805257936
-98.9635332283737, -136.98151805257936
-106.4655032746669, -136.98151805257936
-97.62097645475768, -132.55924647223665
-97.62097645475768, -117.54047256212858
-97.62097645475768, -114.4572321150322
-102.75939624097356, -117.02647878311251
Holes:
Exterior:
-102.75939624097356, -100.74944712972778
-106.4655032746669, -100.74944712972778
-110.22853935601182, -100.74944712972778
-113.05373939267594, -100.74944712972778
-123.48005591090913, -100.74944712972778
-123.48005591090913, -105.0540762664683
-123.48005591090913, -113.54935862875122
-116.9797228566469, -113.54935862875122
-113.05373939267594, -113.54935862875122
-106.46550327466701, -113.54935862875122
-97.62097645475768, -113.54935862875122
-97.62097645475768, -111.36919656149419
-97.62097645475768, -100.74944712972778
-102.75939624097356, -100.74944712972778
Holes:
Exterior:
-98.94007565718238, 211.1154439225183
-97.62097645475768, 211.1154439225183
-97.62097645475768, 212.46268604439106
-97.62097645475768, 216.81562900209238
-97.62097645475768, 218.71431332112414
-97.62097645475768, 239.36683074315047
-97.62097645475768, 246.54337080020994
-102.6422123328386, 245.14650469887988
-106.4655032746669, 244.08289692544798
-113.05373939267594, 242.2500670677672
-123.48005591090913, 239.34948803424248
-123.48006530230344, 224.5936724321735
-123.48006530230344, 209.69629328230238
-123.48005591090913, 201.60570149134594
-116.91764618537758, 198.32449056636392
-113.05373939267594, 196.39249603289082
-110.22853935601182, 194.97988903941064
-106.4655032746669, 193.09836170816283
-97.62097645475768, 188.67613076305042
-97.62097645475768, 192.54527607816053
-97.62097645475768, 206.77804347017468
-99.91095802837316, 207.92302789760657
-106.2958255402919, 211.1154439225183
-98.94007565718238, 211.1154439225183
Holes:
Exterior:
-98.9635332283737, -77.58515574789185
-97.62097645475768, -77.58515574789185
-97.62097645475768, -66.15586344962493
-97.62097645475768, -64.78509166097778
-98.9635332283737, -64.78509166097778
-106.4655032746669, -64.78509166097778
-97.62097645475768, -60.362836421411274
-97.62097645475768, -44.95725421702466
-97.62097645475768, -42.26090148734975
-102.81404414120908, -44.857416268829525
-106.4655032746669, -46.683132432462166
-113.05373939267594, -49.977250491466634
-123.48005591090913, -55.19042157946644
-123.48005591090913, -61.2781371963363
-123.48007785206681, -63.325462137720926
-123.48007785206681, -69.07782645183806
-123.48007785206681, -78.89733945923311
-123.48005591090913, -86.91203408135632
-116.9797228566469, -90.16221343737065
-113.05373939267594, -92.12520516935612
-106.4655032746669, -95.4193232283606
-97.62097645475768, -99.84158663831522
-97.62097645475768, -96.02182398747945
-97.62097645475768, -82.00741098745837
-99.9522170310301, -80.84179285287323
-106.4655032746669, -77.58515574789185
-98.9635332283737, -77.58515574789185
Holes:
Exterior:
-98.9635332283737, -294.0894434676184
-97.62097645475768, -294.0894434676184
-97.62097645475768, -282.66008304580185
-97.62097645475768, -281.28930308675905
-98.9635332283737, -281.28930308675905
-106.4655032746669, -281.28930308675905
-99.9522170310301, -278.0326780154517
-97.62097645475768, -276.8670641879687
-97.62097645475768, -261.46153057249035
-97.62097645475768, -258.76520057133723
-102.81404414120908, -261.3617534763088
-106.4655032746669, -263.18749644613405
-110.22853935601182, -265.06901448680645
-113.05373939267594, -266.4816145051385
-123.48005591090913, -271.69475993537185
-123.48005591090913, -277.78247555224175
-123.48007785206681, -279.8297575782098
-123.48007785206681, -285.58215617891847
-123.48007785206681, -295.54898897616766
-123.48005591090913, -303.6839866190056
-116.91764618537758, -306.96519754398764
-113.05373939267594, -308.89713204923896
-110.22853935601182, -310.309732067571
-106.4655032746669, -312.1912501082434
-97.62097645475768, -316.61354598304024
-97.62097645475768, -312.7364110836909
-97.62097645475768, -298.51168236640876
-106.4655032746669, -294.0894434676184
-98.9635332283737, -294.0894434676184
Holes:
Exterior:
-98.9635332283737, 368.3082463517175
-106.4655032746669, 368.3082463517175
-99.9522170310301, 371.5648834566989
-97.62097645475768, 372.73050159128405
-97.62097645475768, 388.13608379567063
-97.62097645475768, 390.8324308432151
-102.81404414120908, 388.2358969999894
-106.4655032746669, 386.4101674332605
-110.22853935601182, 384.5286493925881
-113.05373939267594, 383.116049374256
-123.48005591090913, 377.9028911151394
-123.48005591090913, 371.8151883271528
-123.48007785206681, 369.76785487129746
-123.48007785206681, 359.80095906301756
-123.48007785206681, 354.04861189219616
-123.48005591090913, 345.9135884772374
-116.91764618537758, 342.6323896766879
-113.05373939267594, 340.7004173892376
-110.22853935601182, 339.28781737090554
-106.4655032746669, 337.40629933023314
-97.62097645475768, 332.98406838512074
-97.62097645475768, 336.8611465251738
-97.62097645475768, 351.08596517220957
-99.9522170310301, 352.2515833067947
-106.4655032746669, 355.5082204117761
-97.62097645475768, 355.5082204117761
-97.62097645475768, 356.8789881152254
-97.62097645475768, 368.3082463517175
-98.9635332283737, 368.3082463517175
Holes:
Exterior:
-98.9635332283737, -353.4857294783606
-106.4655032746669, -353.4857294783606
-97.62097645475768, -349.0634742387941
-97.62097645475768, -333.6578920344075
-97.62097645475768, -330.9615393047326
-102.81404414120908, -333.55805408621234
-106.4655032746669, -335.383770249845
-110.22853935601182, -337.2652882905174
-113.05373939267594, -338.67788830884945
-123.48005591090913, -343.89105939684924
-123.48005591090913, -349.9787493559527
-123.48007785206681, -352.02609995510375
-123.48007785206681, -357.7784642692209
-123.48007785206681, -367.7453810811777
-123.48005591090913, -375.8803873528407
-116.91764618537758, -379.1615861533902
-113.05373939267594, -381.0935584408405
-110.22853935601182, -382.5061584591726
-106.4655032746669, -384.387676499845
-97.62097645475768, -388.8099074449574
-97.62097645475768, -384.93280479374005
-97.62097645475768, -370.7080161232888
-106.4655032746669, -366.2857935652747
-97.62097645475768, -366.2857935652747
-97.62097645475768, -364.91502177662755
-97.62097645475768, -353.4857294783606
-98.9635332283737, -353.4857294783606
Holes:
Exterior:
-98.9635332283737, -5.388805650235601
-97.62097645475768, -5.388805650235601
-97.62097645475768, -4.018033861588456
-97.62097645475768, 7.4112584366784615
-106.4655032746669, 7.4112584366784615
-97.62097645475768, 11.833513676244982
-97.62097645475768, 27.239095880631588
-97.62097645475768, 29.9354486103065
-102.81404414120908, 27.338933828826725
-106.4655032746669, 25.513217665194084
-110.22853935601182, 23.631699624521687
-113.05373939267594, 22.219099606189616
-123.48005591090913, 17.005928518189812
-123.48005591090913, 10.91821290131995
-123.48007785206681, 8.870887959935327
-123.48007785206681, 3.1185236458181746
-123.48007785206681, -6.848435173492467
-123.48005591090913, -14.983450073980494
-116.91764618537758, -18.264636750097473
-113.05373939267594, -20.19658679152495
-110.22853935601182, -21.609179834708918
-106.4655032746669, -23.490688584805916
-97.62097645475768, -27.912919529918334
-97.62097645475768, -24.035833219477176
-97.62097645475768, -9.811044549025926
-99.9522170310301, -8.645430721542946
-106.4655032746669, -5.388805650235601
-98.9635332283737, -5.388805650235601
Holes:
Exterior:
-117.11322557237617, -239.09820570803438
-113.05373939267594, -240.22750797326816
-106.46550327466701, -242.06032969808717
-97.62097645475768, -244.5208935123116
-97.62097645475768, -240.7477934552533
-97.62097645475768, -232.9827304513609
-97.62097645475768, -214.79313806867688
-97.62097645475768, -209.0929529891028
-106.2958255402919, -209.0929529891028
-97.62097645475768, -204.75553647647686
-97.62097645475768, -189.39477280346824
-97.62097645475768, -186.65366661234665
-102.81404414120908, -189.2501432703346
-106.4655032746669, -191.07583262777467
-110.22853935601182, -192.95735066844708
-113.05373939267594, -194.36995068677913
-123.48005591090913, -199.58314743254542
-123.48005591090913, -205.6708373916488
-123.48006530230344, -207.67373905705105
-123.48005591090913, -219.44908363837078
-123.48005591090913, -237.3269461249711
-117.11322557237617, -239.09820570803438
Holes:
Exterior:
-117.11322557237617, 247.21365711831908
-113.05373939267594, 247.21365711831908
-110.22853935601182, 247.21365711831908
-106.4655032746669, 247.21365711831908
-97.62097645475768, 247.21365711831908
-97.62097645475768, 258.1070725943112
-97.62097645475768, 260.0136830582605
-102.81404414120908, 260.0136830582605
-106.4655032746669, 260.0136830582605
-113.05373939267594, 260.0136830582605
-123.48005591090913, 260.0136830582605
-123.48005591090913, 251.51832474170928
-123.48005591090913, 247.21365711831908
-117.11322557237617, 247.21365711831908
Holes:
Exterior:
-106.4655032746669, -28.686916612149666
-110.22853935601182, -28.686916612149666
-113.05373939267594, -28.686916612149666
-123.48005591090913, -28.686916612149666
-123.48005591090913, -32.99157140665663
-123.48005591090913, -41.486904405118416
-116.91764618537758, -41.486904405118416
-113.05373939267594, -41.486904405118416
-106.4655032746669, -41.486904405118416
-97.62097645475768, -41.486904405118416
-97.62097645475768, -30.593521393968466
-97.62097645475768, -28.686916612149666
-102.81404414120908, -28.686916612149666
-106.4655032746669, -28.686916612149666
Holes:
Exterior:
-106.4655032746669, -245.19120433187624
-113.05373939267594, -245.19120433187624
-123.48005591090913, -245.19120433187624
-123.48005591090913, -253.686537330338
-123.48005591090913, -257.991192124845
-116.91764618537758, -257.991192124845
-113.05373939267594, -257.991192124845
-106.4655032746669, -257.991192124845
-97.62097645475768, -257.991192124845
-97.62097645475768, -247.93164312662245
-97.62097645475768, -245.19120433187624
-102.6422123328386, -245.19120433187624
-106.4655032746669, -245.19120433187624
Holes:
Exterior:
-106.4655032746669, 187.90213368081908
-110.22853935601182, 187.90213368081908
-113.05373939267594, 187.90213368081908
-123.48005591090913, 187.90213368081908
-123.48005591090913, 183.59749171519533
-123.48005591090913, 175.10218403482298
-116.91764618537758, 175.10218403482298
-113.05373939267594, 175.10218403482298
-110.22853935601182, 175.10218403482298
-106.4655032746669, 175.10218403482298
-97.62097645475768, 175.10218403482298
-97.62097645475768, 185.99553458113073
-97.62097645475768, 187.90213368081908
-102.81404414120908, 187.90213368081908
-106.4655032746669, 187.90213368081908
Holes:
Exterior:
-106.46550327466701, 120.90204975747925
-97.62097645475768, 116.47981799706308
-97.62097645475768, 120.35689695241989
-97.62097645475768, 134.5817155994557
-99.9522170310301, 135.7473337340408
-106.4655032746669, 139.0039708390222
-97.62097645475768, 139.0039708390222
-97.62097645475768, 150.43322907551428
-97.62097645475768, 151.8039967789636
-106.4655032746669, 151.8039967789636
-97.62097645475768, 156.22625201853012
-97.62097645475768, 171.63183422291672
-97.62097645475768, 174.32818695259166
-102.81404414120908, 171.73167217111188
-106.4655032746669, 169.90595600747923
-110.22853935601182, 168.02442867623142
-113.05373939267594, 166.61182168275124
-123.48005591090913, 161.39861622429612
-123.48005591090913, 155.31090060742625
-123.48007785206681, 153.26358429486666
-123.48007785206681, 147.51123712404524
-123.48007785206681, 137.54436231944226
-123.48005591090913, 129.40932607560026
-116.9797228566469, 126.15917826090929
-113.05373939267594, 124.19616781648372
-106.46550327466701, 120.90204975747925
Holes:
Exterior:
-106.4655032746669, -317.3875544295325
-110.22853935601182, -317.3875544295325
-113.05373939267594, -317.3875544295325
-123.48005591090913, -317.3875544295325
-123.48005591090913, -321.69220922403946
-123.48005591090913, -330.18754222250124
-116.91764618537758, -330.18754222250124
-113.05373939267594, -330.18754222250124
-110.22853935601182, -330.18754222250124
-106.4655032746669, -330.18754222250124
-97.62097645475768, -330.18754222250124
-97.62097645475768, -328.2809374406824
-97.62097645475768, -317.3875544295325
-102.81404414120908, -317.3875544295325
-106.4655032746669, -317.3875544295325
Holes:
Exterior:
-106.4655032746669, 319.410045362948
-97.62097645475768, 319.410045362948
-97.62097645475768, 330.3034608389401
-97.62097645475768, 332.2100713028894
-102.81404414120908, 332.2100713028894
-106.4655032746669, 332.2100713028894
-110.22853935601182, 332.2100713028894
-113.05373939267594, 332.2100713028894
-123.48005591090913, 332.2100713028894
-123.48005591090913, 327.9054036794992
-123.48005591090913, 319.410045362948
-116.91764618537758, 319.410045362948
-113.05373939267594, 319.410045362948
-110.22853935601182, 319.410045362948
-106.4655032746669, 319.410045362948
Holes:
Exterior:
-106.4655032746669, 265.2099492325769
-97.62097645475768, 260.7876858226223
-97.62097645475768, 264.66478825712943
-97.62097645475768, 278.88957692758066
-106.4655032746669, 283.3118321671472
-97.62097645475768, 283.3118321671472
-97.62097645475768, 294.74112446541415
-97.62097645475768, 296.11189625406126
-106.4655032746669, 296.11189625406126
-99.9522170310301, 299.36852734220565
-97.62097645475768, 300.5341433232397
-97.62097645475768, 315.9397012331722
-97.62097645475768, 318.63603691645574
-102.81404414120908, 316.03948401148415
-106.4655032746669, 314.2137410416589
-110.22853935601182, 312.33222764627425
-113.05373939267594, 310.9196311155162
-123.48005591090913, 305.7065028705105
-123.48005591090913, 299.6188000825239
-123.48007785206681, 297.5714837699643
-123.48007785206681, 287.6046089653613
-123.48007785206681, 281.8522446512442
-123.48005591090913, 273.71722555069795
-116.91764618537758, 270.43602068793217
-113.05373939267594, 268.50406729158135
-110.22853935601182, 267.0914672732493
-106.4655032746669, 265.2099492325769
Holes:
Exterior:
-106.4655032746669, -185.87968089437624
-97.62097645475768, -185.87968089437624
-97.62097645475768, -183.9730647482965
-97.62097645475768, -173.07961680746217
-102.81404414120908, -173.07961680746217
-106.4655032746669, -173.07961680746217
-110.22853935601182, -173.07961680746217
-113.05373939267594, -173.07961680746217
-123.48005591090913, -173.07961680746217
-123.48005591090913, -177.3842972597356
-123.48005591090913, -185.87968089437624
-116.91764618537758, -185.87968089437624
-113.05373939267594, -185.87968089437624
-106.4655032746669, -185.87968089437624
Holes:
Exterior:
-106.4655032746669, 43.509433485506584
-113.05373939267594, 43.509433485506584
-123.48005591090913, 43.509433485506584
-123.48005591090913, 39.20477869099962
-123.48005591090913, 30.709445692537834
-116.91764618537758, 30.709445692537834
-113.05373939267594, 30.709445692537834
-110.22853935601182, 30.709445692537834
-106.4655032746669, 30.709445692537834
-97.62097645475768, 30.709445692537834
-97.62097645475768, 32.61605047435664
-97.62097645475768, 43.509433485506584
-102.81404414120908, 43.509433485506584
-106.4655032746669, 43.509433485506584
Holes:
