Exterior:
-274.0936895596385, -403.7677866466184
-274.0848405651469, -403.79434937998735
-274.0272276548402, -403.9738528909254
-273.89550055622317, -404.3759941184703
-273.75864806260745, -404.72985561185044
-273.6894702878607, -404.90825277335034
-273.660411755048, -404.9756343022426
-273.5010256818815, -405.32946111729626
-273.3993170664103, -405.56762437854974
-273.37334796414905, -405.6283884649424
-273.2482406500558, -405.876593375334
-273.1050775389198, -406.14731267942756
-273.0272686628383, -406.28379767538075
-272.83569498806105, -406.65263479004153
-272.8102369696908, -406.693233702141
-272.7106993345277, -406.85116125510564
-272.7008374304246, -407.2323712001221
-272.6873533872621, -407.73225091751567
-272.66225873368967, -408.1112534650144
-272.61762072124645, -408.6096867865784
-272.5917415486732, -408.7926738598208
-272.5018065122621, -409.43007310807184
-272.4068960725094, -409.9364657744303
-272.3408262876527, -410.2897123456998
-272.1410955605885, -411.15879946243194
-272.1345274595277, -411.18742277423416
-272.1143802652358, -411.2624407577346
-271.8836729673402, -411.9426878920584
-271.69511627809686, -412.43003587719096
-271.5887205747621, -412.7894436892754
-271.56698495595845, -412.842783238516
-271.52078524225647, -412.9562414686283
-271.3337193133842, -413.36797110997986
-271.24982286968395, -413.5531955571001
-271.014183470848, -414.0251730518442
-270.86774279155895, -414.31821106127467
-270.6673655781764, -414.68733368382067
-270.4437010435121, -415.05795428248473
-270.2745570002402, -415.3176534534924
-269.9787657407777, -415.7711468526358
-269.53213707808663, -416.410791694765
-269.4744627622621, -416.4849076809408
-269.4354617566877, -416.5318267355351
-268.9318602231996, -417.1365406757503
-268.5122464662095, -417.6103498709596
-268.3523314146058, -417.79061571769455
-268.2810903787778, -417.8661966838504
-268.2419066171577, -417.91237996618776
-268.09996332571393, -418.0591563248622
-267.83791546810573, -418.30572175918195
-267.7370970396058, -418.4120714805169
-267.53745817301797, -418.5946566930776
-267.2749563304626, -418.8353384209888
-267.1683692532979, -418.926767833721
-267.0873778013246, -418.9964479595989
-266.78547386236744, -419.24013442961586
-266.40485216655895, -419.54834830512726
-266.3942329595676, -419.5564357595595
-266.3802445583543, -419.56711597684
-265.9882508296895, -419.8447253008284
-265.6908934263246, -420.05587187289933
-265.41760476620607, -420.23842882870724
-264.9477903989808, -420.5277913203679
-264.3946473263061, -420.84758178782073
-264.1772215513246, -420.9622180808638
-263.5590262893228, -421.26644200673974
-263.3810179380433, -421.3540076679126
-263.3167171531097, -421.38353344917135
-262.5613157896058, -421.69251207660574
-262.1903001261453, -421.83265451555366
-261.71979357280895, -421.9868328759475
-261.02443340104844, -422.19390025999394
-260.83304450686853, -422.2407110507295
-260.3847151471358, -422.3331259407004
-259.9738609630284, -422.4194513613607
-259.8274084135745, -422.44804140670584
-259.15799219601263, -422.56695657565933
-259.1579394753729, -422.5669648333139
-259.15753449666056, -422.5670283129725
-259.1572890821685, -422.5670560916887
-258.17182291539655, -422.69597907954096
-258.1707532465498, -422.69610034047463
-257.5739721166574, -422.7741581406318
-257.57320901080175, -422.7742444992189
-257.5725677792989, -422.77431672460455
-257.253729468856, -422.8018028135802
-257.25189977986975, -422.80193352856196
-256.3256584792058, -422.88159119045173
-256.3242814198883, -422.8816890585353
-255.96050738417443, -422.91315342391823
-255.95832019273587, -422.9133089119284
-255.95425911937457, -422.91343054057717
-255.95374755725675, -422.91344607877943
-255.38600558966584, -422.93778248712596
-254.3291954971769, -422.98287823739423
-254.32644261706685, -422.982960454115
-253.51308731976803, -422.98296696556116
-253.5107197091262, -422.98294015184507
-252.6983348459919, -422.9829432045915
-252.69208477764653, -422.9828726986885
-252.691141541129, -422.98286103361806
-252.6891061457991, -422.9828382757194
-252.68397226368018, -422.9825376911531
-251.630236534358, -422.9375609820681
-251.62525012130743, -422.9372674831623
-251.060795119129, -422.91305985559154
-251.05733763596686, -422.9128549075545
-251.05320600228413, -422.91261391852186
-250.69117212799586, -422.88131369923593
-250.6863907839246, -422.88079979778684
-249.7668310229318, -422.8017002143756
-249.76341424647, -422.8013343595786
-249.44733942762286, -422.77408629795514
-249.43921311062968, -422.7732163962536
-248.8479415907774, -422.695879813714
-248.83878054258935, -422.694499124819
-248.8379124853452, -422.69436793872086
-247.86334586610326, -422.56686506783973
-247.8549465399268, -422.5655994222048
-247.0502625818175, -422.42268302119896
-247.03812249785142, -422.42029415129787
-246.3205505064583, -422.29296725746775
-246.31825951294036, -422.29251698491447
-245.32125055845154, -422.06602299682237
-245.3148403292779, -422.0647617172731
-245.3078930764351, -422.06305454988126
-244.83750797337825, -421.95615616517733
-244.8299404217713, -421.95429850139993
-244.82233579229376, -421.9524279252396
-244.46467132995474, -421.85197884781485
-244.45304759167254, -421.84836525921315
-243.64504862413708, -421.62136729991903
-243.64095754872403, -421.62009390594824
-243.4028521620611, -421.55329039617595
-243.37296251283738, -421.5436304873216
-243.37226993130344, -421.54339817257085
-243.3715876222392, -421.54316930354616
-243.37082831717078, -421.54291460751534
-243.37007863949623, -421.54266314083077
-243.36924248150433, -421.54238266578784
-243.36841495282363, -421.5421050853013
-243.36748964815092, -421.5417947075134
-243.36657147998687, -421.54148672354654
-243.36554197226224, -421.541141392609
-243.36451742018357, -421.540797723959
-243.3633650542945, -421.54041118233005
-243.36221448831157, -421.54002524444917
-243.36083027460688, -421.5395609333955
-243.35952348567207, -421.53912259317013
-243.35804257266898, -421.5386258459738
-243.35655212138397, -421.53812589932227
-243.35485548195027, -421.53755679034685
-243.35313971432163, -421.5369812651423
-243.35117651370967, -421.5363227427323
-243.34918019587155, -421.53565311170945
-243.3468823257383, -421.5348823300742
-243.34453056005123, -421.53409347008784
-243.34180449067117, -421.53317905626426
-243.33899313030713, -421.5322360330241
-243.3357069273428, -421.5311337318723
-243.33228678720138, -421.5299865037618
-243.32824825447676, -421.5286318463282
-243.32399774548105, -421.527206085043
-243.3189154230713, -421.52550130603
-243.31349078990922, -421.5236817046701
-243.30690052585078, -421.5214711121592
-243.29973820800353, -421.5190686338891
-243.29085343046972, -421.51608838567705
-243.2809614223023, -421.5127702790004
-243.26833509202118, -421.5085349902604
-243.25379200116674, -421.5036567566352
-243.23444231585154, -421.49716623226965
-243.2109836412261, -421.4892974170016
-243.17764486779072, -421.4781144898493
-243.13357655010464, -421.46333251871994
-243.06287578524746, -421.4396171440513
-242.95118001430887, -421.4021506886026
-242.70887427719776, -421.3208733311149
-242.48064166101562, -421.2451484882263
-242.23981310405895, -421.1635347013849
-242.20069944205648, -421.14917533624435
-242.04862047710583, -421.0933442716974
-241.13525070969467, -420.7222158211107
-240.77802111187145, -420.5770631437677
-240.02511879104668, -420.21367880254854
-239.59989000835583, -420.00844436935364
-238.99171198819386, -419.66018769095285
-238.5230772642152, -419.391836703338
-238.0424620945165, -419.06397577959746
-237.55521227398083, -418.73158890060364
-237.18466863992478, -418.42757521964893
-236.70323778667614, -418.0325837736505
-236.42568696391083, -417.75384311569775
-235.9735624937074, -417.29978042892395
-235.77278696129883, -417.04593624970806
-235.37145067730114, -416.5385194425958
-235.23288402486116, -416.3074701152471
-234.9011747983949, -415.75437027267395
-234.812604310417, -415.5424870688598
-234.56624437847302, -414.9531312590021
-234.51829931220198, -414.75542978751486
-234.36917711773083, -414.14052444747864
-234.35560678864806, -413.96709634858934
-234.31058336773083, -413.39169937423645
-233.89150211481865, -413.38301767078724
-232.19663073101208, -413.3479066496271
-232.05718700974387, -413.33921675202623
-231.13309298711727, -413.2816287706017
-231.13309298711727, -413.61952433655034
-231.13309298711727, -414.79283075457477
-231.13309298711727, -415.39284910746574
-231.13309298711727, -415.9411330516245
-231.13309298711727, -416.4251993447114
-231.13309298711727, -417.6298194429017
-225.1125360423165, -415.94671599627566
-218.9502470640199, -414.2239900236505
-217.50454853731242, -413.8859496023505
-216.35294019132846, -413.61667481009096
-216.35294019132846, -410.0043642132414
-216.35294019132846, -409.6993457611546
-215.56124850183994, -409.30347972946333
-215.4761259702699, -409.26091629318177
-214.30946711661647, -408.57207727018385
-214.10863329448864, -408.4534974699396
-213.161184807626, -407.7900189608335
-212.8791563657777, -407.592520297088
-212.12512465882344, -406.95979650157165
-211.79601122417614, -406.6836305265802
-211.21025440871279, -406.08455121847516
-210.8668272642152, -405.7333131437677
-210.4254023777413, -405.1676061315188
-210.0977842954652, -404.7477479582208
-209.77925220813188, -404.212836227028
-209.49399401226208, -403.7338014250177
-209.28049936290756, -403.2247305426174
-209.05980516948864, -402.6984925871271
-208.93754507765186, -402.2081693974819
-208.79804064312145, -401.6486878996271
-208.75836470609556, -401.16855708440426
-208.71068407573864, -400.5915589933771
-202.43877756066013, -400.5915589933771
-202.43877756066013, -400.59332379955424
-202.43877756066013, -400.61943635864884
-202.43877756066013, -400.7053449791528
-202.43877756066013, -400.94365883449484
-202.43877756066013, -401.86204235710375
-202.43877756066013, -402.7723774906164
-202.43877756066013, -403.4040271271501
-202.43877756066013, -404.23223303084995
-202.43877756066013, -405.0254141521559
-202.43877756066013, -405.76761799980915
-202.43877756066013, -409.07529079747906
-202.43877756066013, -409.3116363431781
-202.43877756066013, -409.51017995953976
-202.43877756066013, -409.6721062430396
-202.43877756066013, -409.800844019064
-202.43877756066013, -409.900682978204
-202.43877756066013, -409.97610963388973
-202.43877756066013, -410.3631960862657
-201.53287804543902, -410.15137415512055
-200.3956358579652, -409.8854585295099
-192.91731541104753, -408.45375333113395
-187.6586247648712, -407.4469905441923
-187.6586247648712, -405.56124718046965
-187.6586247648712, -405.27641010790876
-187.6586247648712, -404.9789953828846
-187.6586247648712, -404.6756368399665
-187.6586247648712, -402.3579192284137
-187.6586247648712, -401.7734048516879
-187.6586247648712, -400.97348900389903
-187.6586247648712, -400.6851311704689
-187.6586247648712, -400.59748267929695
-187.6586247648712, -400.5915589933771
-183.43091117355482, -400.5915589933771
-173.74450618253275, -400.5915589933771
-173.74450618253275, -400.6013978719684
-173.74450618253275, -400.7469766340807
-173.74450618253275, -401.2259212898851
-173.74450618253275, -402.55453239725273
-173.74450618253275, -402.8247404910202
-173.74450618253275, -403.0925805764098
-173.74450618253275, -405.0178145807728
-168.28344342158528, -404.1998143338161
-161.78258348980114, -403.226065218963
-160.4178648266801, -403.07546274046723
-158.96430933841407, -402.91505674245485
-158.96430933841407, -401.49406611376355
-158.96430933841407, -400.8126716416867
-158.96430933841407, -400.60555676410553
-158.96430933841407, -400.5915589933771
-148.97411213289763, -400.5915589933771
-145.05014670774574, -400.5915589933771
-145.05014670774574, -400.60947196917147
-145.05014670774574, -400.87451730108444
-145.05014670774574, -401.4886926507191
-140.43004833430155, -401.1553981019256
-137.03061510601208, -400.9101625090021
-134.5480175530014, -400.8244818341786
-130.2700379602867, -400.6768380173463
-130.2700379602867, -400.6136308365197
-130.2700379602867, -400.5915589933771
-125.51068712749645, -400.5915589933771
-122.91437646780298, -401.31384998192425
-112.71069933452759, -404.1525025968927
-112.71069933452759, -402.7178754365013
-112.71069933452759, -396.82858902267395
-112.71069933452759, -394.87293437216596
-112.71069933452759, -391.4437965423226
-112.71069933452759, -384.956136006066
-112.71069933452759, -376.87889119161343
-112.71069933452759, -372.325186312713
-112.71069933452759, -370.6713669397367
-112.71069933452759, -367.7714814338126
-112.71069933452759, -358.6055406817794
-112.71069933452759, -345.29635933419155
-112.71069933452759, -337.7061219816583
-112.71069933452759, -334.9494711485107
-112.71069933452759, -330.1158285351995
-112.71069933452759, -321.26013988617797
-112.71069933452759, -311.84914980311714
-112.71069933452759, -304.2588563566583
-112.71069933452759, -301.5022055235107
-112.71069933452759, -296.6685629101995
-112.71069933452759, -286.4091344901976
-112.71069933452759, -273.1000653304609
-112.71069933452759, -265.5097718840021
-112.71069933452759, -262.7531210508545
-112.71069933452759, -257.91947843754326
-112.71069933452759, -250.2446021417772
-112.71069933452759, -240.8336120587164
-112.71069933452759, -236.52234512618958
-112.71069933452759, -234.9565542517428
-112.71069933452759, -232.2110220997372
-112.71069933452759, -220.7932235483983
-112.71069933452759, -200.98842171212127
-112.71069933452759, -193.39818435958802
-112.71069933452759, -190.64155389869188
-112.71069933452759, -185.80794700705476
-112.71069933452759, -176.95225835803325
-112.71069933452759, -167.54121218104686
-112.71069933452759, -159.95091873458802
-112.71069933452759, -157.19428827369188
-112.71069933452759, -152.36068138205476
-112.71069933452759, -142.08353754475087
-112.71069933452759, -128.7744122910886
-112.71069933452759, -121.1349244718927
-112.71069933452759, -118.36038680196914
-112.71069933452759, -113.49538055877122
-112.71069933452759, -104.08444656963599
-112.71069933452759, -88.80547093124417
-112.71069933452759, -75.6931231685302
-112.71069933452759, -60.51259236953813
-112.71069933452759, -32.559502068795155
-112.71069933452759, -23.148511985734345
-112.71069933452759, -15.558218539275511
-112.71069933452759, -12.801608450630823
-112.71069933452759, -7.968037280667848
-112.71069933452759, 2.291391139334068
-112.71069933452759, 15.600628580847491
-112.71069933452759, 23.19086593338074
-112.71069933452759, 25.94751676652833
-112.71069933452759, 30.781159379839572
-112.71069933452759, 39.636848028861095
-112.71069933452759, 49.04783811192191
-112.71069933452759, 56.63813155838074
-112.71069933452759, 59.39478239152834
-112.71069933452759, 64.22842500483956
-112.71069933452759, 74.43468697291578
-112.71069933452759, 87.54697864170416
-112.71069933452759, 95.18641036697448
-112.71069933452759, 97.96092766464659
-112.71069933452759, 102.82589818617039
-112.71069933452759, 111.71702776980575
-112.71069933452759, 121.12807394679216
-112.71069933452759, 128.76753371902527
-112.71069933452759, 131.54205101669737
-112.71069933452759, 136.40702153822116
-112.71069933452759, 146.6841855755448
-112.71069933452759, 159.99331082920705
-112.71069933452759, 167.5836042756659
-112.71069933452759, 170.3402551088135
-112.71069933452759, 175.17389772212474
-112.71069933452759, 184.58485975822273
-112.71069933452759, 204.85832675856346
-112.71069933452759, 220.0389136514811
-112.71069933452759, 239.84365939383252
-112.71069933452759, 244.15495437332214
-112.71069933452759, 245.72071468939174
-112.71069933452759, 248.46619325888616
-112.71069933452759, 256.14106955465223
-112.71069933452759, 265.5520876846758
-112.71069933452759, 273.14238113113464
-112.71069933452759, 275.8990217781565
-112.71069933452759, 280.7326465306307
-112.71069933452759, 290.99208505064246
-112.71069933452759, 304.30121030430473
-112.71069933452759, 311.89150375076355
-112.71069933452759, 314.6481443977854
-112.71069933452759, 319.4817691502596
-112.71069933452759, 328.33743759926136
-112.71069933452759, 337.748455729285
-112.71069933452759, 345.33869308181823
-112.71069933452759, 348.09534391496584
-112.71069933452759, 352.92898652827705
-112.71069933452759, 366.2381398289021
-112.71069933452759, 375.34554958670293
-112.71069933452759, 392.93829216887985
-112.71069933452759, 401.01550893636966
-112.71069933452759, 411.7851499909979
-121.00608547511104, 409.47740671421445
-125.51068712749645, 408.22424453445495
-129.58813367984294, 408.22424453445495
-130.2700379602867, 408.22424453445495
-130.2700379602867, 408.2462418105599
-130.2700379602867, 408.30943110571184
-137.03061510601208, 408.54269546218933
-145.05014670774574, 409.1213099951553
-145.05014670774574, 408.5070673257314
-145.05014670774574, 408.2420969934392
-145.05014670774574, 408.22424453445495
-154.17119634597327, 408.22424453445495
-158.96430933841407, 408.22424453445495
-158.96430933841407, 408.23819501541743
-158.96430933841407, 408.4452512859023
-158.96430933841407, 409.1267204456596
-158.96430933841407, 410.54770413656007
-161.78258348980114, 410.85871261306823
-173.74450618253275, 412.650461974878
-173.74450618253275, 410.45735876845833
-173.74450618253275, 410.1871895149805
-173.74450618253275, 408.85858489437345
-173.74450618253275, 408.37958774142254
-173.74450618253275, 408.2340501735916
-173.74450618253275, 408.22424453445495
-178.7543190497879, 408.22424453445495
-187.6586247648712, 408.22424453445495
-187.6586247648712, 408.23014820792235
-187.6586247648712, 408.3177718972857
-187.6586247648712, 408.60616133763165
-187.6586247648712, 409.40607327994167
-187.6586247648712, 409.9905036373201
-187.6586247648712, 410.5698958850589
-187.6586247648712, 412.61161084738916
-187.6586247648712, 412.909057502014
-187.6586247648712, 413.19389457457487
-187.6586247648712, 413.4604153073331
-187.6586247648712, 415.0796229078331
-200.3956358579652, 417.51806777664245
-202.43877756066013, 417.99580953395355
-202.43877756066013, 417.5332875235303
-202.43877756066013, 417.4334429297062
-202.43877756066013, 417.30472685744195
-202.43877756066013, 417.142795450077
-202.43877756066013, 416.944266100075
-202.43877756066013, 416.7079000446116
-202.43877756066013, 416.4361432057573
-202.43877756066013, 412.65806154626114
-202.43877756066013, 411.8648804249552
-202.43877756066013, 411.0365856074204
-202.43877756066013, 410.1918272604973
-202.43877756066013, 409.4945907894536
-202.43877756066013, 408.57633927725755
-202.43877756066013, 408.3380265854501
-202.43877756066013, 408.25210854849814
-202.43877756066013, 408.2260033784491
-202.43877756066013, 408.22424453445495
-203.3373934538887, 408.22424453445495
-208.71068407573864, 408.22424453445495
-208.7503094398029, 408.7036941359797
-208.79804064312145, 409.28122085281433
-208.91997010021078, 409.77021803426265
-209.05980516948864, 410.33102554031433
-209.27306792212323, 410.83959968323825
-209.49399401226208, 411.3664488191229
-209.81403548279104, 411.90389526129263
-210.0977842954652, 412.38039535232605
-210.54586734290012, 412.9546128885604
-210.8668272642152, 413.36592239090027
-211.4699247969021, 413.98281109386835
-211.79601122417614, 414.31635421463073
-212.58591289721983, 414.97912161121434
-212.8791563657777, 415.22516769119323
-213.8911014127026, 415.9338432001644
-214.10863329448864, 416.08618301101745
-215.38055981370155, 416.83703407661625
-215.4761259702699, 416.893449246369
-216.35294019132846, 417.3319010717854
-216.35294019132846, 417.636936738421
-216.35294019132846, 418.2261026758595
-216.35294019132846, 421.2493168643163
-218.9502470640199, 421.85663741775573
-231.13309298711727, 425.2624668370069
-231.13309298711727, 423.5737804457297
-231.13309298711727, 423.02549650157096
-231.13309298711727, 422.42541862783344
-231.13309298711727, 421.5604267517484
-231.13309298711727, 421.25215404391406
-231.13309298711727, 420.914257340731
-232.19663073101208, 420.98051589675964
-232.387159273434, 420.98445945526544
-234.31058336773083, 421.02427047439636
-234.32402068455872, 421.19598118709047
-234.36917711773083, 421.77301925369323
-234.4156686136215, 421.9647449270298
-234.56624437847302, 422.585702359162
-234.65092299279138, 422.7882944972454
-234.9011747983949, 423.3870176667792
-235.03298517617748, 423.6068014212973
-235.37145067730114, 424.17116683670105
-235.56315470001448, 424.41351744929744
-235.9735624937074, 424.93235152908386
-236.24145177259527, 425.2013892249975
-236.70323778667614, 425.6651548738104
-237.06654883463955, 425.9632670912806
-237.55521227398083, 426.36423629470886
-238.03533143560878, 426.6917588569608
-238.5230772642152, 427.02448409744323
-239.14296038835948, 427.37948730648804
-239.59989000835583, 427.6411680574042
-240.3831034760559, 428.01908047469686
-240.77802111187145, 428.2096342439276
-241.74727969744504, 428.6034428316113
-242.04862047710583, 428.72587722488464
-242.08926534481543, 428.7408068341132
-242.23981310405895, 428.7961058015448
-242.48384843637734, 428.87519244368434
-242.7165139100149, 428.94763493743466
-242.96259946916325, 429.02585828353943
-243.07599943221373, 429.0619047894323
-243.14776645873076, 429.084717411894
-243.1924945028985, 429.09893513881644
-243.22632988487146, 429.1096904094785
-243.25013670989358, 429.11725789746845
-243.26977276468153, 429.12349962053065
-243.2845306132166, 429.1281907056058
-243.29734306536625, 429.13226340650874
-243.30738067444338, 429.13545406658494
-243.31639606644364, 429.13831979398134
-243.3236635661068, 429.14062991792133
-243.3303505236703, 429.1427555046388
-243.33585468511353, 429.14450511533136
-243.3410114658085, 429.1461443039229
-243.34532420838002, 429.1475151976722
-243.34942183874534, 429.14881771359137
-243.35289200270347, 429.14992077643376
-243.35622624922428, 429.15098063512886
-243.3590786945132, 429.15188734341297
-243.36184458782157, 429.1527665393735
-243.36423069788077, 429.15352501343284
-243.36656211500656, 429.15426610222073
-243.36858756915433, 429.1549099343959
-243.37057941523005, 429.15554308355553
-243.37232021188754, 429.1560964315045
-243.37404159572907, 429.1566436086915
-243.37555377971637, 429.15712428741085
-243.3770562820962, 429.1576018886325
-243.37838211843894, 429.15802333292805
-243.42037179878855, 429.17172934961224
-243.4246275624024, 429.17292451817036
-243.65653817961902, 429.24510292342603
-243.6707504411197, 429.2490953110983
-244.3644838147885, 429.4647805559262
-244.37049856128488, 429.46646989134234
-244.83599564136114, 429.58088945076594
-245.300161299381, 429.6948990840574
-245.30759738959182, 429.69658781838706
-245.74793984191376, 429.80479534037846
-246.1549927083039, 429.88483202662184
-246.16981384842086, 429.88819889299316
-246.3258848150657, 429.91890806736853
-246.33639437347142, 429.92077437396944
-247.21042823852156, 430.0927365092027
-247.22143448461304, 430.0946909830792
-247.8678062427831, 430.19211518194334
-247.88042148941815, 430.1937654180627
-247.95310800905202, 430.2047144180932
-248.72160690578005, 430.320555903299
-248.72871048731542, 430.32148471149526
-249.45062175323028, 430.39882584743685
-249.45417065226025, 430.39913130240564
-249.767726826689, 430.432742215896
-249.77771960057805, 430.4336033895603
-250.26051951097918, 430.48532497379
-250.26425822194517, 430.4856467181868
-250.69919251227407, 430.5112292956682
-251.06378959486722, 430.5326420591621
-251.06912986075156, 430.53287021756336
-251.63158572066538, 430.56593327456534
-251.6408935326781, 430.56633114480223
-252.30566413115037, 430.60542214311744
-252.56975069200155, 430.6084094659022
-252.69223503401133, 430.60980918515656
-253.50547934338476, 430.6189732806113
-253.51102075690267, 430.6189733014346
-253.85897216079672, 430.6228786375894
-253.86420012777614, 430.6228786792292
-254.3285923324289, 430.60904071210643
-254.33483720127344, 430.60877369795867
-254.33818038464835, 430.60863079212737
-254.46039762375983, 430.6049980042678
-255.43292014252268, 430.57597696258597
-255.9583888483205, 430.53853695046223
-255.95990092543786, 430.538406772159
-256.3255070355774, 430.51234553921523
-256.328986212579, 430.5120457406912
-256.98961322349544, 430.4650184936571
-256.9905834804616, 430.4649349829064
-257.2551893800497, 430.4349744832027
-257.57047954403777, 430.3992125252108
-257.571923333378, 430.3990237478122
-258.1734954343991, 430.3309070461315
-258.1752400121155, 430.3306788223691
-258.5161976046444, 430.2921000335174
-259.07993300415626, 430.20380202811924
-259.1534211438849, 430.19229028636
-259.1540088708879, 430.1921858997353
-259.8274084135745, 430.08665687538104
-259.99252547871185, 430.0566166336222
-260.3719243103434, 429.9699569338737
-260.83196306097545, 429.87218911435536
-260.8576197888061, 429.8665112314195
-260.9133699408841, 429.85418582379936
-261.02443340104844, 429.82648606329565
-261.42652093938807, 429.7067295038376
-261.71979357280895, 429.6195029002212
-261.91893032364817, 429.5541842951213
-262.1903001261453, 429.4653187281386
-262.40445718743774, 429.38431909411923
-262.5613157896058, 429.32514704410903
-262.88227417356336, 429.1937184176578
-263.3167171531097, 429.0161778508722
-263.3537142986046, 428.9991728829277
-263.3810179380433, 428.9866550620178
-263.8149468590725, 428.772852491694
-264.1772215513246, 428.5947970120982
-264.2694247682497, 428.54611547271156
-264.3946473263061, 428.4801636516329
-264.71335860170814, 428.29571166464666
-264.9477903989808, 428.16038017915713
-265.14853568133424, 428.0365385530824
-265.41760476620607, 427.8710240466478
-265.5741316945629, 427.7663650029725
-265.6908934263246, 427.68849172677267
-266.3802445583543, 427.1997633709452
-266.40485216655895, 427.1809977249761
-266.48070158269445, 427.1196782400068
-267.0873778013246, 426.62903551764475
-267.2749563304626, 426.4679095211487
-267.7370970396058, 426.0446425806768
-268.09996332571393, 425.6917724233215
-268.2419066171577, 425.5450136667417
-268.3523314146058, 425.42325057339747
-268.70197608479316, 425.02795508790166
-268.9318602231996, 424.7691331482158
-269.10527107217695, 424.5602784803826
-269.4744627622621, 424.1175516957565
-269.4908189910741, 424.0964688532442
-269.53213707808663, 424.043434726214
-269.8494750682254, 423.5884653151969
-269.9787657407777, 423.40378424636253
-270.1888058940141, 423.0809716697129
-270.4437010435121, 422.69055529094373
-270.5098222112399, 422.58070022669875
-270.6673655781764, 422.31994293095323
-270.806931907333, 422.06266080607276
-270.86774279155895, 421.95082836215784
-271.0795432106439, 421.5263001119167
-271.24982286968395, 421.18587932710386
-271.52078524225647, 420.5888431565111
-271.5887205747621, 420.4220184896519
-271.6441871091498, 420.27014993921273
-271.8836729673402, 419.575305051669
-271.92719865723495, 419.4466156711404
-272.1143802652358, 418.8950500048672
-272.13022940392534, 418.83607111362795
-272.1345274595277, 418.8200337362336
-272.2943760164068, 418.1249827158529
-272.3408262876527, 417.92238003802714
-272.4317430029679, 417.43755764112007
-272.5018065122621, 417.0626393650225
-272.5426073307615, 416.7743459750947
-272.61762072124645, 416.2422896220532
-272.627182838704, 416.1359076230153
-272.66225873368967, 415.74391155023494
-272.6808972157038, 415.463192421942
-272.6873533872621, 415.36494139886884
-272.7008374304246, 414.8650347084497
-272.7106993345277, 414.4837961426117
-272.83569498806105, 414.28527131873875
-272.87411224649804, 414.2168273555544
-273.1050775389198, 413.77996393867267
-273.2482406500558, 413.5091870469764
-273.37334796414905, 413.260997712075
-273.3993170664103, 413.2002700136394
-273.5717559961273, 412.8140827267947
-273.660411755048, 412.60830295364383
-273.6894702878607, 412.5409099541201
-273.75864806260745, 412.36248739449366
-273.89550055622317, 412.00854238520077
-273.9259293230001, 411.91403902119
-274.0272276548402, 411.6064362674851
-274.0936895596385, 411.40039589375095
-274.10344405522994, 411.3648500252578
-274.2573567991577, 410.7861612750515
-274.28340728726664, 410.6657521819471
-274.38765767660095, 410.1669009014361
-274.41664869011504, 409.982615746238
-274.48318278712384, 409.5431469924009
-274.5052510164221, 409.3155667895036
-274.54250376855396, 408.91524676578274
-274.5578172728807, 408.50273872011394
-274.56155533070375, 408.22892336971137
-274.55953497443556, 87.46384820672142
-274.5544195089118, -400.6418034226534
-274.5527059358433, -400.90507296224257
-274.54250376855396, -401.28258424319506
-274.51974712268714, -401.5168391195215
-274.48318278712384, -401.9105511320896
-274.4515485131674, -402.1109674684403
-274.38765767660095, -402.5342874724422
-274.3543304710539, -402.68776018053205
-274.2573567991577, -403.1535520279189
-274.2311888424457, -403.2484731429283
-274.0936895596385, -403.7677866466184
Holes:
Exterior:
-72.3059852136522, 191.1520986658986
-71.41621996441046, 190.7071928376776
-72.3059852136522, 190.7071928376776
-75.15367371828245, 190.7071928376776
-75.54452706651551, 190.7071928376776
-75.54452706651551, 178.7638113944124
-75.54452706651551, 177.90724319168152
-72.30760896846073, 177.90724319168152
-71.41621996441046, 177.90724319168152
-72.30760896846073, 177.46150219776652
-75.15155869079496, 176.0394997109788
-75.54452706651551, 175.84301589946588
-75.54452706651551, 158.95250470932737
-75.54453990034631, 157.74113538209573
-72.30385118868128, 159.36147854430257
-67.08208907919118, 161.97234424196262
-67.10308974052407, 175.04255617039144
-67.11805301530677, 184.52032109562433
-67.13239166572816, 193.68092249371355
-67.14300260854418, 203.18211477373657
-67.1509859192193, 206.67650229940648
-74.28228441059275, 210.2422041039025
-75.54452579711494, 210.87330830733532
-75.54452579711494, 198.2794290946195
-75.54452706651551, 192.7713845357028
-72.3059852136522, 191.1520986658986
Holes:
Exterior:
-72.3059852136522, -183.0746217375177
-71.41621996441046, -183.0746217375177
-72.3059852136522, -183.51952756573868
-75.15498073494336, -184.94403155090822
-75.54452706651551, -185.13880322441403
-75.54452706651551, -202.02938560293342
-75.54452579711494, -203.24072559978117
-72.32132610963941, -201.6290336018426
-67.1509859192193, -199.04387127739685
-67.13239166572816, -186.04832983275773
-67.11805301530677, -176.8876463710281
-67.10308974052407, -167.40990237369468
-67.08596308910523, -157.91047648553018
-67.08208907919118, -154.33975665022282
-74.28826292020904, -150.7366913851067
-75.54453990034631, -150.10855289503806
-75.54453990034631, -162.8070112363332
-75.54452706651551, -168.21044224652377
-72.30760896846073, -169.8288863945234
-71.41621996441046, -170.27455765060364
-72.30760896846073, -170.27455765060364
-75.15286327731542, -170.27455765060364
-75.54452706651551, -170.27455765060364
-75.54452706651551, -182.2180458764402
-75.54452706651551, -183.0746217375177
-72.3059852136522, -183.0746217375177
Holes:
Exterior:
-67.01760599821512, 121.14434793436229
-67.02864141356702, 130.8157003774195
-67.03661209272252, 134.42293832256684
-74.2867068888375, 138.04803941718677
-75.54453990034631, 138.67695054960714
-75.54453990034631, 125.978492208312
-75.54452706651551, 120.57506747945479
-72.18590674256808, 118.89574714447579
-71.27563389712145, 118.44056973858935
-71.1485045103089, 118.37702315994323
-71.27563389712145, 118.37702315994323
-72.18590674256808, 118.37702315994323
-75.14911743062964, 118.37702315994323
-75.54452706651551, 118.37702315994323
-75.54452706651551, 106.43353493410669
-75.54452706651551, 105.57695907302917
-72.18791123771786, 105.57695907302917
-71.27595616065798, 105.57695907302917
-71.20324168455068, 105.57695907302917
-71.1485045103089, 105.57695907302917
-71.27595616065798, 105.51325140853436
-72.18791123771786, 105.05727862191458
-75.14701247896903, 103.57774540775266
-75.54452706651551, 103.37898849468073
-75.54452706651551, 86.73817055048835
-75.54453990034631, 85.54472037739193
-72.32874201804316, 87.15268650451856
-66.9681139683214, 89.8330082569455
-66.98906852470441, 102.96245358468246
-67.00147311521732, 110.40799751706622
-67.0161997047777, 119.83101897322882
-67.01760599821512, 121.14434793436229
Holes:
Exterior:
-67.01760599821512, -113.51165479939088
-67.0161997047777, -112.1983353379526
-67.00384335220383, -104.78187047183991
-66.98906852470441, -95.3298423209886
-66.97226318476646, -85.81272022501366
-66.9681139683214, -82.20035158322032
-74.27955471382694, -78.54456673479241
-75.54453990034631, -77.91209575708223
-75.54453990034631, -90.42280541289378
-75.54452706651551, -95.74630550638506
-72.18791123771786, -97.42463878398502
-71.27595616065798, -97.88064398701499
-71.1485045103089, -97.94438797286927
-71.27595616065798, -97.94438797286927
-72.18791123771786, -97.94438797286927
-75.14831346666654, -97.94438797286927
-75.54452706651551, -97.94438797286927
-75.54452706651551, -109.88773382194404
-75.54452706651551, -110.7442994718927
-72.18590674256808, -110.7442994718927
-71.27563389712145, -110.7442994718927
-71.20303180560416, -110.7442994718927
-71.1485045103089, -110.7442994718927
-71.27563389712145, -110.80788228005913
-72.18590674256808, -111.26304632482824
-75.15042083504966, -112.74533392820841
-75.54452706651551, -112.94238704394134
-75.54452706651551, -129.83296942246074
-75.54453990034631, -131.04435268937235
-72.301305228449, -129.42270759704738
-67.03661209272252, -126.79034565925338
-67.01760599821512, -113.51165479939088
Holes:
Exterior:
-66.9525700677309, -74.78009659103333
-66.94097987163241, -67.68461122252756
-66.932414649034, -61.98003250411926
-74.27802880855052, -61.98003250411926
-75.54453990034631, -61.98003250411926
-75.54453990034631, -70.95926859580624
-75.54453990034631, -74.78009659103333
-72.356870651762, -74.78009659103333
-66.9525700677309, -74.78009659103333
Holes:
Exterior:
-66.9525700677309, 82.41266769119323
-74.27955471382694, 82.41266769119323
-75.54453990034631, 82.41266769119323
-75.54453990034631, 73.43348511965605
-75.54453990034631, 69.61267989822448
-72.36177973348981, 69.61267989822448
-66.932414649034, 69.61267989822448
-66.94404202086605, 76.73252440517669
-66.9525700677309, 82.41266769119323
Holes:
Exterior:
-71.09691797698025, -242.3861451750177
-71.2932077885431, -242.3861451750177
-72.57954768757583, -242.3861451750177
-74.21399115701831, -242.3861451750177
-74.55435509138078, -242.3861451750177
-75.54452706651551, -242.3861451750177
-75.54452706651551, -243.24271593053078
-75.54452706651551, -255.18613296798645
-73.51091119195922, -255.18613296798645
-72.74817011116363, -255.18613296798645
-71.41621996441046, -255.18613296798645
-72.74817011116363, -255.8520733063151
-73.51091119195922, -256.2334458336759
-74.55435509138078, -256.7551655934801
-75.54452706651551, -257.2502534776308
-75.54452706651551, -274.14090704453105
-75.54453990034631, -275.3522447638516
-70.2962739172388, -272.72814838329293
-68.20187595498987, -271.6809201917918
-53.14173008863486, -264.1508472586143
-53.14169940361819, -240.57211949433054
-53.14169178592715, -237.1135518264351
-56.22273558420903, -236.37672174646795
-59.329158134277804, -235.63377812637154
-67.17436583803874, -233.74916987110907
-67.18082547670184, -218.22146220060694
-67.18256324996884, -217.56101185291894
-67.18040047868595, -215.78859148848113
-67.16007247001994, -206.28789383224427
-74.28228441059275, -206.28789383224427
-75.54452579711494, -206.28789383224427
-75.54452579711494, -230.9522917718188
-75.54452706651551, -239.19541549418378
-75.54452706651551, -240.99801159958412
-73.51091119195922, -241.5637554066189
-72.66647234494877, -241.79867964153232
-71.2932077885431, -242.18066077912883
-70.55478502788702, -242.3861451750177
-71.09691797698025, -242.3861451750177
Holes:
Exterior:
-71.09691797698025, 250.0187162751776
-70.55478502788702, 250.0187162751776
-71.2932077885431, 249.813329978141
-72.66647234494877, 249.43125074169222
-73.51091119195922, 249.1963346051104
-74.55435509138078, 248.90604945279017
-75.54452706651551, 248.63058780530847
-75.54452579711494, 238.58487447937298
-75.54452579711494, 213.92050307937683
-72.35960590294394, 213.92050307937683
-67.16007247001994, 213.92050307937683
-67.17547254609286, 221.19418435117979
-67.18040047868595, 223.4212007356137
-67.18256324996884, 225.19363247208787
-67.18082547670184, 225.8540714477395
-67.17436583803874, 241.38181554767596
-59.329158134277804, 243.26642552047676
-56.22273558420903, 244.0093100469675
-53.14169178592715, 244.74612968635535
-53.14169178592715, 246.75216292576334
-53.14169940361819, 248.20469059449044
-53.14173008863486, 251.97512991380478
-53.14173008863486, 271.7834409313448
-68.20187595498987, 279.3135041154736
-70.2962739172388, 280.3607284200488
-75.54453990034631, 282.98483863780706
-75.54453990034631, 270.286353536437
-75.54452706651551, 264.882931360362
-73.51091119195922, 263.86612327642223
-72.74817011116363, 263.4847520235435
-71.41621996441046, 262.818742215119
-72.74817011116363, 262.818742215119
-73.51091119195922, 262.818742215119
-74.55435509138078, 262.818742215119
-75.54452706651551, 262.818742215119
-75.54452706651551, 261.9621689068237
-75.54452706651551, 250.0187162751776
-73.51091119195922, 250.0187162751776
-72.66647234494877, 250.0187162751776
-71.2932077885431, 250.0187162751776
-71.09691797698025, 250.0187162751776
Holes:
Exterior:
-77.2454513402896, 319.3004888318669
-86.59336168091215, 314.62653366155564
-92.0255600877486, 311.91043445813744
-92.0255600877486, 302.84286019839544
-92.0255600877486, 299.793399603662
-92.0255600877486, 293.80855152356713
-92.0255600877486, 285.2404471312635
-92.0255600877486, 273.1234122767881
-80.49488444491578, 267.3580744553717
-77.2454513402896, 265.7333579030586
-77.2454513402896, 281.2799667990076
-77.2454513402896, 283.8352575877444
-79.92479215189621, 285.1749181587224
-81.80875231304327, 286.11689132400573
-77.2454513402896, 286.11689132400573
-77.2454513402896, 291.7373255877305
-77.2454513402896, 298.9169554109198
-79.92479215189621, 298.9169554109198
-81.80875231304327, 298.9169554109198
-77.2454513402896, 301.1985891471811
-77.2454513402896, 309.14703821705405
-77.2454513402896, 319.3004888318669
Holes:
Exterior:
-77.2454513402896, 261.0118587294982
-77.2454513402896, 262.818742215119
-86.59336168091215, 262.818742215119
-92.0255600877486, 262.818742215119
-92.0255600877486, 256.40698153987313
-92.0255600877486, 250.0187162751776
-80.49488444491578, 250.0187162751776
-77.2454513402896, 250.0187162751776
-77.2454513402896, 261.0118587294982
Holes:
Exterior:
-77.2454513402896, -77.06173032729463
-79.92479215189621, -75.72206975631669
-81.80875231304327, -74.78009659103333
-79.92479215189621, -74.78009659103333
-77.2454513402896, -74.78009659103333
-77.2454513402896, -69.15966232730855
-77.2454513402896, -61.98003250411926
-79.92479215189621, -61.98003250411926
-81.80875231304327, -61.98003250411926
-77.2454513402896, -59.69839876785796
-77.2454513402896, -51.74993294786951
-77.2454513402896, -41.59645555127796
-80.49488444491578, -43.22116910183302
-92.0255600877486, -48.986496271453454
-92.0255600877486, -58.05408963969259
-92.0255600877486, -61.10356308705793
-92.0255600877486, -69.67166747936152
-92.0255600877486, -75.56802864792299
-92.0255600877486, -87.50584107565226
-80.49488444491578, -93.27116824527269
-77.2454513402896, -94.89588179582775
-77.2454513402896, -79.57922973692556
-77.2454513402896, -77.06173032729463
Holes:
Exterior:
-77.2454513402896, 407.0035710155602
-80.49488444491578, 406.09958857762314
-92.0255600877486, 402.8917895729814
-92.0255600877486, 395.23830682019116
-92.0255600877486, 391.90590621136545
-83.01907946148077, 394.4114927644354
-77.2454513402896, 394.4114927644354
-77.2454513402896, 401.4843115455337
-77.2454513402896, 405.45277285692146
-77.2454513402896, 407.0035710155602
Holes:
Exterior:
-77.2454513402896, -293.56598454679016
-79.92479215189621, -292.2263436454629
-81.80875231304327, -291.2843843107599
-77.2454513402896, -291.2843843107599
-77.2454513402896, -285.66391654680405
-77.2454513402896, -278.4842439299005
-79.92479215189621, -278.4842439299005
-81.80875231304327, -278.4842439299005
-77.2454513402896, -276.20264369387024
-77.2454513402896, -268.2541778738818
-77.2454513402896, -258.10075404084756
-86.59336168091215, -262.77471784656206
-92.0255600877486, -265.490822068131
-92.0255600877486, -274.5584154363702
-92.0255600877486, -277.60782496147743
-92.0255600877486, -286.1759804234072
-92.0255600877486, -292.16080327918297
-92.0255600877486, -304.2778061725294
-80.49488444491578, -310.0431546457417
-77.2454513402896, -311.66787419981284
-77.2454513402896, -296.12123254181273
-77.2454513402896, -293.56598454679016
Holes:
Exterior:
-77.2454513402896, -206.28789383224427
-79.84267265038557, -206.28789383224427
-81.63907457866827, -206.28789383224427
-77.2454513402896, -204.09109860802795
-77.2454513402896, -196.3111920632539
-77.2454513402896, -185.98922127069278
-80.49488444491578, -187.61392881773173
-92.0255600877486, -193.37923468376027
-92.0255600877486, -202.4467898350051
-92.0255600877486, -205.43009359530117
-92.0255600877486, -222.969353988056
-92.0255600877486, -236.41299269928527
-80.49488444491578, -239.62078105213106
-77.2454513402896, -240.5247604883101
-77.2454513402896, -221.69933241600725
-77.2454513402896, -206.28789383224427
Holes:
Exterior:
-77.2454513402896, -141.35604592519584
-77.2454513402896, -134.17645889572083
-79.92479215189621, -134.17645889572083
-81.80875231304327, -134.17645889572083
-77.2454513402896, -131.89482515945951
-77.2454513402896, -123.94632583924003
-77.2454513402896, -113.79281641877722
-86.59336168091215, -118.46678022449171
-92.0255600877486, -121.18288444606074
-92.0255600877486, -130.25051603129415
-92.0255600877486, -133.29998947865948
-92.0255600877486, -141.8680428013369
-92.0255600877486, -147.85289088143176
-92.0255600877486, -159.96990662741007
-86.59336168091215, -162.68600081267752
-77.2454513402896, -167.35994734758555
-77.2454513402896, -151.8133056895854
-77.2454513402896, -149.25804692471982
-79.92479215189621, -147.9184060233926
-81.80875231304327, -146.97644668868958
-79.92479215189621, -146.97644668868958
-77.2454513402896, -146.97644668868958
-77.2454513402896, -141.35604592519584
Holes:
Exterior:
-77.2454513402896, 229.33197445308585
-77.2454513402896, 244.35499679361357
-77.2454513402896, 248.1574406444665
-86.59336168091215, 245.55688032909868
-92.0255600877486, 244.04565920188764
-92.0255600877486, 222.06700400361797
-92.0255600877486, 213.06274109723842
-92.0255600877486, 201.0118819378222
-86.59336168091215, 198.29577771625318
-77.2454513402896, 193.6218139105387
-77.2454513402896, 209.16845556853886
-77.2454513402896, 211.72372425013353
-79.84267265038557, 213.02231552192038
-81.63907457866827, 213.92050307937683
-79.84267265038557, 213.92050307937683
-77.2454513402896, 213.92050307937683
-77.2454513402896, 229.33197445308585
Holes:
Exterior:
-77.2454513402896, 337.929740762766
-77.2454513402896, 353.47634965871504
-77.2454513402896, 356.03164583237333
-79.92479215189621, 357.3713064033513
-81.80875231304327, 358.31327956863464
-77.2454513402896, 358.31327956863464
-77.2454513402896, 363.9336970822439
-77.2454513402896, 371.11330550857605
-79.92479215189621, 371.11330550857605
-81.80875231304327, 371.11330550857605
-77.2454513402896, 373.39495599495285
-77.2454513402896, 381.3434050648258
-77.2454513402896, 391.4968770764958
-86.59336168091215, 386.82292190618455
-92.0255600877486, 384.10682270276635
-92.0255600877486, 375.03924844302435
-92.0255600877486, 371.9897623134778
-92.0255600877486, 366.0049016212234
-92.0255600877486, 357.4368227637329
-92.0255600877486, 345.3197814829415
-80.49488444491578, 339.55445431332106
-77.2454513402896, 337.929740762766
Holes:
Exterior:
-77.2454513402896, 107.38384794357148
-77.2454513402896, 118.37702315994323
-86.59336168091215, 118.37702315994323
-92.0255600877486, 118.37702315994323
-92.0255600877486, 111.98873885677224
-92.0255600877486, 105.57695907302917
-80.49488444491578, 105.57695907302917
-77.2454513402896, 105.57695907302917
-77.2454513402896, 107.38384794357148
Holes:
Exterior:
-77.2454513402896, 121.42545842796095
-77.2454513402896, 136.9721000859611
-77.2454513402896, 139.52739625961942
-79.92479215189621, 140.8670568305974
-81.80875231304327, 141.80902999588073
-79.92479215189621, 141.80902999588073
-77.2454513402896, 141.80902999588073
-77.2454513402896, 147.42944750949
-77.2454513402896, 154.60905593582214
-79.92479215189621, 154.60905593582214
-81.80875231304327, 154.60905593582214
-77.2454513402896, 156.89068967208345
-77.2454513402896, 164.83915549207188
-77.2454513402896, 174.99262211882044
-80.49488444491578, 173.36790256474927
-92.0255600877486, 167.60255409153692
-92.0255600877486, 158.5349607232978
-92.0255600877486, 155.48550012856433
-92.0255600877486, 149.50065204846948
-92.0255600877486, 140.93257319097899
-92.0255600877486, 128.81551280169046
-80.49488444491578, 123.05017498027405
-77.2454513402896, 121.42545842796095
Holes:
Exterior:
-77.2454513402896, -357.8603001446914
-77.2454513402896, -350.6806703215021
-79.92479215189621, -350.6806703215021
-81.80875231304327, -350.6806703215021
-77.2454513402896, -348.3990030850097
-77.2454513402896, -340.45057076525234
-77.2454513402896, -330.2970933686608
-86.59336168091215, -334.97103990356885
-92.0255600877486, -337.6871340888363
-92.0255600877486, -346.7546892400811
-92.0255600877486, -349.80420090444073
-92.0255600877486, -358.37230529674434
-92.0255600877486, -364.35717860115835
-92.0255600877486, -376.47419434713663
-80.49488444491578, -382.23952151675707
-77.2454513402896, -383.8642350673121
-77.2454513402896, -368.3176589334143
-77.2454513402896, -365.76236814467745
-79.92479215189621, -364.4227075736995
-81.80875231304327, -363.48073440841614
-77.2454513402896, -363.48073440841614
-77.2454513402896, -357.8603001446914
Holes:
Exterior:
-77.2454513402896, 179.7141159074593
-77.2454513402896, 190.7071928376776
-86.59336168091215, 190.7071928376776
-92.0255600877486, 190.7071928376776
-92.0255600877486, 184.31896564993315
-92.0255600877486, 177.90724319168152
-86.59336168091215, 177.90724319168152
-77.2454513402896, 177.90724319168152
-77.2454513402896, 179.7141159074593
Holes:
Exterior:
-77.2454513402896, 20.446417149786736
-77.2454513402896, 30.599894546378284
-80.49488444491578, 28.975180995823223
-92.0255600877486, 23.209853826202792
-92.0255600877486, 14.142260457963658
-92.0255600877486, 11.092787010598318
-92.0255600877486, 5.107888481865175
-92.0255600877486, -3.4602159104384027
-92.0255600877486, -15.57724450904858
-86.59336168091215, -18.293328658014456
-77.2454513402896, -22.967257922116058
-77.2454513402896, -7.420616264115897
-77.2454513402896, -4.865346729407324
-79.92479215189621, -3.5257058280800964
-81.80875231304327, -2.583746493377073
-79.92479215189621, -2.583746493377073
-77.2454513402896, -2.583746493377073
-77.2454513402896, 3.0366877703477
-77.2454513402896, 10.216317593536989
-79.92479215189621, 10.216317593536989
-81.80875231304327, 10.216317593536989
-77.2454513402896, 12.497951329798287
-77.2454513402896, 20.446417149786736
Holes:
Exterior:
-77.2454513402896, -25.881857455291136
-80.49488444491578, -25.881857455291136
-92.0255600877486, -25.881857455291136
-92.0255600877486, -32.2701036815111
-92.0255600877486, -38.68184524825988
-80.49488444491578, -38.68184524825988
-77.2454513402896, -38.68184524825988
-77.2454513402896, -36.87496714756058
-77.2454513402896, -25.881857455291136
Holes:
Exterior:
-77.2454513402896, -242.3861451750177
-86.59336168091215, -242.3861451750177
-92.0255600877486, -242.3861451750177
-92.0255600877486, -248.7978867417665
-92.0255600877486, -255.18613296798645
-80.49488444491578, -255.18613296798645
-77.2454513402896, -255.18613296798645
-77.2454513402896, -244.193023275717
-77.2454513402896, -242.3861451750177
Holes:
Exterior:
-77.2454513402896, 75.2330806617182
-77.2454513402896, 82.41266769119323
-79.92479215189621, 82.41266769119323
-81.80875231304327, 82.41266769119323
-77.2454513402896, 84.69430142745453
-77.2454513402896, 92.52521493669327
-77.2454513402896, 102.52852918993297
-86.59336168091215, 97.85458265502491
-92.0255600877486, 95.13848846975748
-92.0255600877486, 86.20499853449715
-92.0255600877486, 83.20062497240203
-92.0255600877486, 77.3042890281597
-92.0255600877486, 68.73623570548229
-92.0255600877486, 56.61918174250971
-86.59336168091215, 53.90307752094069
-77.2454513402896, 49.2291137152262
-77.2454513402896, 64.77575537322636
-77.2454513402896, 67.33104616196319
-79.92479215189621, 68.67070673294113
-81.80875231304327, 69.61267989822448
-79.92479215189621, 69.61267989822448
-77.2454513402896, 69.61267989822448
-77.2454513402896, 75.2330806617182
Holes:
Exterior:
-77.2454513402896, -325.5756049649434
-77.2454513402896, -314.58249527267395
-80.49488444491578, -314.58249527267395
-92.0255600877486, -314.58249527267395
-92.0255600877486, -320.9707414988939
-92.0255600877486, -327.3824830656427
-86.59336168091215, -327.3824830656427
-77.2454513402896, -327.3824830656427
-77.2454513402896, -325.5756049649434
Holes:
Exterior:
-77.2454513402896, 324.0219880054273
-77.2454513402896, 335.0151304597479
-80.49488444491578, 335.0151304597479
-92.0255600877486, 335.0151304597479
-92.0255600877486, 328.62686519505246
-92.0255600877486, 322.2151045198065
-86.59336168091215, 322.2151045198065
-77.2454513402896, 322.2151045198065
-77.2454513402896, 324.0219880054273
Holes:
Exterior:
-77.2454513402896, -181.2677328669754
-77.2454513402896, -170.27455765060364
-80.49488444491578, -170.27455765060364
-92.0255600877486, -170.27455765060364
-92.0255600877486, -176.66284195377463
-92.0255600877486, -183.0746217375177
-80.49488444491578, -183.0746217375177
-77.2454513402896, -183.0746217375177
-77.2454513402896, -181.2677328669754
Holes:
Exterior:
-77.2454513402896, -108.93743214103641
-77.2454513402896, -97.94438797286927
-86.59336168091215, -97.94438797286927
-92.0255600877486, -97.94438797286927
-92.0255600877486, -104.33259612213821
-92.0255600877486, -110.7442994718927
-80.49488444491578, -110.7442994718927
-77.2454513402896, -110.7442994718927
-77.2454513402896, -108.93743214103641
Holes:
Exterior:
-77.2454513402896, 35.32138295009567
-77.2454513402896, 46.31449264236512
-86.59336168091215, 46.31449264236512
-92.0255600877486, 46.31449264236512
-92.0255600877486, 39.92624641614515
-92.0255600877486, 33.51450484939637
-86.59336168091215, 33.51450484939637
-77.2454513402896, 33.51450484939637
-77.2454513402896, 35.32138295009567
Holes:
Exterior:
-77.2454513402896, -386.7788453703302
-80.47991877047684, -386.7788453703302
-83.01907946148077, -386.7788453703302
-89.03227048068038, -385.1059942752527
-92.0255600877486, -384.27327038853764
-92.0255600877486, -389.77630880246335
-92.0255600877486, -395.25919936432433
-80.49488444491578, -398.4669877171701
-77.2454513402896, -399.37096715334917
-77.2454513402896, -393.85168313351085
-77.2454513402896, -386.7788453703302
Holes:
Exterior:
-66.82544189341365, 0.9245153236086474
-66.82457176170112, 3.8163236970526144
-66.83443206099548, 6.3644648405514825
-66.83903391941931, 10.216317593536989
-74.27098603357905, 10.216317593536989
-75.54453990034631, 10.216317593536989
-75.54453990034631, 1.2370815018500165
-75.54453990034631, -2.583746493377073
-72.38410461852561, -2.583746493377073
-66.83903391941931, -2.583746493377074
-66.82544189341365, 0.9245153236086474
Holes:
Exterior:
-74.58500670527866, -414.7589817493197
-73.71590875439142, -415.00078436310605
-53.14175162069398, -420.72441789027357
-53.14174239014119, -418.1579567184014
-53.1417665493783, -417.70292841577236
-53.1417665493783, -413.40048140348335
-53.14172227773486, -406.7587160611993
-53.14172141970994, -406.07652207377413
-53.14172141970994, -382.4188408552584
-53.14173008863486, -377.8141450760394
-68.20187595498987, -370.28413444047015
-70.2962739172388, -369.23684782821573
-75.54453990034631, -366.61273357446504
-75.54453990034631, -379.31124543591
-75.54452706651551, -384.71465877786943
-73.51091119195922, -385.7314670084709
-72.74817011116363, -386.11283556190574
-71.41621996441046, -386.7788453703302
-72.74817011116363, -386.7788453703302
-73.51091119195922, -386.7788453703302
-75.54454358428262, -386.7788453703302
-75.54454358428262, -407.75363883522004
-75.54452706651551, -414.4920454130607
-74.58500670527866, -414.7589817493197
Holes:
Exterior:
-74.58500670527866, 422.391592630298
-75.06364790955331, 422.2584365975749
-75.54452706651551, 422.1246572129755
-75.54454358428262, 415.3862581101154
-75.54454358428262, 394.4114927644354
-72.74817011116363, 394.4114927644354
-71.41621996441046, 394.4114927644354
-72.74817011116363, 393.74548295601096
-73.51091119195922, 393.3641117031322
-74.55435509138078, 392.8423886584682
-75.54452706651551, 392.3473036191924
-75.54452706651551, 375.4567568348635
-75.54453990034631, 374.2453849548496
-70.2962739172388, 376.8695065595056
-68.20187595498987, 377.9167308640808
-53.14173008863486, 385.44677847380757
-53.14173008863486, 403.3138709937111
-53.14172141970994, 413.70916946787935
-53.14172227773486, 414.39136345530454
-53.1417665493783, 425.3355758098776
-53.14174239014119, 425.79059074502874
-53.14175162069398, 428.3570609181089
-54.45205013081568, 427.99253987127145
-73.71590875439142, 422.6333616909978
-74.58500670527866, 422.391592630298
Holes:
Exterior:
-13.634523668006182, 306.1242689955668
-9.008798456807881, 303.8114197059466
-9.008799681221944, 304.0759830117972
-9.008799681221944, 321.9133402846428
-9.347052591511442, 322.0824659073952
-9.612325921441709, 322.2151045198065
-9.008799681221944, 322.2151045198065
-9.008799681221944, 334.8280550880876
-9.008799681221944, 335.0151304597479
-9.347052591511442, 335.0151304597479
-9.612325921441709, 335.0151304597479
-9.008799681221944, 335.31689413738474
-9.008798456807881, 336.3681381403535
-9.008798456807881, 353.41881527360783
-9.347052591511442, 353.24968820625605
-22.2603646729076, 346.793032165558
-22.2603646729076, 338.79120183702446
-22.260352328621593, 336.10015124682735
-22.260352328621593, 328.6911016427755
-22.260352328621593, 321.1300681193446
-22.2603646729076, 310.437181529632
-13.634523668006182, 306.1242689955668
Holes:
Exterior:
-13.634523668006182, -291.2843843107599
-9.008798456807881, -291.2843843107599
-9.008798456807881, -290.5410339198258
-9.008798456807881, -278.4842439299005
-9.347052591511442, -278.4842439299005
-22.2603646729076, -278.4842439299005
-22.2603646729076, -285.6261698567437
-22.2603646729076, -291.2843843107599
-13.634523668006182, -291.2843843107599
Holes:
Exterior:
-13.634523668006182, 358.31327956863464
-9.008798456807881, 358.31327956863464
-9.008798456807881, 359.0566233135712
-9.008798456807881, 371.11330550857605
-9.347052591511442, 371.11330550857605
-22.2603646729076, 371.11330550857605
-22.2603646729076, 365.45514164238443
-22.2603646729076, 358.31327956863464
-13.634523668006182, 358.31327956863464
Holes:
Exterior:
-13.634523668006182, -363.48073440841614
-9.008798456807881, -363.48073440841614
-9.008798456807881, -362.73738844814704
-9.008798456807881, -350.6806703215021
-9.347052591511442, -350.6806703215021
-22.2603646729076, -350.6806703215021
-22.2603646729076, -356.3388510503019
-22.2603646729076, -363.48073440841614
-13.634523668006182, -363.48073440841614
Holes:
Exterior:
-13.634523668006182, 286.11689132400573
-9.008798456807881, 286.11689132400573
-9.008798456807881, 286.86023728427483
-9.008798456807881, 298.9169554109198
-9.347052591511442, 298.9169554109198
-22.2603646729076, 298.9169554109198
-22.2603646729076, 291.77507205280557
-22.2603646729076, 286.11689132400573
-13.634523668006182, 286.11689132400573
Holes:
Exterior:
-13.634523668006182, -271.2769436612325
-9.008798456807881, -273.589851498154
-9.008799356713155, -273.00651760141307
-9.008799356713155, -247.9603088658755
-9.008799681221944, -247.55191376461383
-9.347052591511442, -247.47219946489463
-22.2603646729076, -244.42073826906736
-22.2603646729076, -257.0441204877229
-22.2603646729076, -266.9640390955528
-13.634523668006182, -271.2769436612325
Holes:
Exterior:
-13.634523668006182, 378.32063240920206
-9.008798456807881, 376.00780573524304
-9.008799681221944, 376.2723712564261
-9.008799681221944, 394.1097285292717
-9.347052591511442, 394.27885512574716
-9.612325921441709, 394.4114927644354
-9.008799681221944, 394.4114927644354
-9.008799681221944, 407.0244057432708
-9.008799681221944, 407.2114805574042
-9.347052591511442, 407.2114805574042
-9.612325921441709, 407.2114805574042
-9.008798456807881, 407.51324361971126
-9.00879976110707, 407.8139234405295
-9.00879976110707, 425.9868625264682
-9.347052591511385, 425.8927619408507
-22.2603646729076, 422.30029359840506
-22.2603646729076, 415.09392308617
-22.260352328621593, 411.3087756085166
-22.260352328621593, 400.8874673538142
-22.260352328621593, 393.32645636397353
-22.2603646729076, 382.6335529116527
-13.634523668006182, 378.32063240920206
Holes:
Exterior:
-13.634523668006182, -343.47334342087606
-9.008798456807881, -345.78613416319496
-9.008799681221944, -345.5215664266794
-9.008799681221944, -327.6842467432795
-9.347052591511442, -327.51511973060786
-9.612325921441709, -327.3824830656427
-9.008799681221944, -327.3824830656427
-9.008799681221944, -314.76957008680733
-9.008799681221944, -314.58249527267395
-9.347052591511442, -314.58249527267395
-9.612325921441709, -314.58249527267395
-9.008799681221944, -314.28073047998333
-9.008798456807881, -313.2294898074009
-9.008798456807881, -296.1787767425064
-9.347052591511442, -296.3479013266394
-22.2603646729076, -302.8045891451076
-22.2603646729076, -310.8063688858166
-22.260352328621593, -313.49745887221206
-22.260352328621593, -321.05846986205273
-22.260352328621593, -328.4675194661046
-22.2603646729076, -339.1604229184254
-13.634523668006182, -343.47334342087606
Holes:
Exterior:
695.1749868978796, 629.2127498630111
692.1748803285334, 628.378099708458
687.4346502180147, 627.0594025998469
685.6441092438345, 626.5612857803819
685.6441092438345, 621.5921011945787
685.6441092438345, 608.2513874039171
696.1244000419088, 611.1669856077896
705.5958863102114, 613.801930400932
757.4004315073093, 628.2137755907445
757.4004315073093, 633.6980836225682
757.4005151692326, 639.199736660446
757.400526774499, 645.841106318606
757.4006192053444, 647.4998064171434
757.4005210245393, 650.2139474232579
757.400507672626, 650.5990334533565
757.4005432808249, 651.4974283137014
757.4005392531931, 652.7042402688505
757.4005459192682, 653.8476102711002
722.7641456811673, 644.2118568122162
713.7928266477386, 641.7160676785115
713.7928459747809, 639.9132299798312
713.7928646667042, 639.0239365485224
713.7928646667042, 634.392158985431
696.9357482000833, 629.7025573437579
695.1749868978796, 629.2127498630111
Holes:
Exterior:
695.1749868978796, -621.5801198677785
696.9357482000833, -622.0698514642107
713.7928646667042, -626.7595598410189
713.7928646667042, -631.3913374041105
713.7928459747809, -632.2806494895597
713.7928266477386, -634.0834808652554
751.6333529029687, -644.610616434653
757.4005459192681, -646.2150391709401
757.4005392531931, -645.0716691686905
757.4005432808249, -643.8648388520455
757.400507672626, -642.9664454329048
757.4005210245393, -642.5813763230979
757.4006192053444, -639.8672187855193
757.400526774499, -638.208556069488
757.4005151692326, -631.5671121319191
757.4005151692326, -625.8557615463604
757.4004315073092, -620.5812425775116
711.7554108118047, -607.8829435272445
705.5958863102114, -606.1692577187112
696.1244000419088, -603.5344275522673
685.6441092438345, -600.6188163037571
685.6441092438345, -613.9594467120044
685.6441092438345, -618.9286002393039
687.4346502180147, -619.4267211892128
692.1748803285334, -620.7454633703416
695.1749868978796, -621.5801198677785
Holes:
Exterior:
-0.6663903123334194, 257.1456191621354
1.973092075625459, 257.77351183187545
6.11975703482085, 258.7502260233764
6.11975703482085, 263.9468421150375
6.11975703482085, 269.43620727658623
6.11975703482085, 273.58091090156836
6.11975703482085, 277.1914733857139
6.11975703482085, 285.65883273597024
6.11975703482085, 296.24713536860247
6.11975703482085, 299.3750139989553
6.11975703482085, 303.14348211266014
6.11975703482085, 314.34903397563227
-8.129682382226747, 321.473780010919
-8.660351712638203, 321.7391156565707
-8.660351712638203, 320.0809374905877
-8.660351712638203, 303.63719633386177
0.7801301332457911, 298.9169554109198
-3.1173587992311695, 298.9169554109198
-8.660351712638203, 298.9169554109198
-8.660351712638203, 297.7444384603883
-8.660351712638203, 286.11689132400573
-3.1173587992311695, 286.11689132400573
0.7801301332457911, 286.11689132400573
-3.1173587992311695, 284.1681468577673
-8.660351712638203, 281.39665040106377
-8.660351712638203, 280.4765228100806
-8.660351712638203, 255.91185919973802
-8.660351712638203, 255.2666147820999
-0.6663903123334194, 257.1456191621354
Holes:
Exterior:
711.7554108118047, 467.65523757230284
705.5958863102114, 465.9416831272809
696.1244000419088, 463.3067637449965
685.6481273995466, 460.39229351399246
685.6481273995466, 449.04132058931003
685.3656375777073, 433.2618678685731
685.6441092438345, 418.21078349973203
699.389795906292, 421.13662158610214
705.0366074892029, 422.3375181550604
718.5182052453538, 424.95484787329934
732.001481756781, 427.5725035066229
738.3132068666406, 428.68302418920865
757.4005461628419, 432.04135882752337
757.4005107574551, 443.01949244787994
757.4005151692326, 480.3536062893521
711.7554108118047, 467.65523757230284
Holes:
Exterior:
145.92631355421037, -468.78061365047375
147.87006615521432, -469.3213814704238
147.87006615521432, -459.120681022496
147.87006615521432, -451.0115637456212
105.61615098489153, -439.25655498967035
94.45512045138423, -436.1515786102271
94.45512045138423, -438.37762832969617
94.45512045138423, -454.4614388397193
94.89690980693166, -454.58433438514624
98.81690927452757, -455.6749612301284
102.094541597393, -456.5867855574946
138.19237223832863, -466.6290922575232
138.42059627862727, -466.6925871067352
139.14106684035482, -466.8930464286488
140.49533502188956, -467.26985380716906
142.67214870346282, -467.8753427677827
145.92631355421037, -468.78061365047375
Holes:
Exterior:
1.388115602593075, -405.0790142680019
-8.660351712638203, -400.0547471442761
-8.660351712638203, -400.5290251772472
-8.660351712638203, -418.45115227156464
-8.27911458233018, -418.5572112290818
-1.270319363073554, -420.5070356471448
0.0905854289923127, -420.88562908560226
2.6214413568692976, -421.58971123330474
6.11975703482085, -422.5629315320981
6.11975703482085, -417.5331922330331
6.11975703482085, -407.44485074270153
1.388115602593075, -405.0790142680019
Holes:
Exterior:
820.5581961845985, 656.770057151014
813.8903385308647, 654.9150501215239
813.8903768674812, 649.1748695138759
813.8903768674812, 643.9291223153485
821.5654895532547, 646.0643150872585
826.6954702508937, 647.4914673882693
826.6954925230125, 652.7559844228555
826.6954925230125, 658.4774430239406
820.5581961845985, 656.770057151014
Holes:
Exterior:
820.5581961845985, 542.2547552371323
813.8903654117306, 544.3080778837232
813.8903654117306, 538.1473211112169
813.8903385308647, 529.275248207726
820.8474360638334, 527.1328512925267
826.6954677810565, 525.3319741909996
826.6954925230125, 532.535742233934
826.6954925230125, 540.3648368642977
820.5581961845985, 542.2547552371323
Holes:
Exterior:
820.5581961845985, -588.5557023387663
813.8903654117306, -582.7924335085855
813.890396657946, -594.3500402315372
813.8903768674812, -608.3551044181943
821.5654895532547, -614.9890004930085
826.6954702508937, -619.4230002166092
826.6954925230125, -607.1733745312996
826.6954925230125, -593.8604290114691
820.5581961845985, -588.5557023387663
Holes:
Exterior:
820.5581961845985, -519.5893014465425
813.8903385308647, -521.6426008136207
813.8903385308647, -528.8489007282142
813.8903654117306, -536.6754304896178
819.1371756124802, -535.0597283262293
826.6954925230125, -532.7321894701923
826.6954677810565, -524.5660672503747
826.6954677810565, -517.6993616465456
820.5581961845985, -519.5893014465425
Holes:
Exterior:
820.5581961845985, -649.1373731904956
826.6954925230125, -650.8448321900495
826.6954702508937, -644.260971509241
826.6954702508937, -639.8588962881092
821.5654895532547, -638.4317439870985
813.8903768674812, -636.2965512151885
813.8903385308647, -641.5628295110844
813.8903385308647, -647.2823860146694
820.5581961845985, -649.1373731904956
Holes:
Exterior:
-53.14172141970994, -353.45185354338116
-53.14172141970994, -350.6806703215021
-68.20187595498987, -350.6806703215021
-70.2962739172388, -350.6806703215021
-75.54453990034631, -350.6806703215021
-75.54453990034631, -359.65990641318905
-75.54453990034631, -363.48073440841614
-70.2962739172388, -363.48073440841614
-53.14172141970994, -363.48073440841614
-53.14172141970994, -353.45185354338116
Holes:
Exterior:
-53.14172141970994, 288.8880745458848
-53.14172141970994, 298.9169554109198
-68.20187595498987, 298.9169554109198
-70.2962739172388, 298.9169554109198
-75.54453990034631, 298.9169554109198
-75.54453990034631, 289.9377193192328
-75.54453990034631, 286.11689132400573
-70.2962739172388, 286.11689132400573
-53.14172141970994, 286.11689132400573
-53.14172141970994, 288.8880745458848
Holes:
Exterior:
-53.14172141970994, -291.2843843107599
-53.14172141970994, -288.51318457142435
-53.14172141970994, -278.4842439299005
-68.20187595498987, -278.4842439299005
-70.2962739172388, -278.4842439299005
-75.54453990034631, -278.4842439299005
-75.54453990034631, -287.46353354173726
-75.54453990034631, -291.2843843107599
-70.2962739172388, -291.2843843107599
-53.14172141970994, -291.2843843107599
Holes:
Exterior:
-53.14173008863486, -305.6177809820461
-68.20187595498987, -298.0877080488686
-70.2962739172388, -297.0404798573675
-75.54453990034631, -294.4163834768088
-75.54453990034631, -307.1149488584035
-75.54452706651551, -312.5183747630296
-73.51091119195922, -313.5351824069845
-72.74817011116363, -313.9165549343453
-71.41621996441046, -314.58249527267395
-72.74817011116363, -314.58249527267395
-73.51091119195922, -314.58249527267395
-74.55435509138078, -314.58249527267395
-75.54452706651551, -314.58249527267395
-75.54452706651551, -326.5259123101296
-75.54452706651551, -327.3824830656427
-73.51091119195922, -327.3824830656427
-72.74817011116363, -327.3824830656427
-71.41621996441046, -327.3824830656427
-72.74817011116363, -328.04842340397136
-73.51091119195922, -328.42979053244443
-74.55435509138078, -328.9515124821552
-75.54452706651551, -329.4465984697226
-75.54452706651551, -346.3372520366229
-75.54453990034631, -347.5486176353034
-70.2962739172388, -344.9244984809492
-68.20187595498987, -343.8772196425466
-53.14173008863486, -336.34719735627056
-53.14173008863486, -328.9566451920282
-53.14173008863486, -305.6177809820461
Holes:
Exterior:
-53.14173008863486, 343.9798291759737
-68.20187595498987, 351.5098923601025
-70.2962739172388, 352.5571166646777
-75.54453990034631, 355.18122688243596
-75.54453990034631, 342.482715020991
-75.54452706651551, 337.0792814580183
-73.51091119195922, 336.0624733740785
-72.74817011116363, 335.6811055331245
-71.41621996441046, 335.0151304597479
-72.74817011116363, 335.0151304597479
-73.51091119195922, 335.0151304597479
-74.55435509138078, 335.0151304597479
-75.54452706651551, 335.0151304597479
-75.54452706651551, 323.0716778281018
-75.54452706651551, 322.2151045198065
-73.51091119195922, 322.2151045198065
-72.74817011116363, 322.2151045198065
-71.41621996441046, 322.2151045198065
-72.74817011116363, 321.54912944642996
-73.51091119195922, 321.16775620658825
-74.55435509138078, 320.6460369563214
-75.54452706651551, 320.150950968754
-75.54452706651551, 303.2603685902346
-75.54453990034631, 302.0490080971185
-70.2962739172388, 304.6731183148767
-68.20187595498987, 305.7203426194519
-53.14173008863486, 313.25039022917866
-53.14173008863486, 320.640942393421
-53.14173008863486, 343.9798291759737
Holes:
Exterior:
-53.14172141970994, 358.31327956863464
-53.14172141970994, 368.3421305454252
-53.14172141970994, 371.11330550857605
-68.20187595498987, 371.11330550857605
-70.2962739172388, 371.11330550857605
-75.54453990034631, 371.11330550857605
-75.54453990034631, 362.13409617696396
-75.54453990034631, 358.31327956863464
-70.2962739172388, 358.31327956863464
-53.14172141970994, 358.31327956863464
Holes:
Exterior:
-42.58271744267904, -278.4842439299005
-50.34293387602844, -278.4842439299005
-50.34293387602844, -288.9318906432587
-50.34293387602844, -291.2843843107599
-46.78757594900787, -291.2843843107599
-35.56282512856944, -291.2843843107599
-35.56282512856944, -284.11690192728975
-35.56282512856944, -278.4842439299005
-42.58271744267904, -278.4842439299005
Holes:
Exterior:
-42.58271744267904, 371.11330550857605
-50.34293387602844, 371.11330550857605
-50.34293387602844, 368.7608328737766
-50.34293387602844, 358.31327956863464
-46.78757594900787, 358.31327956863464
-35.56282512856944, 358.31327956863464
-35.56282512856944, 363.9458872066893
-35.56282512856944, 371.11330550857605
-42.58271744267904, 371.11330550857605
Holes:
Exterior:
-42.58271744267904, -350.6806703215021
-50.34293387602844, -350.6806703215021
-50.34293387602844, -353.03314996720206
-50.34293387602844, -363.48073440841614
-46.78757594900787, -363.48073440841614
-35.56282512856944, -363.48073440841614
-35.56282512856944, -357.84810998391663
-35.56282512856944, -350.6806703215021
-42.58271744267904, -350.6806703215021
Holes:
Exterior:
-42.58271744267904, 298.9169554109198
-50.34293387602844, 298.9169554109198
-50.34293387602844, 288.4693709697057
-50.34293387602844, 286.11689132400573
-46.78757594900787, 286.11689132400573
-35.56282512856944, 286.11689132400573
-35.56282512856944, 293.2843309864203
-35.56282512856944, 298.9169554109198
-42.58271744267904, 298.9169554109198
Holes:
Exterior:
-42.58271744267904, 416.6466786260866
-50.34293387602844, 414.48778752175707
-50.34293387602844, 411.49162307209275
-50.34293387602844, 410.3876835187228
-50.34293387602844, 407.5672437008527
-50.34293387602844, 400.7531407623792
-50.34293387602844, 386.8461765801108
-40.514272942926084, 391.760507046662
-35.56282512856944, 389.2847831394837
-35.56282512856944, 391.455312579261
-35.56282512856944, 392.18527696258457
-35.56282512856944, 394.4114927644354
-35.56282512856944, 398.4813196690853
-35.56282512856944, 406.6804416065756
-35.56282512856944, 418.59959643114183
-42.58271744267904, 416.6466786260866
Holes:
Exterior:
0.0905854289923127, 428.51826945482776
-1.270319363073554, 428.13967268578284
-8.27911458233018, 426.18985862318704
-8.660351712638203, 426.08379966566986
-8.660351712638203, 425.77943975632894
-8.660351712638203, 407.6874666049657
-7.941809002259788, 408.0467371624601
6.11975703482085, 415.07750457046325
6.11975703482085, 422.9153257867197
6.11975703482085, 430.1955789262033
2.6214413568692976, 429.22235862740996
0.0905854289923127, 428.51826945482776
Holes:
Exterior:
1039.018112915933, -412.1836610441583
978.1330497117982, -412.1836610441583
978.1330497117982, -419.77284188696734
978.1330497117982, -444.1836305265802
939.6809563850682, -444.1836305265802
928.1663377138123, -444.1836305265802
905.8917291088632, -442.43910972645926
883.366342291449, -440.67494827560364
883.366342291449, -479.5853600886655
883.366342291449, -515.2807374601739
883.366342291449, -581.8105850237099
883.366342291449, -642.8432984953301
883.366342291449, -655.2390281134183
883.366342291449, -666.6105409269708
883.366342291449, -673.5543306961263
883.366342291449, -681.2583680754083
899.9148319212891, -685.8621089807202
928.1663377138123, -693.7215943937676
928.1663377138123, -697.6824874972652
928.1663377138124, -700.1836915617364
941.452255005566, -700.1836915617364
978.1330497117982, -700.1836915617364
978.1330497117982, -704.2173240074301
978.1330497117982, -732.1836610441583
989.7768282717891, -732.1836610441583
1042.133050665472, -732.1836610441583
1042.1330506654724, -425.06073433746684
1042.1330506654726, -412.1836610441583
1039.018112915933, -412.1836610441583
Holes:
Exterior:
1039.018112915933, 739.8163084382636
978.1330497117982, 739.8163084382636
978.1330497117982, 732.2271095014202
978.1330497117982, 707.8162626618964
969.6060512606916, 707.8162626618964
928.1663377138123, 707.8162626618964
928.1663377138124, 705.3150585974253
928.1663377138124, 701.3541654939277
905.9083842074409, 695.1620686127089
883.366342291449, 688.8909391755683
883.366342291449, 680.8614381477523
883.366342291449, 674.2431120271308
883.366342291449, 661.8473824090427
883.366342291449, 650.4758695954902
883.366342291449, 589.4431926269509
883.366342291449, 522.9133848542792
883.366342291449, 484.0030128320816
883.366342291449, 448.3076719636542
905.8917291088632, 450.07181423425527
928.1663377138123, 451.8163160676581
939.680956385068, 451.8163160676581
978.1330497117982, 451.8163160676581
978.1330497117982, 447.7826788134952
978.1330497117982, 419.81630843826355
989.7768282717891, 419.81630843826355
1042.1330506654724, 419.81630843826355
1042.1330506654726, 726.9392351449552
1042.1330506654726, 739.8163084382636
1039.018112915933, 739.8163084382636
Holes:
Exterior:
-22.260352328621593, -393.25474366576367
-22.260352328621593, -403.6761143739959
-22.2603646729076, -414.6676887730288
-16.69883882681063, -416.21488327920554
-9.00879976110707, -418.354215132363
-9.008798456807881, -418.161260384606
-9.008798456807881, -399.88052261170014
-9.347052591511442, -399.71139548176495
-9.612325921441709, -399.57875686935364
-9.008799681221944, -399.57875686935364
-9.008799681221944, -386.9659190694098
-9.008799681221944, -386.7788453703302
-9.347052591511442, -386.7788453703302
-9.612325921441709, -386.7788453703302
-9.008799681221944, -386.4770816926934
-9.008798456807881, -385.42583990505716
-9.008798456807881, -368.37519870344295
-9.347052591511442, -368.5443257707947
-22.2603646729076, -375.00089667403495
-22.2603646729076, -383.0027101399603
-22.260352328621593, -385.6937777431034
-22.260352328621593, -393.25474366576367
Holes:
Exterior:
705.0366074892029, -414.7048707609552
699.3897959062921, -413.50398239960765
696.1244000419088, -412.7259209337806
685.6441092438345, -410.5781083114887
685.6481273995466, -441.4086168330983
685.6481273995466, -452.75959972370015
696.1244000419088, -455.6741544978639
705.5958863102114, -458.30907388014833
757.4005151692326, -472.72097872715165
757.4005482691202, -425.076213796058
757.4005461628419, -424.4087167097345
738.3132068666407, -421.05043544100687
725.8076655096411, -418.54729675769744
718.5182052453538, -417.32223862379186
705.0366074892029, -414.7048707609552
Holes:
Exterior:
-72.32372630851324, 46.76826948067489
-71.41621996441046, 46.31449264236512
-72.32372630851324, 46.31449264236512
-75.14460998301331, 46.31449264236512
-75.54452706651551, 46.31449264236512
-75.54452706651551, 34.37107560490945
-75.54452706651551, 33.51450484939637
-72.32523547624464, 33.51450484939637
-71.41621996441046, 33.51450484939637
-72.32523547624464, 33.059973387864275
-75.14253107520847, 31.65131548260281
-75.54452706651551, 31.450318256935596
-75.54452706651551, 14.559735878416205
-75.54453990034631, 13.348370279735683
-72.3527626676007, 14.944285681615629
-66.8544270863016, 17.69343792698192
-66.87522372509704, 30.830886130271487
-66.889390979763, 39.821295948604764
-66.90371596014722, 49.06266480378884
-66.92259065331086, 62.16959906835827
-74.27802880855052, 65.84731814597812
-75.54453990034631, 66.480573691876
-75.54453990034631, 53.78211535058086
-75.54452706651551, 48.378684340390315
-72.32372630851324, 46.76826948067489
Holes:
Exterior:
-72.32372630851324, -38.68184524825988
-71.41621996441046, -38.68184524825988
-72.32372630851324, -39.135622086569654
-75.14589853334826, -40.54671833767328
-75.54452706651551, -40.74603184072065
-75.54452706651551, -57.63661421924004
-75.54453990034631, -58.84797981792057
-72.3356057542045, -57.243486278465475
-66.92259065331086, -54.53699418670923
-66.90371596014722, -41.4300385017689
-66.889390979763, -32.18866971354183
-66.87522372509704, -23.19825961613389
-66.85896165043027, -13.822143084824514
-66.8544270863016, -10.060866826822007
-74.2709860335791, -6.352565231975579
-75.54453990034631, -5.715799179575765
-75.54453990034631, -18.414311041020706
-75.54452706651551, -23.817747156775685
-72.32523547624464, -25.427373404988998
-71.41621996441046, -25.881857455291136
-72.32523547624464, -25.881857455291136
-75.14381403990956, -25.881857455291136
-75.54452706651551, -25.881857455291136
-75.54452706651551, -37.82527449274679
-75.54452706651551, -38.68184524825988
-72.32372630851324, -38.68184524825988
Holes:
Exterior:
685.6481273995466, 479.580343681978
696.1244000419088, 488.6354232947533
757.4005238370744, 541.5987221785746
757.4005374749175, 546.6709538221838
757.4004392384397, 554.2587209646492
757.4003357484844, 561.7038996393919
757.4003481083494, 567.161170647471
754.5868612006592, 564.7293671180187
754.0442436613221, 564.2603609063684
753.0870883054502, 563.4330569515743
752.7450997682556, 563.137460171662
710.5010692586784, 576.1462732346865
696.1244000419088, 580.5734716268804
685.6441092438345, 583.8008244701387
685.6441092438345, 579.7210001363514
685.6441092438345, 568.767941779709
696.1244000419088, 565.5405824141318
724.2983143108722, 556.8646040572849
739.9214799257263, 552.0535520906074
724.2983143108722, 538.5498392898793
696.1244000419088, 514.1980213698066
685.6441092438345, 505.1394378023464
685.6441092438345, 498.2019205477282
685.6481273995466, 479.580343681978
Holes:
Exterior:
685.6481273995466, -471.9476399257663
685.6441092438345, -490.569273153623
685.6441092438345, -497.50681111391026
724.2983143108722, -530.9172260639637
739.9214799257263, -544.420904696502
707.656694478491, -554.3566745121648
696.1244000419088, -557.9080113139718
685.6441092438345, -561.135398473687
685.6441092438345, -565.2152021018051
685.6441092438345, -576.1682048701714
696.1244000419088, -572.9408437997319
744.2698584412725, -558.114775168109
752.7450997682556, -555.504889071502
753.0870883054502, -555.8004818633841
754.0442436613221, -556.6277898062084
757.4003481083494, -559.5285995473109
757.4003547104423, -558.5183941280212
757.4003357484844, -554.0713122515476
757.4004392384397, -546.6260735705439
757.4005374749175, -539.0383064280785
757.4005238370744, -534.9825144681763
757.4005238370744, -533.9660763012967
705.5958863102114, -489.1893141510654
696.1244000419088, -481.00278242296696
685.6481273995466, -471.9476399257663
Holes:
Exterior:
814.7115762086853, 440.65317672439636
826.6955245176142, 442.1342383615332
826.6955252464194, 455.9309010507055
826.6954677810565, 499.63126240708874
820.8474360638334, 498.00436690874164
813.8903385308647, 496.06891975043015
813.8903323671825, 457.37024421066627
813.890372667983, 441.2871501230262
813.8903715650083, 440.5379367219146
814.7115762086853, 440.65317672439636
Holes:
Exterior:
814.7115762086853, -433.02060562423645
813.8903715650083, -432.90536209036003
813.890372667983, -433.65457843162596
813.8903385308647, -488.43629221672364
820.8474360638334, -490.3717369361142
826.6954677810565, -491.9985801633322
826.6954942660759, -446.1624948018502
826.6955245176142, -434.501634701981
824.4597461779722, -434.14445751458186
822.9175535023049, -434.0354202427961
814.7115762086853, -433.02060562423645
Holes:
Exterior:
-18.15666094408749, 253.0184774148382
-9.008799681221944, 255.1845224542195
-9.008799681221944, 255.38279073640285
-9.008799356713155, 255.59291811300807
-9.008799356713155, 280.6390899308665
-9.008798456807881, 281.2224270289789
-9.347052591511442, 281.05329996162715
-22.2603646729076, 274.59664392092907
-22.2603646729076, 261.9732448396653
-22.2603646729076, 252.05334751619992
-18.15666094408749, 253.0184774148382
Holes:
Exterior:
820.0059397949328, 621.2735988700958
813.8903768674812, 615.9876755183543
813.8903385308647, 603.7336698062752
813.8903654117306, 590.4250652692679
819.1371756124802, 594.9600912141163
826.6954925230125, 601.4930398453603
826.6954702508937, 616.8125854349555
826.6954702508937, 627.0556171736301
820.0059397949328, 621.2735988700958
Holes:
Exterior:
-8.129682382226747, 335.75645359899545
6.11975703482085, 342.8811864709007
6.11975703482085, 357.8552143890694
6.11975703482085, 368.4434854662587
6.11975703482085, 371.5713706881413
6.11975703482085, 375.33987035728904
6.11975703482085, 386.5454222202612
1.973092075625459, 388.61876236109117
-8.660351712638203, 393.9355039011996
-8.660351712638203, 392.2773222408613
-8.660351712638203, 375.83358108413535
0.7801301332457911, 371.11330550857605
-3.1173587992311695, 371.11330550857605
-8.660351712638203, 371.11330550857605
-8.660351712638203, 369.9407920523999
-8.660351712638203, 358.31327956863464
-3.1173587992311695, 358.31327956863464
0.7801301332457911, 358.31327956863464
-3.1173587992311695, 356.3645351023962
-8.660351712638203, 353.5930386456927
-8.660351712638203, 353.1757288836188
-8.660351712638203, 335.49111844356673
-8.129682382226747, 335.75645359899545
Holes:
Exterior:
-8.129682382226747, -386.0375222310827
6.11975703482085, -378.91278935917745
6.11975703482085, -363.93879299645164
6.11975703482085, -360.8109011830393
6.11975703482085, -350.22259855040704
6.11975703482085, -346.4540673258164
6.11975703482085, -335.24853907679545
1.973092075625459, -333.1752027665816
-8.660351712638203, -327.8584710494615
-8.660351712638203, -329.51665358921684
-8.660351712638203, -345.96036009332545
0.7801301332457911, -350.6806703215021
-3.1173587992311695, -350.6806703215021
-8.660351712638203, -350.6806703215021
-8.660351712638203, -351.85318727203355
-8.660351712638203, -363.48073440841614
-3.1173587992311695, -363.48073440841614
0.7801301332457911, -363.48073440841614
-3.1173587992311695, -365.4294788746546
-8.660351712638203, -368.2009753313581
-8.660351712638203, -368.618284214015
-8.660351712638203, -386.3028573865114
-8.129682382226747, -386.0375222310827
Holes:
Exterior:
-8.129682382226747, -327.3824830656427
6.11975703482085, -327.3824830656427
6.11975703482085, -319.45896343402933
6.11975703482085, -314.58249527267395
1.973092075625459, -314.58249527267395
-8.660351712638203, -314.58249527267395
-8.660351712638203, -314.87757837975954
-8.660351712638203, -327.3824830656427
-8.129682382226747, -327.3824830656427
Holes:
Exterior:
-8.129682382226747, 322.2151045198065
6.11975703482085, 322.2151045198065
6.11975703482085, 330.13864776537105
6.11975703482085, 335.0151304597479
1.973092075625459, 335.0151304597479
-8.660351712638203, 335.0151304597479
-8.660351712638203, 334.7200464732453
-8.660351712638203, 322.2151045198065
-8.129682382226747, 322.2151045198065
Holes:
Exterior:
-8.129682382226747, -386.7788453703302
-8.660351712638203, -386.7788453703302
-8.660351712638203, -387.07392671858173
-8.660351712638203, -399.57875686935364
-8.129682382226747, -399.57875686935364
6.11975703482085, -399.57875686935364
6.11975703482085, -391.6552844656426
6.11975703482085, -386.7788453703302
-8.129682382226747, -386.7788453703302
Holes:
Exterior:
-47.75230089396251, 269.08869707509984
-50.34293387602844, 270.3840378219737
-50.34293387602844, 252.0148301230969
-50.34293387602844, 245.40685440528807
-48.29544815652258, 245.89094671439392
-35.56282512856944, 248.89923658197262
-35.56282512856944, 253.71792384850437
-35.56282512856944, 260.2071774980498
-35.56282512856944, 264.5212646908082
-35.56282512856944, 267.9454136930981
-36.86792676518712, 267.29286287478925
-40.514272942926084, 265.4696897859198
-47.75230089396251, 269.08869707509984
Holes:
Exterior:
-47.75230089396251, -308.31251563839686
-50.34293387602844, -307.01717908834934
-50.34293387602844, -316.7818470525698
-50.34293387602844, -334.9477992499673
-40.514272942926084, -330.03346878341614
-35.56282512856944, -332.50919269059443
-35.56282512856944, -330.3386586767652
-35.56282512856944, -329.60869886749356
-35.56282512856944, -327.3824830656427
-35.56282512856944, -322.0079661647862
-35.56282512856944, -314.58249527267395
-35.56282512856944, -312.3562794708231
-35.56282512856944, -309.4557947958261
-40.514272942926084, -311.9315095549005
-47.75230089396251, -308.31251563839686
Holes:
Exterior:
-47.75230089396251, 341.28508531972875
-50.34293387602844, 342.5804260666026
-50.34293387602844, 332.8157581023821
-50.34293387602844, 314.6497883354819
-40.514272942926084, 319.5641188020331
-36.86792676518712, 317.74094908158787
-35.56282512856944, 317.0883994689067
-35.56282512856944, 319.25891976058017
-35.56282512856944, 319.98888871795566
-35.56282512856944, 322.2151045198065
-35.56282512856944, 329.6405975415676
-35.56282512856944, 335.0151304597479
-35.56282512856944, 337.24131422695115
-35.56282512856944, 340.141801937727
-36.86792676518712, 339.48925111941816
-40.514272942926084, 337.6660780305487
-47.75230089396251, 341.28508531972875
Holes:
Exterior:
-47.75230089396251, -380.5088028147842
-50.34293387602844, -379.21352317007114
-50.34293387602844, -393.1204522133341
-50.34293387602844, -402.7550193134702
-50.34293387602844, -406.85514012765185
-46.78757594900787, -407.84423365080175
-35.56282512856944, -410.9669658234815
-35.56282512856944, -401.8383733823552
-35.56282512856944, -399.04775905351056
-35.56282512856944, -390.8486859866419
-35.56282512856944, -386.7788453703302
-35.56282512856944, -384.5525654991841
-35.56282512856944, -381.6520777476409
-36.86792676518712, -382.3046237434389
-40.514272942926084, -384.12778335861145
-47.75230089396251, -380.5088028147842
Holes:
Exterior:
-67.04611261023399, 141.80902999588073
-67.05785925184091, 149.02259614354693
-67.0663041776894, 154.60905593582214
-74.28826292020904, 154.60905593582214
-75.54453990034631, 154.60905593582214
-75.54453990034631, 145.62984660421006
-75.54453990034631, 141.80902999588073
-72.33342324068201, 141.80902999588073
-67.04611261023399, 141.80902999588073
Holes:
Exterior:
-67.04611261023399, -134.17645889572083
-74.2867068888375, -134.17645889572083
-75.54453990034631, -134.17645889572083
-75.54453990034631, -143.155641467258
-75.54453990034631, -146.97644668868958
-72.3282424539641, -146.97644668868958
-67.0663041776894, -146.97644668868958
-67.05459602375038, -139.78804209870074
-67.04611261023399, -134.17645889572083
Holes:
Exterior:
0.7801301332457911, -291.2843843107599
-3.1173587992311695, -293.233100164435
-8.660351712638203, -296.0045559284672
-8.660351712638203, -296.4218578224134
-8.660351712638203, -314.1065055300211
1.973092075625459, -308.78975416692435
6.11975703482085, -306.7164101954782
6.11975703482085, -291.7424297157358
6.11975703482085, -281.15406397221784
6.11975703482085, -278.0261985249246
6.11975703482085, -269.55885042680006
6.11975703482085, -265.9483077575042
6.11975703482085, -261.80359192638525
6.11975703482085, -251.11757862927118
1.973092075625459, -250.14084303295954
-8.660351712638203, -247.63400289671625
-8.660351712638203, -247.94780703348388
-8.660351712638203, -248.27924995260545
-8.660351712638203, -272.84394977089136
-8.660351712638203, -273.7640723121932
0.7801301332457911, -278.4842439299005
-3.1173587992311695, -278.4842439299005
-8.660351712638203, -278.4842439299005
-8.660351712638203, -279.65676786914264
-8.660351712638203, -291.2843843107599
-3.1173587992311695, -291.2843843107599
0.7801301332457911, -291.2843843107599
Holes:
Exterior:
105.61615098489153, -414.6176867638283
94.45512045138423, -418.0689116901121
94.45512045138423, -419.89863549563654
94.45512045138423, -433.11901826107237
131.37613699034074, -421.70219051811915
147.87006615521432, -416.60197671224785
147.87006615521432, -408.217331630536
147.87006615521432, -401.5518940948671
105.61615098489153, -414.6176867638283
Holes:
Exterior:
105.61615098489153, 465.1991232477018
94.45512045138423, 462.09415325221477
94.45512045138423, 459.8681035327457
94.45512045138423, 443.7842930227226
131.37613699034074, 454.0555935022529
147.87006615521432, 458.6441686350368
147.87006615521432, 468.84491158765417
147.87006615521432, 476.954028864529
105.61615098489153, 465.1991232477018
Holes:
Exterior:
105.61615098489153, 437.30041330327555
94.45512045138423, 440.75164142153744
94.45512045138423, 438.92190834045795
94.45512045138423, 425.70159259341244
131.37613699034074, 414.28478512600725
147.87006615521432, 409.1845202366275
147.87006615521432, 417.56918657068417
147.87006615521432, 424.23459031709734
105.61615098489153, 437.30041330327555
Holes:
Exterior:
-39.796601598233224, -240.26538900444186
-50.34293387602844, -237.77424907159067
-50.34293387602844, -240.70109940749543
-50.34293387602844, -244.3822351004221
-50.34293387602844, -247.33350773620094
-50.34293387602844, -262.75144915231107
-40.514272942926084, -257.8371186857599
-35.56282512856944, -260.3128334448343
-35.56282512856944, -256.8886890165964
-35.56282512856944, -252.57456825091725
-35.56282512856944, -246.08533403608646
-35.56282512856944, -241.26662733484005
-39.796601598233224, -240.26538900444186
Holes:
Exterior:
6.11975703482085, 407.2114805574042
1.973092075625459, 407.2114805574042
-8.660351712638203, 407.2114805574042
-8.660351712638203, 406.9163974503186
-8.660351712638203, 394.4114927644354
1.973092075625459, 394.4114927644354
6.11975703482085, 394.4114927644354
6.11975703482085, 402.3350123960488
6.11975703482085, 407.2114805574042
Holes:
