Exterior:
104.982472521374, 3.79474813466261
105.06207529091898, 10.751812994527707
99.36208679934873, 10.751812994527707
92.4458449535066, 10.751812994527707
85.69853871287796, 10.751812994527707
78.90211017072329, 10.751812994527707
78.90211017072329, 0.3897886727122298
78.90211017072329, -11.648241937112918
85.80519011033493, -11.648241937112918
92.4458449535066, -11.648241937112918
99.36208679934873, -11.648241937112918
105.06207529091898, -11.648241937112918
104.982472521374, -4.690987510156497
104.99122379784671, -0.44809077974277445
104.982472521374, 3.79474813466261
Holes:
Exterior:
18.33524622294044, 10.75181299452771
12.983630194059288, 10.75181299452771
-7.530109266349655, 10.75181299452771
-7.530109266349655, -10.880968536095127
-7.530109266349655, -11.648241937112916
-6.397602318556665, -11.648241937112916
18.33524622294044, -11.648241937112916
18.33524622294044, 5.108261724316804
18.33524622294044, 10.75181299452771
Holes:
Exterior:
18.33524622294044, -83.80946892929481
18.33524622294044, -83.54683904343771
18.33524622294044, -83.3705336222149
18.33524622294044, -82.43972052996567
18.33524622294044, -81.59320153171522
18.33524622294044, -66.84326446252632
18.33524622294044, -62.345830252468545
9.159482343762875, -62.08546753967342
-7.530109266349655, -61.61189962704298
-7.530109266349655, -63.96431798155973
-7.530109266349655, -72.18447411467055
-7.530109266349655, -79.6977487050986
-7.530109266349655, -80.44304050988208
-7.530109266349655, -81.5532497153786
-7.530109266349655, -83.68216668099551
4.910387981914937, -83.96032596012469
5.403244644840015, -83.96935263982917
17.64257522175103, -84.29247768751367
18.33524622294044, -84.31308321830544
18.33524622294044, -83.80946892929481
Holes:
Exterior:
18.33524622294044, 34.70090767057804
18.33524622294044, 35.62666827097867
4.924975438859974, 31.30515872353653
-7.530109266349655, 27.291461436255744
-7.530109266349655, 26.19671148827701
-7.530109266349655, 12.063339430545918
-4.106429611950489, 13.166630294442982
18.33524622294044, 20.398526505106123
18.33524622294044, 34.70090767057804
Holes:
Exterior:
18.33524622294044, 80.69671240766849
18.33524622294044, 82.47402838568435
18.33524622294044, 82.6503428020174
18.33524622294044, 82.91296668982473
18.33524622294044, 83.41658092482464
5.8332193248800195, 83.08620801031611
5.401976326248359, 83.0728231787393
-5.033535393289867, 82.83321754353437
-7.530109266349655, 82.7856738855507
-7.530109266349655, 80.65675714825207
-7.530109266349655, 79.54657329817178
-7.530109266349655, 78.80124346856806
-7.530109266349655, 74.86648578852667
-7.530109266349655, 71.28803699006794
-7.530109266349655, 69.28270070307408
-7.530109266349655, 60.715465378326506
-4.306255764882735, 60.80693816330566
18.33524622294044, 61.44936228152153
18.33524622294044, 78.75216118590046
18.33524622294044, 80.69671240766849
Holes:
Exterior:
18.33524622294044, -36.52309721356387
18.33524622294044, -28.47084693187391
18.33524622294044, -21.294955447691336
8.947457320453395, -18.269712792468287
-7.530109266349655, -12.959768373131126
-7.530109266349655, -14.904259725129473
-7.530109266349655, -28.18789037884095
9.992719725876896, -33.83468707723409
18.33524622294044, -36.52309721356387
Holes:
Exterior:
18.33524622294044, 51.65879350927756
8.874999501716957, 54.433310312530466
-7.530109266349655, 59.244627741924695
-7.530109266349655, 57.349770397317954
-7.530109266349655, 44.40508868557661
9.992719725876896, 39.26602804139327
18.33524622294044, 36.81934836352078
18.33524622294044, 44.75455068913671
18.33524622294044, 51.65879350927756
Holes:
Exterior:
18.33524622294044, -37.715777306105984
4.924975438859974, -41.648715009537405
-7.530109266349655, -45.30151762816181
-7.530109266349655, -46.38035423026325
-7.530109266349655, -60.1410566845099
-4.034613192207871, -59.11589181522017
18.33524622294044, -52.55522245186276
18.33524622294044, -38.617915932649964
18.33524622294044, -37.715777306105984
Holes:
Exterior:
44.38085933192974, 44.020093023824586
40.53880382156308, 45.14690370134314
38.82854342511473, 45.64847917518771
36.07574581167751, 46.455830451598864
36.07572671705316, 41.343688685138005
36.07561209793221, 31.616424504840037
36.07559592191319, 28.519349719324875
36.07559592191319, 26.115406505857834
40.8206896310478, 27.64451814387483
44.8154265200767, 28.931872554504505
45.01257319911724, 28.995373785543332
53.83368542002154, 26.408321727389726
64.0805390506705, 23.40310838350401
64.0805390506705, 28.010009539738967
64.08041667812995, 35.14008156760061
64.08042368563633, 38.242634688950766
64.08056529352984, 50.36842141388299
57.954558711338905, 48.394285273007895
53.62101287905102, 46.997742420669
44.8154265200767, 44.160120228894115
44.38085933192974, 44.020093023824586
Holes:
Exterior:
44.38085933192974, -44.91652196640979
44.8154265200767, -45.05654917147932
53.62101287905102, -47.8941713632542
64.08056529352984, -51.264850356468195
64.08056529352984, -46.43031704403412
64.08042368563633, -39.13912438166041
64.08041667812995, -36.03657085299031
64.0805390506705, -24.29953732608922
58.16105685144885, -26.035573446277816
53.83368542002154, -27.304750669974936
45.01257319911724, -29.891802728128543
44.8154265200767, -29.828301497089715
40.8206896310478, -28.5409600136794
39.03334567083289, -27.96497902643043
36.07559592191319, -27.011835448443044
36.07561209793221, -32.51285344742524
36.07572671705316, -42.24011762772321
36.07574581167751, -45.150717040286985
36.07574581167751, -47.35225939418407
40.53880382156308, -46.043344802793584
44.38085933192974, -44.91652196640979
Holes:
Exterior:
-72.2523762689209, -59.85268563201952
-76.65912305840902, -59.733632395157734
-79.8636661053547, -59.660637690326475
-84.45663679487575, -59.53943689422188
-88.3529683193724, -59.44940486364803
-88.37222472375674, -65.76563504198582
-88.42909305892317, -81.708851187712
-63.548212651223366, -82.21508508251856
-63.45373985064816, -82.21729828667044
-63.45373985064816, -69.47949089927877
-63.45373985064816, -69.34455166168756
-63.45373985064816, -60.079602526538025
-72.2523762689209, -59.85268563201952
Holes:
Exterior:
44.8154265200767, 62.199598360167606
45.66629623738936, 62.22467593685992
46.92092689995752, 62.26168204956527
54.50889011878644, 62.482555810267264
64.08055621703829, 62.76785460395348
64.08055621703829, 65.34994375747233
64.08056529353007, 71.81248880377402
53.62101287905102, 71.52262317012003
48.11717309675032, 71.37915689833177
40.8206896310478, 71.17902069501716
39.70936825280455, 71.15098467815892
36.07560256955094, 71.05609750895142
36.07560256955094, 63.95766131518142
36.07559592191319, 61.9518727343165
40.8206896310478, 62.085156297145296
44.8154265200767, 62.199598360167606
Holes:
Exterior:
-41.62774662510151, -76.35138219590199
-39.397637822701654, -76.40752491500307
-32.75335587160521, -76.57480063800287
-28.82714848057026, -76.67364782090199
-28.82714848057026, -72.65933591534589
-28.82714848057026, -70.26541417832387
-22.659123846499142, -70.4218868837421
-22.42730717197651, -70.42776769394887
-22.42730717197651, -69.50978930099636
-22.42730717197651, -49.670702874612914
-22.42730717197651, -48.508318938643775
-22.42730717197651, -23.38720983262073
-22.42730717197651, -21.358261878657505
-22.42730717197651, 22.49078089003552
-22.42730717197651, 47.61188999605857
-22.42730717197651, 48.77427393202771
-22.42730717197651, 68.61328743855526
-22.42730717197651, 69.53126245741832
-22.659123846499142, 69.52538441075019
-28.82714848057026, 69.36898523573863
-28.82714848057026, 73.38324934845352
-28.82714848057026, 75.77714258437145
-32.75335587160521, 75.67832932294895
-39.39763782270188, 75.51109597241783
-41.62774662510151, 75.45495325331676
-41.62774662510151, 71.5948634863753
-41.62774662510151, 69.04687219862926
-47.445876102816555, 68.90162704929288
-48.02728275791401, 68.88711267714488
-48.02728275791401, 66.71635337685233
-48.02728275791401, 48.77427393202771
-48.02728275791401, 24.384226720344017
-48.02728275791401, 21.43334680800427
-48.02728275791401, -17.606532172904792
-48.02728275791401, -22.329852044534793
-48.02728275791401, -25.280723722542554
-48.02728275791401, -49.670702874612914
-48.02728275791401, -51.84146217490547
-48.02728275791401, -69.78354161973012
-47.445876102816555, -69.79806292328793
-41.62774662510151, -69.9433774351598
-41.62774662510151, -73.80342124427472
-41.62774662510151, -76.35138219590199
Holes:
Exterior:
-50.57268468393204, -20.433492122150735
-50.57268468393204, 15.56020610785439
-50.57268468393204, 19.537000430467735
-50.57267140595036, 21.35633451095217
-50.57267140595036, 22.114142523752584
-63.29863294796951, 25.517961927677764
-63.37287560240816, 25.537818815794747
-63.37287560240816, 11.137714699090417
-63.37287445662264, 11.021522785958012
-63.08676384712044, 10.944997485196891
-62.36474613682026, 10.751812994527711
-63.08676384712044, 10.751812994527711
-63.29863294796951, 10.751812994527711
-63.37287476237361, 10.751812994527711
-63.37287476237361, -11.547834440700852
-63.37287476237361, -11.648241937112914
-63.08676384712044, -11.648241937112914
-62.36474613682026, -11.648241937112914
-63.08676384712044, -11.841426427782094
-63.29863294796951, -11.898094483544222
-63.37287445662264, -11.917951728543215
-63.37287445662264, -26.368549683248393
-63.37287560240816, -26.434247758379957
-51.47876723895479, -23.252988911177237
-50.57267140595036, -23.01064377743779
-50.57268468393204, -20.433492122150735
Holes:
Exterior:
104.94127388415632, -64.8725959578352
95.25635738625715, -64.59034358078925
80.54428973122049, -64.16381147019918
78.92074406579286, -64.1168221699504
78.92075224013479, -74.24058906500318
78.92075224013479, -79.05624380190763
78.92075224013479, -85.95023892339954
85.69853871287796, -86.12405770347715
89.272168469279, -86.24045332592884
105.06207529091898, -86.75587909965313
105.05661799483289, -78.32928104438706
104.93947828983778, -65.90436433256377
104.94127388415632, -64.8725959578352
Holes:
Exterior:
104.94127388415632, 63.976167015250006
104.93947828983778, 65.0079317974268
105.06207529091898, 85.85937386312261
91.74726072559758, 85.42460214644287
89.272168469279, 85.34394808939832
85.69853871287796, 85.22755246694663
78.92075224013479, 85.05376895392057
78.92075224013479, 78.15981485932242
78.92074406579286, 64.10298845974965
78.92074406579286, 63.22032445326181
91.60093667414924, 63.58835664383782
95.25635738625715, 63.693914638204056
104.94127388415632, 63.976167015250006
Holes:
Exterior:
-50.57267140595036, -48.924194193977215
-63.29863294796951, -45.191868602253834
-63.37287560240816, -45.17009495662063
-63.37287560240816, -59.89079339837363
-63.37287476237361, -60.00957142620687
-63.10327152744526, -60.08864110703479
-63.29863294796951, -60.083456650966475
-63.37287543713046, -60.081552221017894
-63.37287543713046, -69.3595321132907
-63.37287476237361, -69.40359701083837
-51.09462312434357, -69.70931210232662
-50.57267140595036, -69.7213096616499
-50.5726611373193, -68.14668777665932
-50.5726611373193, -51.4296319332746
-50.57267140595036, -49.69886955669568
-50.57267140595036, -48.924194193977215
Holes:
Exterior:
-50.57267140595036, 68.3343375584252
-50.57267140595036, 68.82487673621935
-63.29863294796951, 68.50890523187083
-63.37287476237361, 68.50716806825314
-63.37287543713046, 68.46310317070547
-63.37287543713046, 59.185047340212286
-63.10327152744526, 59.19213587050427
-63.29863294796951, 59.13484090478582
-63.37287476237361, 59.1130665316614
-63.37287476237361, 44.34018240589162
-63.37287560240816, 44.27366601403543
-51.47876723895479, 47.762026498550696
-50.57267140595036, 48.027765251392005
-50.5726611373193, 50.53319010948062
-50.5726611373193, 67.25024595286531
-50.57267140595036, 68.3343375584252
Holes:
Exterior:
39.01583982400325, -62.93170914114688
36.07559592191319, -62.848301676901706
36.07559592191319, -70.49893717240252
36.07560256955094, -71.95248352117845
40.8206896310478, -72.07538627087641
48.11717309675032, -72.27558584091697
53.62101287905102, -72.41905211270523
64.08056529353007, -72.70891774635922
64.08055621703829, -66.24642699593547
64.08055621703829, -63.66433784241661
58.58969487338413, -63.50244067969591
54.50889011878644, -63.37906104679778
46.92092689995752, -63.15814388518923
45.66629623738936, -63.121131007464236
40.8206896310478, -62.9815852397305
39.01583982400325, -62.93170914114688
Holes:
Exterior:
-80.86304390287614, 10.751812994527711
-88.42909305892317, 10.751812994527711
-88.41393484423702, 5.347512604617858
-88.36310781423003, -0.4482907652379152
-88.3704660959304, -3.594366770614769
-88.42909305892317, -11.648241937112914
-80.86304390287637, -11.648241937112914
-79.17116703135616, -11.648241937112914
-73.93407494123471, -11.648241937112914
-63.489991297615916, -11.648241937112914
-63.45353318496586, -11.648241937112914
-63.45353318496586, -11.512560925561294
-63.45353318496586, 10.751812994527711
-72.15268475765106, 10.751812994527711
-73.93407494123471, 10.751812994527711
-79.17116703135616, 10.751812994527711
-80.86304390287614, 10.751812994527711
Holes:
Exterior:
-11.721365020046505, -61.370278190510035
-8.633833409945282, -60.46475872662379
-8.633825074422703, -59.083769374109295
-8.633825074422703, -45.62521321830574
-9.484435953927687, -45.87467869538811
-21.44909940386583, -49.38381226589232
-21.44909940386583, -49.72376777964366
-21.449100592974446, -50.789930765372766
-21.449100592974446, -69.58015059439512
-21.44909884334129, -70.45303693346898
-20.53749080330749, -70.4767421894082
-8.633831764425167, -70.7817114208723
-8.633831764425167, -63.309301686577726
-8.633829142522245, -61.58052479830242
-9.484435953927687, -61.55590837366913
-11.721365020046505, -61.493053227830785
-12.103820843851508, -61.48245519394885
-11.721365020046505, -61.370278190510035
Holes:
Exterior:
-11.721365020046505, 60.596605904053725
-8.633829142522245, 60.68409585571722
-8.633829142522245, 61.16008587389867
-8.633831764425167, 62.41285836617447
-8.633831764425167, 69.88526810046902
-9.964913304489528, 69.85019290820931
-21.44909884334129, 69.55653450588014
-21.44909940386583, 69.34719132872632
-21.449100592974446, 68.68364535786458
-21.449100592974446, 49.89349459352054
-21.44909940386583, 48.487383323307114
-21.029620802829868, 48.36435785252303
-8.633825074422703, 44.728784275720535
-8.633833409945282, 45.515049095524745
-8.633833409945282, 59.568329784038596
-9.484435953927687, 59.81779852185194
-11.721365020046505, 60.473830866732975
-11.952722090882844, 60.54165450227794
-12.103820843851508, 60.585949957418336
-11.952722090882844, 60.59015985604738
-11.721365020046505, 60.596605904053725
Holes:
Exterior:
-69.31963368559468, 27.12824974589436
-73.92772477587914, 28.36074077411658
-73.92424387678784, 18.718484867222124
-73.92741855845725, 13.844399865064927
-72.15278843250735, 13.369746296840878
-63.453539590661194, 11.043097404895976
-63.453539590661194, 25.471461678319272
-63.45344661002241, 25.55936828079935
-69.31963368559468, 27.12824974589436
Holes:
Exterior:
-69.31963368559468, -43.426106470477485
-73.92772477587914, -42.074650769317266
-73.92403263648339, -52.14787540574718
-73.92707216041572, -56.91421902852646
-72.24787640872364, -57.40672239138498
-63.453542016850406, -59.98591419939129
-63.453542016850406, -45.23632848150738
-63.45344661002241, -45.146465352030475
-69.31963368559468, -43.426106470477485
Holes:
Exterior:
-11.599975629007758, 10.75181299452771
-8.633829142522245, 11.707662445954828
-8.633825074422703, 13.124824318997087
-8.633825074422703, 26.935784919424208
-9.484435953927687, 26.661672405506664
-21.44909940386583, 22.806012048641612
-21.44909940386583, 22.45715325020839
-21.44909958623657, 21.43021048092132
-21.44909958623657, -20.302880977747286
-21.44909958623657, -22.32663942350653
-21.44909940386583, -23.702440991226823
-21.029620802829868, -23.837619559344734
-8.633825074422703, -27.832213862009418
-8.633829142522245, -27.03435128917313
-8.633829142522245, -12.604091388540036
-9.484435953927687, -12.329982451607497
-11.599975629007758, -11.648241937112916
-8.633829142522245, -11.648241937112916
-8.633829142522245, -10.474617968436236
-8.633829142522245, 10.75181299452771
-9.484435953927687, 10.75181299452771
-11.599975629007758, 10.75181299452771
Holes:
Exterior:
64.08056529352984, 10.751812994527707
58.00749588283293, 10.751812994527707
53.62101287905102, 10.751812994527707
48.11717309675032, 10.751812994527707
40.8206896310478, 10.75181299452771
39.03334567083289, 10.75181299452771
36.07559592191319, 10.75181299452771
36.07559592191319, -8.11212165855125
36.07559592191319, -11.648241937112916
40.8206896310478, -11.648241937112916
48.11717309675032, -11.648241937112918
53.62101287905102, -11.648241937112918
64.08056529353007, -11.648241937112918
64.08056529352984, 3.640447014581472
64.08056529352984, 10.751812994527707
Holes:
Exterior:
-76.65912305840902, 58.83712715862722
-63.64189923091931, 59.17802996747377
-63.45373985064816, 59.183097752386296
-63.45373985064816, 68.44812271910233
-63.45373985064816, 68.58306195669354
-63.45373985064816, 81.32094517565174
-71.73606618602798, 81.18401907964748
-88.42909305892317, 80.81238809924174
-88.39062101152763, 68.69028322661917
-88.3529683193724, 58.552928380894656
-84.45663679487575, 58.64297279711845
-76.65912305840902, 58.83712715862722
Holes:
Exterior:
-73.92772477587914, 41.17822182673206
-63.612658374590865, 44.203343297937195
-63.45344661002241, 44.25003640944527
-63.45344661002241, 58.93516229217895
-63.453542016850406, 59.089409425020015
-72.24787640872364, 56.510229220568746
-73.92707216041572, 56.01772752172017
-73.93501305682753, 46.286958185790006
-73.92772477587914, 41.17822182673206
Holes:
Exterior:
-73.92772477587914, -29.25720548345519
-63.612658374590865, -26.498379889910375
-63.45344661002241, -26.45579722338456
-63.45344661002241, -12.09041709322733
-63.453539590661194, -11.939526347481179
-72.15278843250735, -14.266175239426081
-73.92741855845725, -14.74082880765013
-73.9348389035224, -24.22092072193614
-73.92772477587914, -29.25720548345519
Holes:
Exterior:
89.65030434466712, -59.504826154134065
89.64522875593286, -52.651625144921596
89.64864410692974, -44.27606959324305
85.07733649457805, -42.80292498248775
78.89501116013457, -40.81064910261243
78.89501116013457, -44.79980914589666
78.9029041921201, -56.041419703224804
85.91764771544979, -58.30195656853266
89.65030434466712, -59.504826154134065
Holes:
Exterior:
89.65030434466712, 58.60839721154886
85.91764771544979, 57.40550132533572
78.9029041921201, 55.14495546708976
78.9029041921201, 46.961276530353786
78.89501116013457, 39.91416385185368
81.51124621097642, 40.75726838261606
89.64864410692974, 43.37959531085167
89.64522875593286, 51.755161875730586
89.65030434466712, 58.60839721154886
Holes:
Exterior:
85.07733649457805, 32.08461370944616
78.89501116013457, 33.89778702164335
78.89501116013457, 30.010494457019533
78.9026659819599, 19.05607816885694
85.8055451298768, 17.03149222928863
89.65065381208001, 15.903774929214551
89.64547274105803, 22.74995242725943
89.64864410692974, 30.74392999188228
85.07733649457805, 32.08461370944616
Holes:
Exterior:
89.65065381208001, -16.800203871799766
85.8055451298768, -17.927921171873848
78.9026659819599, -19.952507111442156
78.9026659819599, -27.92725324010647
78.89501116013457, -34.794272272402104
81.51124621097642, -34.02697823225898
89.64864410692974, -31.640404274273678
89.64547274105803, -23.64641655995772
89.65065381208001, -16.800203871799766
Holes:
